975	976	4.863572	0.143403	0.000000	14.340344
975	977	3.287357	0.143403	0.000000	14.340344
977	978	3.729047	0.143403	0.000000	14.340344
978	979	4.378967	0.143403	0.000000	14.340344
978	980	3.707088	0.143403	0.000000	14.340344
980	981	3.710231	0.143403	0.000000	14.340344
981	982	4.299890	0.143403	0.000000	14.340344
981	983	4.385728	0.143403	0.000000	14.340344
983	984	3.753484	0.143403	0.000000	14.340344
984	985	4.863403	0.143403	0.000000	14.340344
984	986	3.686095	0.143403	0.000000	14.340344
986	987	3.744736	0.143403	0.000000	14.340344
987	988	4.863624	0.143403	0.000000	14.340344
987	989	3.287065	0.143403	0.000000	14.340344
989	990	3.728921	0.143403	0.000000	14.340344
990	991	4.378767	0.143403	0.000000	14.340344
990	992	4.191536	0.143403	0.000000	14.340344
992	993	3.751560	0.143403	0.000000	14.340344
993	994	4.863640	0.143403	0.000000	14.340344
993	995	3.287498	0.143403	0.000000	14.340344
995	996	3.728896	0.143403	0.000000	14.340344
996	997	4.378747	0.143403	0.000000	14.340344
996	998	3.707223	0.143403	0.000000	14.340344
998	999	3.710041	0.143403	0.000000	14.340344
999	1000	4.299668	0.143403	0.000000	14.340344
999	1001	3.538406	0.143403	0.000000	14.340344
1001	1002	3.785630	0.143403	0.000000	14.340344
1002	1003	4.299688	0.143403	0.000000	14.340344
1002	1004	4.385539	0.143403	0.000000	14.340344
1004	1005	3.753325	0.143403	0.000000	14.340344
1005	1006	4.863591	0.143403	0.000000	14.340344
1005	1007	3.018536	0.143403	0.000000	14.340344
1007	1008	3.704162	0.143403	0.000000	14.340344
1008	1009	4.299784	0.143403	0.000000	14.340344
1008	1010	3.538310	0.143403	0.000000	14.340344
1010	1011	3.785408	0.143403	0.000000	14.340344
1011	1012	4.299606	0.143403	0.000000	14.340344
1011	1013	3.998909	0.143403	0.000000	14.340344
1013	1014	3.784123	0.143403	0.000000	14.340344
1014	1015	4.378759	0.143403	0.000000	14.340344
1014	1016	4.391702	0.143403	0.000000	14.340344
1016	1017	3.716178	0.143403	0.000000	14.340344
1017	1018	4.973441	0.143403	0.000000	14.340344
1017	1019	3.255916	0.143403	0.000000	14.340344
1019	1020	3.700031	0.143403	0.000000	14.340344
1020	1021	4.299578	0.143403	0.000000	14.340344
1020	1022	4.385606	0.143403	0.000000	14.340344
1022	1023	3.753393	0.143403	0.000000	14.340344
1023	1024	4.863498	0.143403	0.000000	14.340344
1023	1025	3.835995	0.143403	0.000000	14.340344
1025	1026	3.724747	0.143403	0.000000	14.340344
1026	1027	4.973166	0.143403	0.000000	14.340344
1026	1028	3.735691	0.143403	0.000000	14.340344
1028	1029	3.739499	0.143403	0.000000	14.340344
1029	1030	4.863949	0.143403	0.000000	14.340344
1029	1031	3.287567	0.143403	0.000000	14.340344
1031	1032	3.728836	0.143403	0.000000	14.340344
1032	1033	4.378599	0.143403	0.000000	14.340344
1032	1034	4.191460	0.143403	0.000000	14.340344
1034	1035	3.751734	0.143403	0.000000	14.340344
1035	1036	4.863689	0.143403	0.000000	14.340344
1035	1037	3.018250	0.143403	0.000000	14.340344
1037	1038	3.704267	0.143403	0.000000	14.340344
1038	1039	4.299827	0.143403	0.000000	14.340344
1038	1040	3.998672	0.143403	0.000000	14.340344
1040	1041	3.784587	0.143403	0.000000	14.340344
1041	1042	4.378537	0.143403	0.000000	14.340344
1041	1043	4.191246	0.143403	0.000000	14.340344
1043	1044	3.751262	0.143403	0.000000	14.340344
1044	1045	4.863644	0.143403	0.000000	14.340344
1044	1046	3.018437	0.143403	0.000000	14.340344
1046	1047	3.703700	0.143403	0.000000	14.340344
1047	1048	4.299952	0.143403	0.000000	14.340344
1047	1049	3.538156	0.143403	0.000000	14.340344
1049	1050	3.785820	0.143403	0.000000	14.340344
1050	1051	4.299652	0.143403	0.000000	14.340344
1050	1052	4.385300	0.143403	0.000000	14.340344
1052	1053	3.753314	0.143403	0.000000	14.340344
1053	1054	4.863649	0.143403	0.000000	14.340344
1053	1055	3.685774	0.143403	0.000000	14.340344
1055	1056	3.744477	0.143403	0.000000	14.340344
1056	1057	4.863875	0.143403	0.000000	14.340344
1056	1058	3.685750	0.143403	0.000000	14.340344
1058	1059	3.744566	0.143403	0.000000	14.340344
1059	1060	4.863623	0.143403	0.000000	14.340344
1059	1061	3.685647	0.143403	0.000000	14.340344
1061	1062	3.744627	0.143403	0.000000	14.340344
1062	1063	4.863522	0.143403	0.000000	14.340344
1062	1064	3.836079	0.143403	0.000000	14.340344
1064	1065	3.724819	0.143403	0.000000	14.340344
1065	1066	4.973479	0.143403	0.000000	14.340344
1065	1067	3.285065	0.143403	0.000000	14.340344
1067	1068	3.759910	0.143403	0.000000	14.340344
1068	1069	4.378683	0.143403	0.000000	14.340344
1068	1070	4.391200	0.143403	0.000000	14.340344
1070	1071	3.716479	0.143403	0.000000	14.340344
1071	1072	4.973421	0.143403	0.000000	14.340344
1071	1073	3.284994	0.143403	0.000000	14.340344
1073	1074	3.759825	0.143403	0.000000	14.340344
1074	1075	4.378821	0.143403	0.000000	14.340344
1074	1076	4.191353	0.143403	0.000000	14.340344
1076	1077	3.751677	0.143403	0.000000	14.340344
1077	1078	4.863685	0.143403	0.000000	14.340344
1077	1079	3.287373	0.143403	0.000000	14.340344
1079	1080	3.728692	0.143403	0.000000	14.340344
1080	1081	4.378611	0.143403	0.000000	14.340344
1080	1082	3.870895	0.143403	0.000000	14.340344
1082	1083	3.758797	0.143403	0.000000	14.340344
1083	1084	4.379114	0.143403	0.000000	14.340344
1083	1085	3.870530	0.143403	0.000000	14.340344
1085	1086	3.759024	0.143403	0.000000	14.340344
1086	1087	4.378761	0.143403	0.000000	14.340344
1086	1088	4.391364	0.143403	0.000000	14.340344
1088	1089	3.716345	0.143403	0.000000	14.340344
1089	1090	4.973287	0.143403	0.000000	14.340344
1089	1091	3.633391	0.143403	0.000000	14.340344
1091	1092	3.766408	0.143403	0.000000	14.340344
1092	1093	4.973369	0.143403	0.000000	14.340344
1092	1094	3.735505	0.143403	0.000000	14.340344
1094	1095	3.739626	0.143403	0.000000	14.340344
1095	1096	4.863492	0.143403	0.000000	14.340344
1095	1097	3.685918	0.143403	0.000000	14.340344
1097	1098	3.744480	0.143403	0.000000	14.340344
1098	1099	4.863578	0.143403	0.000000	14.340344
1098	1100	3.685786	0.143403	0.000000	14.340344
1100	1101	3.744293	0.143403	0.000000	14.340344
1101	1102	4.863561	0.143403	0.000000	14.340344
1101	1103	3.018511	0.143403	0.000000	14.340344
1103	1104	3.704179	0.143403	0.000000	14.340344
1104	1105	4.299699	0.143403	0.000000	14.340344
1104	1106	3.998603	0.143403	0.000000	14.340344
1106	1107	3.784346	0.143403	0.000000	14.340344
1107	1108	4.378811	0.143403	0.000000	14.340344
1107	1109	4.391157	0.143403	0.000000	14.340344
1109	1110	3.716212	0.143403	0.000000	14.340344
1110	1111	4.973280	0.143403	0.000000	14.340344
1110	1112	3.256370	0.143403	0.000000	14.340344
1112	1113	3.699799	0.143403	0.000000	14.340344
1113	1114	4.299674	0.143403	0.000000	14.340344
1113	1115	3.998477	0.143403	0.000000	14.340344
1115	1116	3.784282	0.143403	0.000000	14.340344
1116	1117	4.378569	0.143403	0.000000	14.340344
1116	1118	3.706994	0.143403	0.000000	14.340344
1118	1119	3.710312	0.143403	0.000000	14.340344
1119	1120	4.299815	0.143403	0.000000	14.340344
1119	1121	3.537848	0.143403	0.000000	14.340344
1121	1122	3.785941	0.143403	0.000000	14.340344
1122	1123	4.299639	0.143403	0.000000	14.340344
1122	1124	4.385592	0.143403	0.000000	14.340344
1124	1125	3.753511	0.143403	0.000000	14.340344
1125	1126	4.863515	0.143403	0.000000	14.340344
1125	1127	3.287138	0.143403	0.000000	14.340344
1127	1128	3.729354	0.143403	0.000000	14.340344
1128	1129	4.378781	0.143403	0.000000	14.340344
1128	1130	3.706986	0.143403	0.000000	14.340344
1130	1131	3.710740	0.143403	0.000000	14.340344
1131	1132	4.299789	0.143403	0.000000	14.340344
1131	1133	4.385624	0.143403	0.000000	14.340344
1133	1134	3.753356	0.143403	0.000000	14.340344
1134	1135	4.863506	0.143403	0.000000	14.340344
1134	1136	3.685961	0.143403	0.000000	14.340344
1136	1137	3.744649	0.143403	0.000000	14.340344
1137	1138	4.863662	0.143403	0.000000	14.340344
1137	1139	3.685299	0.143403	0.000000	14.340344
1139	1140	3.744545	0.143403	0.000000	14.340344
1140	1141	4.863797	0.143403	0.000000	14.340344
1140	1142	3.685767	0.143403	0.000000	14.340344
1142	1143	3.744509	0.143403	0.000000	14.340344
1143	1144	4.863616	0.143403	0.000000	14.340344
1143	1145	3.836257	0.143403	0.000000	14.340344
1145	1146	3.724800	0.143403	0.000000	14.340344
1146	1147	4.973208	0.143403	0.000000	14.340344
1146	1148	3.633690	0.143403	0.000000	14.340344
1148	1149	3.766476	0.143403	0.000000	14.340344
1149	1150	4.973515	0.143403	0.000000	14.340344
1149	1151	3.256094	0.143403	0.000000	14.340344
1151	1152	3.699929	0.143403	0.000000	14.340344
1152	1153	4.299612	0.143403	0.000000	14.340344
1152	1154	4.385487	0.143403	0.000000	14.340344
1154	1155	3.753146	0.143403	0.000000	14.340344
1155	1156	4.863537	0.143403	0.000000	14.340344
1155	1157	3.287327	0.143403	0.000000	14.340344
1157	1158	3.728776	0.143403	0.000000	14.340344
1158	1159	4.378762	0.143403	0.000000	14.340344
1158	1160	4.391451	0.143403	0.000000	14.340344
1160	1161	3.716251	0.143403	0.000000	14.340344
1161	1162	4.973131	0.143403	0.000000	14.340344
1161	1163	3.284955	0.143403	0.000000	14.340344
1163	1164	3.759842	0.143403	0.000000	14.340344
1164	1165	4.378909	0.143403	0.000000	14.340344
1164	1166	3.870344	0.143403	0.000000	14.340344
1166	1167	3.759198	0.143403	0.000000	14.340344
1167	1168	4.378834	0.143403	0.000000	14.340344
1167	1169	3.707114	0.143403	0.000000	14.340344
1169	1170	3.710427	0.143403	0.000000	14.340344
1170	1171	4.299835	0.143403	0.000000	14.340344
1170	1172	4.385621	0.143403	0.000000	14.340344
1172	1173	3.753501	0.143403	0.000000	14.340344
1173	1174	4.863660	0.143403	0.000000	14.340344
1173	1175	3.836086	0.143403	0.000000	14.340344
1175	1176	3.724905	0.143403	0.000000	14.340344
1176	1177	4.973753	0.143403	0.000000	14.340344
1176	1178	3.256273	0.143403	0.000000	14.340344
1178	1179	3.699511	0.143403	0.000000	14.340344
1179	1180	4.299716	0.143403	0.000000	14.340344
1179	1181	3.998728	0.143403	0.000000	14.340344
1181	1182	3.784531	0.143403	0.000000	14.340344
1182	1183	4.378543	0.143403	0.000000	14.340344
1182	1184	4.391572	0.143403	0.000000	14.340344
1184	1185	3.715998	0.143403	0.000000	14.340344
1185	1186	4.973295	0.143403	0.000000	14.340344
1185	1187	3.633476	0.143403	0.000000	14.340344
1187	1188	3.766250	0.143403	0.000000	14.340344
1188	1189	4.973457	0.143403	0.000000	14.340344
1188	1190	3.735488	0.143403	0.000000	14.340344
1190	1191	3.739705	0.143403	0.000000	14.340344
1191	1192	4.863561	0.143403	0.000000	14.340344
1191	1193	3.686147	0.143403	0.000000	14.340344
1193	1194	3.744476	0.143403	0.000000	14.340344
1194	1195	4.863632	0.143403	0.000000	14.340344
1194	1196	3.287452	0.143403	0.000000	14.340344
1196	1197	3.729182	0.143403	0.000000	14.340344
1197	1198	4.378924	0.143403	0.000000	14.340344
1197	1199	3.706880	0.143403	0.000000	14.340344
1199	1200	3.709886	0.143403	0.000000	14.340344
1200	1201	4.299644	0.143403	0.000000	14.340344
1200	1202	3.538365	0.143403	0.000000	14.340344
1202	1203	3.785763	0.143403	0.000000	14.340344
1203	1204	4.299661	0.143403	0.000000	14.340344
1203	1205	4.385670	0.143403	0.000000	14.340344
1205	1206	3.753588	0.143403	0.000000	14.340344
1206	1207	4.863927	0.143403	0.000000	14.340344
1206	1208	3.836237	0.143403	0.000000	14.340344
1208	1209	3.724957	0.143403	0.000000	14.340344
1209	1210	4.973250	0.143403	0.000000	14.340344
1209	1211	3.256394	0.143403	0.000000	14.340344
1211	1212	3.699790	0.143403	0.000000	14.340344
1212	1213	4.299936	0.143403	0.000000	14.340344
1212	1214	3.998606	0.143403	0.000000	14.340344
1214	1215	3.784454	0.143403	0.000000	14.340344
1215	1216	4.378958	0.143403	0.000000	14.340344
1215	1217	4.391227	0.143403	0.000000	14.340344
1217	1218	3.716072	0.143403	0.000000	14.340344
1218	1219	4.973464	0.143403	0.000000	14.340344
1218	1220	3.735655	0.143403	0.000000	14.340344
1220	1221	3.739838	0.143403	0.000000	14.340344
1221	1222	4.863499	0.143403	0.000000	14.340344
1221	1223	3.685909	0.143403	0.000000	14.340344
1223	1224	3.744307	0.143403	0.000000	14.340344
1224	1225	4.863526	0.143403	0.000000	14.340344
1224	1226	3.018612	0.143403	0.000000	14.340344
1226	1227	3.704397	0.143403	0.000000	14.340344
1227	1228	4.299685	0.143403	0.000000	14.340344
1227	1229	4.385743	0.143403	0.000000	14.340344
1229	1230	3.753323	0.143403	0.000000	14.340344
1230	1231	4.863443	0.143403	0.000000	14.340344
1230	1232	3.287442	0.143403	0.000000	14.340344
1232	1233	3.728837	0.143403	0.000000	14.340344
1233	1234	4.378890	0.143403	0.000000	14.340344
1233	1235	4.391069	0.143403	0.000000	14.340344
1235	1236	3.716475	0.143403	0.000000	14.340344
1236	1237	4.973372	0.143403	0.000000	14.340344
1236	1238	3.255918	0.143403	0.000000	14.340344
1238	1239	3.699869	0.143403	0.000000	14.340344
1239	1240	4.299608	0.143403	0.000000	14.340344
1239	1241	3.538373	0.143403	0.000000	14.340344
1241	1242	3.785886	0.143403	0.000000	14.340344
1242	1243	4.299788	0.143403	0.000000	14.340344
1242	1244	3.998547	0.143403	0.000000	14.340344
1244	1245	3.784398	0.143403	0.000000	14.340344
1245	1246	4.378614	0.143403	0.000000	14.340344
1245	1247	3.870602	0.143403	0.000000	14.340344
1247	1248	3.758851	0.143403	0.000000	14.340344
1248	1249	4.378466	0.143403	0.000000	14.340344
1248	1250	3.870581	0.143403	0.000000	14.340344
1250	1251	3.759175	0.143403	0.000000	14.340344
1251	1252	4.378860	0.143403	0.000000	14.340344
1251	1253	3.870375	0.143403	0.000000	14.340344
1253	1254	3.758561	0.143403	0.000000	14.340344
1254	1255	4.378696	0.143403	0.000000	14.340344
1254	1256	4.391501	0.143403	0.000000	14.340344
1256	1257	3.715919	0.143403	0.000000	14.340344
1257	1258	4.973445	0.143403	0.000000	14.340344
1257	1259	3.735861	0.143403	0.000000	14.340344
1259	1260	3.739589	0.143403	0.000000	14.340344
1260	1261	4.863747	0.143403	0.000000	14.340344
1260	1262	3.287534	0.143403	0.000000	14.340344
1262	1263	3.728914	0.143403	0.000000	14.340344
1263	1264	4.379111	0.143403	0.000000	14.340344
1263	1265	4.391368	0.143403	0.000000	14.340344
1265	1266	3.716104	0.143403	0.000000	14.340344
1266	1267	4.973478	0.143403	0.000000	14.340344
1266	1268	3.633280	0.143403	0.000000	14.340344
1268	1269	3.766028	0.143403	0.000000	14.340344
1269	1270	4.973497	0.143403	0.000000	14.340344
1269	1271	3.735694	0.143403	0.000000	14.340344
1271	1272	3.739997	0.143403	0.000000	14.340344
1272	1273	4.863647	0.143403	0.000000	14.340344
1272	1274	3.836039	0.143403	0.000000	14.340344
1274	1275	3.724971	0.143403	0.000000	14.340344
1275	1276	4.973404	0.143403	0.000000	14.340344
1275	1277	3.256160	0.143403	0.000000	14.340344
1277	1278	3.699705	0.143403	0.000000	14.340344
1278	1279	4.299833	0.143403	0.000000	14.340344
1278	1280	4.385727	0.143403	0.000000	14.340344
1280	1281	3.753395	0.143403	0.000000	14.340344
1281	1282	4.863991	0.143403	0.000000	14.340344
1281	1283	3.835936	0.143403	0.000000	14.340344
1283	1284	3.724776	0.143403	0.000000	14.340344
1284	1285	4.973693	0.143403	0.000000	14.340344
1284	1286	3.284902	0.143403	0.000000	14.340344
1286	1287	3.759995	0.143403	0.000000	14.340344
1287	1288	4.378873	0.143403	0.000000	14.340344
1287	1289	3.870439	0.143403	0.000000	14.340344
1289	1290	3.758962	0.143403	0.000000	14.340344
1290	1291	4.378808	0.143403	0.000000	14.340344
1290	1292	3.870529	0.143403	0.000000	14.340344
1292	1293	3.759184	0.143403	0.000000	14.340344
1293	1294	4.378703	0.143403	0.000000	14.340344
1293	1295	3.706934	0.143403	0.000000	14.340344
1295	1296	3.710257	0.143403	0.000000	14.340344
1296	1297	4.299795	0.143403	0.000000	14.340344
1296	1298	3.538209	0.143403	0.000000	14.340344
1298	1299	3.785795	0.143403	0.000000	14.340344
1299	1300	4.299766	0.143403	0.000000	14.340344
1299	1301	4.385345	0.143403	0.000000	14.340344
1301	1302	3.753615	0.143403	0.000000	14.340344
1302	1303	4.863852	0.143403	0.000000	14.340344
1302	1304	3.685770	0.143403	0.000000	14.340344
1304	1305	3.744675	0.143403	0.000000	14.340344
1305	1306	4.863684	0.143403	0.000000	14.340344
1305	1307	3.685643	0.143403	0.000000	14.340344
1307	1308	3.744392	0.143403	0.000000	14.340344
1308	1309	4.863890	0.143403	0.000000	14.340344
1308	1310	3.287300	0.143403	0.000000	14.340344
1310	1311	3.728923	0.143403	0.000000	14.340344
1311	1312	4.379125	0.143403	0.000000	14.340344
1311	1313	4.191404	0.143403	0.000000	14.340344
1313	1314	3.751564	0.143403	0.000000	14.340344
1314	1315	4.863514	0.143403	0.000000	14.340344
1314	1316	3.018673	0.143403	0.000000	14.340344
1316	1317	3.703950	0.143403	0.000000	14.340344
1317	1318	4.299862	0.143403	0.000000	14.340344
1317	1319	4.385264	0.143403	0.000000	14.340344
1319	1320	3.753393	0.143403	0.000000	14.340344
1320	1321	4.863791	0.143403	0.000000	14.340344
1320	1322	3.018521	0.143403	0.000000	14.340344
1322	1323	3.704018	0.143403	0.000000	14.340344
1323	1324	4.299828	0.143403	0.000000	14.340344
1323	1325	3.998988	0.143403	0.000000	14.340344
1325	1326	3.784409	0.143403	0.000000	14.340344
1326	1327	4.378866	0.143403	0.000000	14.340344
1326	1328	3.870554	0.143403	0.000000	14.340344
1328	1329	3.759141	0.143403	0.000000	14.340344
1329	1330	4.379022	0.143403	0.000000	14.340344
1329	1331	3.870071	0.143403	0.000000	14.340344
1331	1332	3.759342	0.143403	0.000000	14.340344
1332	1333	4.378542	0.143403	0.000000	14.340344
1332	1334	3.870571	0.143403	0.000000	14.340344
1334	1335	3.759233	0.143403	0.000000	14.340344
1335	1336	4.378562	0.143403	0.000000	14.340344
1335	1337	4.391437	0.143403	0.000000	14.340344
1337	1338	3.716365	0.143403	0.000000	14.340344
1338	1339	4.973381	0.143403	0.000000	14.340344
1338	1340	3.633685	0.143403	0.000000	14.340344
1340	1341	3.766579	0.143403	0.000000	14.340344
1341	1342	4.973623	0.143403	0.000000	14.340344
1341	1343	3.285189	0.143403	0.000000	14.340344
1343	1344	3.759801	0.143403	0.000000	14.340344
1344	1345	4.378874	0.143403	0.000000	14.340344
1344	1346	4.191166	0.143403	0.000000	14.340344
1346	1347	3.751559	0.143403	0.000000	14.340344
1347	1348	4.863900	0.143403	0.000000	14.340344
1347	1349	3.835952	0.143403	0.000000	14.340344
1349	1350	3.724629	0.143403	0.000000	14.340344
1350	1351	4.973299	0.143403	0.000000	14.340344
1350	1352	3.285359	0.143403	0.000000	14.340344
1352	1353	3.759851	0.143403	0.000000	14.340344
1353	1354	4.378834	0.143403	0.000000	14.340344
1353	1355	4.191226	0.143403	0.000000	14.340344
1355	1356	3.751471	0.143403	0.000000	14.340344
1356	1357	4.863552	0.143403	0.000000	14.340344
1356	1358	3.287317	0.143403	0.000000	14.340344
1358	1359	3.728960	0.143403	0.000000	14.340344
1359	1360	4.378894	0.143403	0.000000	14.340344
1359	1361	3.707163	0.143403	0.000000	14.340344
1361	1362	3.710539	0.143403	0.000000	14.340344
1362	1363	4.299620	0.143403	0.000000	14.340344
1362	1364	3.998628	0.143403	0.000000	14.340344
1364	1365	3.784164	0.143403	0.000000	14.340344
1365	1366	4.378801	0.143403	0.000000	14.340344
1365	1367	4.391470	0.143403	0.000000	14.340344
1367	1368	3.716314	0.143403	0.000000	14.340344
1368	1369	4.973352	0.143403	0.000000	14.340344
1368	1370	3.256415	0.143403	0.000000	14.340344
1370	1371	3.699473	0.143403	0.000000	14.340344
1371	1372	4.300002	0.143403	0.000000	14.340344
1371	1373	4.385746	0.143403	0.000000	14.340344
1373	1374	3.753307	0.143403	0.000000	14.340344
1374	1375	4.863776	0.143403	0.000000	14.340344
1374	1376	3.835691	0.143403	0.000000	14.340344
1376	1377	3.725063	0.143403	0.000000	14.340344
1377	1378	4.973551	0.143403	0.000000	14.340344
1377	1379	3.633418	0.143403	0.000000	14.340344
1379	1380	3.766010	0.143403	0.000000	14.340344
1380	1381	4.973138	0.143403	0.000000	14.340344
1380	1382	3.285184	0.143403	0.000000	14.340344
1382	1383	3.759820	0.143403	0.000000	14.340344
1383	1384	4.378689	0.143403	0.000000	14.340344
1383	1385	4.391400	0.143403	0.000000	14.340344
1385	1386	3.716406	0.143403	0.000000	14.340344
1386	1387	4.973223	0.143403	0.000000	14.340344
1386	1388	3.633364	0.143403	0.000000	14.340344
1388	1389	3.766242	0.143403	0.000000	14.340344
1389	1390	4.973445	0.143403	0.000000	14.340344
1389	1391	3.735648	0.143403	0.000000	14.340344
1391	1392	3.739772	0.143403	0.000000	14.340344
1392	1393	4.863656	0.143403	0.000000	14.340344
1392	1394	3.287513	0.143403	0.000000	14.340344
1394	1395	3.728558	0.143403	0.000000	14.340344
1395	1396	4.378737	0.143403	0.000000	14.340344
1395	1397	4.191379	0.143403	0.000000	14.340344
1397	1398	3.751746	0.143403	0.000000	14.340344
1398	1399	4.863880	0.143403	0.000000	14.340344
1398	1400	3.287451	0.143403	0.000000	14.340344
1400	1401	3.728912	0.143403	0.000000	14.340344
1401	1402	4.378697	0.143403	0.000000	14.340344
1401	1403	3.870522	0.143403	0.000000	14.340344
1403	1404	3.759209	0.143403	0.000000	14.340344
1404	1405	4.379071	0.143403	0.000000	14.340344
1404	1406	4.391457	0.143403	0.000000	14.340344
1406	1407	3.716446	0.143403	0.000000	14.340344
1407	1408	4.973379	0.143403	0.000000	14.340344
1407	1409	3.735397	0.143403	0.000000	14.340344
1409	1410	3.739816	0.143403	0.000000	14.340344
1410	1411	4.863776	0.143403	0.000000	14.340344
1410	1412	3.287202	0.143403	0.000000	14.340344
1412	1413	3.729287	0.143403	0.000000	14.340344
1413	1414	4.378649	0.143403	0.000000	14.340344
1415	1416	4.863392	0.143403	0.000000	14.340344
1415	1417	3.287352	0.143403	0.000000	14.340344
1417	1418	3.729041	0.143403	0.000000	14.340344
1418	1419	4.378770	0.143403	0.000000	14.340344
1418	1420	3.706958	0.143403	0.000000	14.340344
1420	1421	3.710306	0.143403	0.000000	14.340344
1421	1422	4.299927	0.143403	0.000000	14.340344
1421	1423	4.385634	0.143403	0.000000	14.340344
1423	1424	3.753281	0.143403	0.000000	14.340344
1424	1425	4.863877	0.143403	0.000000	14.340344
1424	1426	3.689651	0.143403	0.000000	14.340344
1426	1427	3.744701	0.143403	0.000000	14.340344
1427	1428	4.863435	0.143403	0.000000	14.340344
1427	1429	3.287393	0.143403	0.000000	14.340344
1429	1430	3.728786	0.143403	0.000000	14.340344
1430	1431	4.378826	0.143403	0.000000	14.340344
1430	1432	4.191228	0.143403	0.000000	14.340344
1432	1433	3.751614	0.143403	0.000000	14.340344
1433	1434	4.863628	0.143403	0.000000	14.340344
1433	1435	3.287252	0.143403	0.000000	14.340344
1435	1436	3.729290	0.143403	0.000000	14.340344
1436	1437	4.378580	0.143403	0.000000	14.340344
1436	1438	3.707054	0.143403	0.000000	14.340344
1438	1439	3.710236	0.143403	0.000000	14.340344
1439	1440	4.299840	0.143403	0.000000	14.340344
1439	1441	3.538184	0.143403	0.000000	14.340344
1441	1442	3.785709	0.143403	0.000000	14.340344
1442	1443	4.299748	0.143403	0.000000	14.340344
1442	1444	4.385564	0.143403	0.000000	14.340344
1444	1445	3.753287	0.143403	0.000000	14.340344
1445	1446	4.863652	0.143403	0.000000	14.340344
1445	1447	3.018583	0.143403	0.000000	14.340344
1447	1448	3.704317	0.143403	0.000000	14.340344
1448	1449	4.299411	0.143403	0.000000	14.340344
1448	1450	3.538081	0.143403	0.000000	14.340344
1450	1451	3.785902	0.143403	0.000000	14.340344
1451	1452	4.299564	0.143403	0.000000	14.340344
1451	1453	3.998812	0.143403	0.000000	14.340344
1453	1454	3.784307	0.143403	0.000000	14.340344
1454	1455	4.378908	0.143403	0.000000	14.340344
1454	1456	4.391170	0.143403	0.000000	14.340344
1456	1457	3.716108	0.143403	0.000000	14.340344
1457	1458	4.973303	0.143403	0.000000	14.340344
1457	1459	3.256324	0.143403	0.000000	14.340344
1459	1460	3.699685	0.143403	0.000000	14.340344
1460	1461	4.299597	0.143403	0.000000	14.340344
1460	1462	4.385675	0.143403	0.000000	14.340344
1462	1463	3.753419	0.143403	0.000000	14.340344
1463	1464	4.863560	0.143403	0.000000	14.340344
1463	1465	3.835835	0.143403	0.000000	14.340344
1465	1466	3.724597	0.143403	0.000000	14.340344
1466	1467	4.973450	0.143403	0.000000	14.340344
1466	1468	3.735748	0.143403	0.000000	14.340344
1468	1469	3.739817	0.143403	0.000000	14.340344
1469	1470	4.863677	0.143403	0.000000	14.340344
1469	1471	3.287498	0.143403	0.000000	14.340344
1471	1472	3.728783	0.143403	0.000000	14.340344
1472	1473	4.378896	0.143403	0.000000	14.340344
1472	1474	4.191285	0.143403	0.000000	14.340344
1474	1475	3.751660	0.143403	0.000000	14.340344
1475	1476	4.863820	0.143403	0.000000	14.340344
1475	1477	3.018467	0.143403	0.000000	14.340344
1477	1478	3.704032	0.143403	0.000000	14.340344
1478	1479	4.299812	0.143403	0.000000	14.340344
1478	1480	3.998386	0.143403	0.000000	14.340344
1480	1481	3.784468	0.143403	0.000000	14.340344
1481	1482	4.378676	0.143403	0.000000	14.340344
1481	1483	4.191486	0.143403	0.000000	14.340344
1483	1484	3.751741	0.143403	0.000000	14.340344
1484	1485	4.863603	0.143403	0.000000	14.340344
1484	1486	3.018631	0.143403	0.000000	14.340344
1486	1487	3.703863	0.143403	0.000000	14.340344
1487	1488	4.299711	0.143403	0.000000	14.340344
1487	1489	3.538179	0.143403	0.000000	14.340344
1489	1490	3.785805	0.143403	0.000000	14.340344
1490	1491	4.299836	0.143403	0.000000	14.340344
1490	1492	4.385671	0.143403	0.000000	14.340344
1492	1493	3.753383	0.143403	0.000000	14.340344
1493	1494	4.863729	0.143403	0.000000	14.340344
1493	1495	3.689677	0.143403	0.000000	14.340344
1495	1496	3.744881	0.143403	0.000000	14.340344
1496	1497	4.863740	0.143403	0.000000	14.340344
1496	1498	3.689777	0.143403	0.000000	14.340344
1498	1499	3.744662	0.143403	0.000000	14.340344
1499	1500	4.863900	0.143403	0.000000	14.340344
1499	1501	3.689792	0.143403	0.000000	14.340344
1501	1502	3.744842	0.143403	0.000000	14.340344
1502	1503	4.863610	0.143403	0.000000	14.340344
1502	1504	3.836075	0.143403	0.000000	14.340344
1504	1505	3.724767	0.143403	0.000000	14.340344
1505	1506	4.973457	0.143403	0.000000	14.340344
1505	1507	3.285229	0.143403	0.000000	14.340344
1507	1508	3.760100	0.143403	0.000000	14.340344
1508	1509	4.378779	0.143403	0.000000	14.340344
1508	1510	4.391199	0.143403	0.000000	14.340344
1510	1511	3.716448	0.143403	0.000000	14.340344
1511	1512	4.973152	0.143403	0.000000	14.340344
1511	1513	3.285237	0.143403	0.000000	14.340344
1513	1514	3.760050	0.143403	0.000000	14.340344
1514	1515	4.378806	0.143403	0.000000	14.340344
1514	1516	4.191382	0.143403	0.000000	14.340344
1516	1517	3.751847	0.143403	0.000000	14.340344
1517	1518	4.863693	0.143403	0.000000	14.340344
1517	1519	3.287227	0.143403	0.000000	14.340344
1519	1520	3.728981	0.143403	0.000000	14.340344
1520	1521	4.378881	0.143403	0.000000	14.340344
1520	1522	3.866073	0.143403	0.000000	14.340344
1522	1523	3.758276	0.143403	0.000000	14.340344
1523	1524	4.378831	0.143403	0.000000	14.340344
1523	1525	3.866086	0.143403	0.000000	14.340344
1525	1526	3.758341	0.143403	0.000000	14.340344
1526	1527	4.378830	0.143403	0.000000	14.340344
1526	1528	4.391260	0.143403	0.000000	14.340344
1528	1529	3.716344	0.143403	0.000000	14.340344
1529	1530	4.973725	0.143403	0.000000	14.340344
1529	1531	3.633549	0.143403	0.000000	14.340344
1531	1532	3.766368	0.143403	0.000000	14.340344
1532	1533	4.973272	0.143403	0.000000	14.340344
1532	1534	3.735567	0.143403	0.000000	14.340344
1534	1535	3.739644	0.143403	0.000000	14.340344
1535	1536	4.863540	0.143403	0.000000	14.340344
1535	1537	3.689689	0.143403	0.000000	14.340344
1537	1538	3.744960	0.143403	0.000000	14.340344
1538	1539	4.863789	0.143403	0.000000	14.340344
1538	1540	3.689510	0.143403	0.000000	14.340344
1540	1541	3.745075	0.143403	0.000000	14.340344
1541	1542	4.863928	0.143403	0.000000	14.340344
1541	1543	3.018511	0.143403	0.000000	14.340344
1543	1544	3.703860	0.143403	0.000000	14.340344
1544	1545	4.299333	0.143403	0.000000	14.340344
1544	1546	3.998821	0.143403	0.000000	14.340344
1546	1547	3.784220	0.143403	0.000000	14.340344
1547	1548	4.378604	0.143403	0.000000	14.340344
1547	1549	4.391622	0.143403	0.000000	14.340344
1549	1550	3.716550	0.143403	0.000000	14.340344
1550	1551	4.973553	0.143403	0.000000	14.340344
1550	1552	3.256135	0.143403	0.000000	14.340344
1552	1553	3.699777	0.143403	0.000000	14.340344
1553	1554	4.299842	0.143403	0.000000	14.340344
1553	1555	3.998481	0.143403	0.000000	14.340344
1555	1556	3.784300	0.143403	0.000000	14.340344
1556	1557	4.378691	0.143403	0.000000	14.340344
1556	1558	3.707019	0.143403	0.000000	14.340344
1558	1559	3.710410	0.143403	0.000000	14.340344
1559	1560	4.299746	0.143403	0.000000	14.340344
1559	1561	3.538359	0.143403	0.000000	14.340344
1561	1562	3.785365	0.143403	0.000000	14.340344
1562	1563	4.299779	0.143403	0.000000	14.340344
1562	1564	4.385635	0.143403	0.000000	14.340344
1564	1565	3.753235	0.143403	0.000000	14.340344
1565	1566	4.863898	0.143403	0.000000	14.340344
1565	1567	3.287263	0.143403	0.000000	14.340344
1567	1568	3.728513	0.143403	0.000000	14.340344
1568	1569	4.378894	0.143403	0.000000	14.340344
1568	1570	3.706981	0.143403	0.000000	14.340344
1570	1571	3.710120	0.143403	0.000000	14.340344
1571	1572	4.299729	0.143403	0.000000	14.340344
1571	1573	4.385493	0.143403	0.000000	14.340344
1573	1574	3.753470	0.143403	0.000000	14.340344
1574	1575	4.863917	0.143403	0.000000	14.340344
1574	1576	3.689553	0.143403	0.000000	14.340344
1576	1577	3.745091	0.143403	0.000000	14.340344
1577	1578	4.863530	0.143403	0.000000	14.340344
1577	1579	3.689561	0.143403	0.000000	14.340344
1579	1580	3.745276	0.143403	0.000000	14.340344
1580	1581	4.863535	0.143403	0.000000	14.340344
1580	1582	3.689880	0.143403	0.000000	14.340344
1582	1583	3.744801	0.143403	0.000000	14.340344
1583	1584	4.863993	0.143403	0.000000	14.340344
1583	1585	3.835749	0.143403	0.000000	14.340344
1585	1586	3.724607	0.143403	0.000000	14.340344
1586	1587	4.973521	0.143403	0.000000	14.340344
1586	1588	3.633556	0.143403	0.000000	14.340344
1588	1589	3.766351	0.143403	0.000000	14.340344
1589	1590	4.973509	0.143403	0.000000	14.340344
1589	1591	3.256295	0.143403	0.000000	14.340344
1591	1592	3.699506	0.143403	0.000000	14.340344
1592	1593	4.299901	0.143403	0.000000	14.340344
1592	1594	4.385679	0.143403	0.000000	14.340344
1594	1595	3.753363	0.143403	0.000000	14.340344
1595	1596	4.863791	0.143403	0.000000	14.340344
1595	1597	3.287060	0.143403	0.000000	14.340344
1597	1598	3.729117	0.143403	0.000000	14.340344
1598	1599	4.378854	0.143403	0.000000	14.340344
1598	1600	4.391423	0.143403	0.000000	14.340344
1600	1601	3.716076	0.143403	0.000000	14.340344
1601	1602	4.973505	0.143403	0.000000	14.340344
1601	1603	3.285356	0.143403	0.000000	14.340344
1603	1604	3.760088	0.143403	0.000000	14.340344
1604	1605	4.378844	0.143403	0.000000	14.340344
1604	1606	3.866103	0.143403	0.000000	14.340344
1606	1607	3.758577	0.143403	0.000000	14.340344
1607	1608	4.378495	0.143403	0.000000	14.340344
1607	1609	3.706951	0.143403	0.000000	14.340344
1609	1610	3.710412	0.143403	0.000000	14.340344
1610	1611	4.299622	0.143403	0.000000	14.340344
1610	1612	4.385436	0.143403	0.000000	14.340344
1612	1613	3.753545	0.143403	0.000000	14.340344
1613	1614	4.863776	0.143403	0.000000	14.340344
1613	1615	3.835942	0.143403	0.000000	14.340344
1615	1616	3.724667	0.143403	0.000000	14.340344
1616	1617	4.973522	0.143403	0.000000	14.340344
1616	1618	3.256331	0.143403	0.000000	14.340344
1618	1619	3.699716	0.143403	0.000000	14.340344
1619	1620	4.300021	0.143403	0.000000	14.340344
1619	1621	3.998422	0.143403	0.000000	14.340344
1621	1622	3.784224	0.143403	0.000000	14.340344
1622	1623	4.378633	0.143403	0.000000	14.340344
1622	1624	4.391404	0.143403	0.000000	14.340344
1624	1625	3.716168	0.143403	0.000000	14.340344
1625	1626	4.973484	0.143403	0.000000	14.340344
1625	1627	3.633249	0.143403	0.000000	14.340344
1627	1628	3.766525	0.143403	0.000000	14.340344
1628	1629	4.973227	0.143403	0.000000	14.340344
1628	1630	3.735401	0.143403	0.000000	14.340344
1630	1631	3.739569	0.143403	0.000000	14.340344
1631	1632	4.863781	0.143403	0.000000	14.340344
1631	1633	3.287382	0.143403	0.000000	14.340344
1633	1634	3.728959	0.143403	0.000000	14.340344
1634	1635	4.378506	0.143403	0.000000	14.340344
1634	1636	3.865776	0.143403	0.000000	14.340344
1636	1637	3.758574	0.143403	0.000000	14.340344
1637	1638	4.378608	0.143403	0.000000	14.340344
1637	1639	3.706925	0.143403	0.000000	14.340344
1639	1640	3.710311	0.143403	0.000000	14.340344
1640	1641	4.300010	0.143403	0.000000	14.340344
1640	1642	3.538085	0.143403	0.000000	14.340344
1642	1643	3.785896	0.143403	0.000000	14.340344
1643	1644	4.299780	0.143403	0.000000	14.340344
1643	1645	4.385508	0.143403	0.000000	14.340344
1645	1646	3.753229	0.143403	0.000000	14.340344
1646	1647	4.863753	0.143403	0.000000	14.340344
1646	1648	3.836172	0.143403	0.000000	14.340344
1648	1649	3.724553	0.143403	0.000000	14.340344
1649	1650	4.973460	0.143403	0.000000	14.340344
1649	1651	3.256494	0.143403	0.000000	14.340344
1651	1652	3.700069	0.143403	0.000000	14.340344
1652	1653	4.299728	0.143403	0.000000	14.340344
1652	1654	3.998362	0.143403	0.000000	14.340344
1654	1655	3.784690	0.143403	0.000000	14.340344
1655	1656	4.378542	0.143403	0.000000	14.340344
1655	1657	4.391521	0.143403	0.000000	14.340344
1657	1658	3.716009	0.143403	0.000000	14.340344
1658	1659	4.973598	0.143403	0.000000	14.340344
1658	1660	3.735678	0.143403	0.000000	14.340344
1660	1661	3.739659	0.143403	0.000000	14.340344
1661	1662	4.863789	0.143403	0.000000	14.340344
1661	1663	3.690218	0.143403	0.000000	14.340344
1663	1664	3.744719	0.143403	0.000000	14.340344
1664	1665	4.863627	0.143403	0.000000	14.340344
1664	1666	3.018169	0.143403	0.000000	14.340344
1666	1667	3.704190	0.143403	0.000000	14.340344
1667	1668	4.299924	0.143403	0.000000	14.340344
1667	1669	4.385426	0.143403	0.000000	14.340344
1669	1670	3.753288	0.143403	0.000000	14.340344
1670	1671	4.863766	0.143403	0.000000	14.340344
1670	1672	3.287098	0.143403	0.000000	14.340344
1672	1673	3.729063	0.143403	0.000000	14.340344
1673	1674	4.378956	0.143403	0.000000	14.340344
1673	1675	4.391574	0.143403	0.000000	14.340344
1675	1676	3.716137	0.143403	0.000000	14.340344
1676	1677	4.973058	0.143403	0.000000	14.340344
1676	1678	3.256572	0.143403	0.000000	14.340344
1678	1679	3.699870	0.143403	0.000000	14.340344
1679	1680	4.299970	0.143403	0.000000	14.340344
1679	1681	3.538228	0.143403	0.000000	14.340344
1681	1682	3.785439	0.143403	0.000000	14.340344
1682	1683	4.299745	0.143403	0.000000	14.340344
1682	1684	3.998636	0.143403	0.000000	14.340344
1684	1685	3.784732	0.143403	0.000000	14.340344
1685	1686	4.378993	0.143403	0.000000	14.340344
1685	1687	3.865944	0.143403	0.000000	14.340344
1687	1688	3.758182	0.143403	0.000000	14.340344
1688	1689	4.379075	0.143403	0.000000	14.340344
1688	1690	3.865881	0.143403	0.000000	14.340344
1690	1691	3.758633	0.143403	0.000000	14.340344
1691	1692	4.378640	0.143403	0.000000	14.340344
1691	1693	3.865970	0.143403	0.000000	14.340344
1693	1694	3.758572	0.143403	0.000000	14.340344
1694	1695	4.378957	0.143403	0.000000	14.340344
1694	1696	4.391654	0.143403	0.000000	14.340344
1696	1697	3.716240	0.143403	0.000000	14.340344
1697	1698	4.973584	0.143403	0.000000	14.340344
1697	1699	3.735546	0.143403	0.000000	14.340344
1699	1700	3.739532	0.143403	0.000000	14.340344
1700	1701	4.863731	0.143403	0.000000	14.340344
1700	1702	3.287386	0.143403	0.000000	14.340344
1702	1703	3.729121	0.143403	0.000000	14.340344
1703	1704	4.378975	0.143403	0.000000	14.340344
1703	1705	4.391372	0.143403	0.000000	14.340344
1705	1706	3.716191	0.143403	0.000000	14.340344
1706	1707	4.973325	0.143403	0.000000	14.340344
1706	1708	3.633588	0.143403	0.000000	14.340344
1708	1709	3.766006	0.143403	0.000000	14.340344
1709	1710	4.973341	0.143403	0.000000	14.340344
1709	1711	3.735926	0.143403	0.000000	14.340344
1711	1712	3.739572	0.143403	0.000000	14.340344
1712	1713	4.863755	0.143403	0.000000	14.340344
1712	1714	3.835942	0.143403	0.000000	14.340344
1714	1715	3.724823	0.143403	0.000000	14.340344
1715	1716	4.973529	0.143403	0.000000	14.340344
1715	1717	3.256060	0.143403	0.000000	14.340344
1717	1718	3.699523	0.143403	0.000000	14.340344
1718	1719	4.299735	0.143403	0.000000	14.340344
1718	1720	4.385861	0.143403	0.000000	14.340344
1720	1721	3.753131	0.143403	0.000000	14.340344
1721	1722	4.863598	0.143403	0.000000	14.340344
1721	1723	3.835836	0.143403	0.000000	14.340344
1723	1724	3.724715	0.143403	0.000000	14.340344
1724	1725	4.973571	0.143403	0.000000	14.340344
1724	1726	3.285001	0.143403	0.000000	14.340344
1726	1727	3.760103	0.143403	0.000000	14.340344
1727	1728	4.378859	0.143403	0.000000	14.340344
1727	1729	3.865892	0.143403	0.000000	14.340344
1729	1730	3.758051	0.143403	0.000000	14.340344
1730	1731	4.378817	0.143403	0.000000	14.340344
1730	1732	3.866072	0.143403	0.000000	14.340344
1732	1733	3.758290	0.143403	0.000000	14.340344
1733	1734	4.378940	0.143403	0.000000	14.340344
1733	1735	3.707125	0.143403	0.000000	14.340344
1735	1736	3.710109	0.143403	0.000000	14.340344
1736	1737	4.299643	0.143403	0.000000	14.340344
1736	1738	3.538280	0.143403	0.000000	14.340344
1738	1739	3.785480	0.143403	0.000000	14.340344
1739	1740	4.299720	0.143403	0.000000	14.340344
1739	1741	4.385703	0.143403	0.000000	14.340344
1741	1742	3.753676	0.143403	0.000000	14.340344
1742	1743	4.863261	0.143403	0.000000	14.340344
1742	1744	3.689828	0.143403	0.000000	14.340344
1744	1745	3.745138	0.143403	0.000000	14.340344
1745	1746	4.863532	0.143403	0.000000	14.340344
1745	1747	3.689647	0.143403	0.000000	14.340344
1747	1748	3.745169	0.143403	0.000000	14.340344
1748	1749	4.863888	0.143403	0.000000	14.340344
1748	1750	3.287163	0.143403	0.000000	14.340344
1750	1751	3.728965	0.143403	0.000000	14.340344
1751	1752	4.378950	0.143403	0.000000	14.340344
1751	1753	4.191446	0.143403	0.000000	14.340344
1753	1754	3.751207	0.143403	0.000000	14.340344
1754	1755	4.863723	0.143403	0.000000	14.340344
1754	1756	3.018478	0.143403	0.000000	14.340344
1756	1757	3.704122	0.143403	0.000000	14.340344
1757	1758	4.299509	0.143403	0.000000	14.340344
1757	1759	4.385834	0.143403	0.000000	14.340344
1759	1760	3.753633	0.143403	0.000000	14.340344
1760	1761	4.863624	0.143403	0.000000	14.340344
1760	1762	3.018266	0.143403	0.000000	14.340344
1762	1763	3.704042	0.143403	0.000000	14.340344
1763	1764	4.300036	0.143403	0.000000	14.340344
1763	1765	3.998729	0.143403	0.000000	14.340344
1765	1766	3.784214	0.143403	0.000000	14.340344
1766	1767	4.378824	0.143403	0.000000	14.340344
1766	1768	3.866095	0.143403	0.000000	14.340344
1768	1769	3.758499	0.143403	0.000000	14.340344
1769	1770	4.378871	0.143403	0.000000	14.340344
1769	1771	3.866178	0.143403	0.000000	14.340344
1771	1772	3.758736	0.143403	0.000000	14.340344
1772	1773	4.378755	0.143403	0.000000	14.340344
1772	1774	3.865805	0.143403	0.000000	14.340344
1774	1775	3.758575	0.143403	0.000000	14.340344
1775	1776	4.378846	0.143403	0.000000	14.340344
1775	1777	4.391384	0.143403	0.000000	14.340344
1777	1778	3.716306	0.143403	0.000000	14.340344
1778	1779	4.973543	0.143403	0.000000	14.340344
1778	1780	3.633481	0.143403	0.000000	14.340344
1780	1781	3.766250	0.143403	0.000000	14.340344
1781	1782	4.973569	0.143403	0.000000	14.340344
1781	1783	3.285142	0.143403	0.000000	14.340344
1783	1784	3.759649	0.143403	0.000000	14.340344
1784	1785	4.378756	0.143403	0.000000	14.340344
1784	1786	4.191605	0.143403	0.000000	14.340344
1786	1787	3.751615	0.143403	0.000000	14.340344
1787	1788	4.863615	0.143403	0.000000	14.340344
1787	1789	3.836088	0.143403	0.000000	14.340344
1789	1790	3.724932	0.143403	0.000000	14.340344
1790	1791	4.973506	0.143403	0.000000	14.340344
1790	1792	3.285050	0.143403	0.000000	14.340344
1792	1793	3.759732	0.143403	0.000000	14.340344
1793	1794	4.378739	0.143403	0.000000	14.340344
1793	1795	4.191596	0.143403	0.000000	14.340344
1795	1796	3.751598	0.143403	0.000000	14.340344
1796	1797	4.863893	0.143403	0.000000	14.340344
1796	1798	3.287143	0.143403	0.000000	14.340344
1798	1799	3.729167	0.143403	0.000000	14.340344
1799	1800	4.378607	0.143403	0.000000	14.340344
1799	1801	3.707231	0.143403	0.000000	14.340344
1801	1802	3.710196	0.143403	0.000000	14.340344
1802	1803	4.299963	0.143403	0.000000	14.340344
1802	1804	3.998744	0.143403	0.000000	14.340344
1804	1805	3.784416	0.143403	0.000000	14.340344
1805	1806	4.378822	0.143403	0.000000	14.340344
1805	1807	4.391378	0.143403	0.000000	14.340344
1807	1808	3.716293	0.143403	0.000000	14.340344
1808	1809	4.973416	0.143403	0.000000	14.340344
1808	1810	3.256429	0.143403	0.000000	14.340344
1810	1811	3.699836	0.143403	0.000000	14.340344
1811	1812	4.299673	0.143403	0.000000	14.340344
1811	1813	4.385583	0.143403	0.000000	14.340344
1813	1814	3.753287	0.143403	0.000000	14.340344
1814	1815	4.863689	0.143403	0.000000	14.340344
1814	1816	3.836288	0.143403	0.000000	14.340344
1816	1817	3.724747	0.143403	0.000000	14.340344
1817	1818	4.973493	0.143403	0.000000	14.340344
1817	1819	3.633514	0.143403	0.000000	14.340344
1819	1820	3.766580	0.143403	0.000000	14.340344
1820	1821	4.973246	0.143403	0.000000	14.340344
1820	1822	3.284913	0.143403	0.000000	14.340344
1822	1823	3.760087	0.143403	0.000000	14.340344
1823	1824	4.378670	0.143403	0.000000	14.340344
1823	1825	4.391249	0.143403	0.000000	14.340344
1825	1826	3.716502	0.143403	0.000000	14.340344
1826	1827	4.973414	0.143403	0.000000	14.340344
1826	1828	3.633027	0.143403	0.000000	14.340344
1828	1829	3.766425	0.143403	0.000000	14.340344
1829	1830	4.973617	0.143403	0.000000	14.340344
1829	1831	3.735623	0.143403	0.000000	14.340344
1831	1832	3.739684	0.143403	0.000000	14.340344
1832	1833	4.863799	0.143403	0.000000	14.340344
1832	1834	3.287210	0.143403	0.000000	14.340344
1834	1835	3.728863	0.143403	0.000000	14.340344
1835	1836	4.378817	0.143403	0.000000	14.340344
1835	1837	4.191464	0.143403	0.000000	14.340344
1837	1838	3.751380	0.143403	0.000000	14.340344
1838	1839	4.863836	0.143403	0.000000	14.340344
1838	1840	3.287165	0.143403	0.000000	14.340344
1840	1841	3.729036	0.143403	0.000000	14.340344
1841	1842	4.378891	0.143403	0.000000	14.340344
1841	1843	3.866094	0.143403	0.000000	14.340344
1843	1844	3.758472	0.143403	0.000000	14.340344
1844	1845	4.378694	0.143403	0.000000	14.340344
1844	1846	4.391452	0.143403	0.000000	14.340344
1846	1847	3.716435	0.143403	0.000000	14.340344
1847	1848	4.973424	0.143403	0.000000	14.340344
1847	1849	3.735423	0.143403	0.000000	14.340344
1849	1850	3.739663	0.143403	0.000000	14.340344
1850	1851	4.863735	0.143403	0.000000	14.340344
1850	1852	3.287485	0.143403	0.000000	14.340344
1852	1853	3.729037	0.143403	0.000000	14.340344
1853	1854	4.378795	0.143403	0.000000	14.340344
