976	975	977	111.935829	88.432122
975	977	978	95.226473	35.133843
977	978	979	99.441998	88.432122
977	978	980	112.079468	71.701721
979	978	980	115.454285	91.539197
978	980	981	93.064440	105.640535
980	981	982	103.849860	91.539197
980	981	983	121.232357	71.701721
982	981	983	113.814171	49.235182
981	983	984	95.104723	65.248566
983	984	985	107.534121	49.235182
983	984	986	122.867666	71.701721
985	984	986	113.880047	109.942639
984	986	987	94.775784	84.847036
986	987	988	108.827932	109.942639
986	987	989	117.424300	71.701721
988	987	989	111.931659	88.432122
987	989	990	95.234464	35.133843
989	990	991	99.442205	88.432122
989	990	992	117.235856	71.701721
991	990	992	113.985255	28.680688
990	992	993	94.879622	54.971319
992	993	994	108.413994	28.680688
992	993	995	119.216114	71.701721
994	993	995	111.931930	88.432122
993	995	996	95.227414	35.133843
995	996	997	99.448404	88.432122
995	996	998	112.077028	71.701721
997	996	998	115.452521	91.539197
996	998	999	93.066719	105.640535
998	999	1000	103.853544	91.539197
998	999	1001	122.536192	71.701721
1000	999	1001	112.053297	66.443595
999	1001	1002	98.906911	39.435946
1001	1002	1003	103.507929	66.443595
1001	1002	1004	120.440442	71.701721
1003	1002	1004	113.824035	49.235182
1002	1004	1005	95.107850	65.248566
1004	1005	1006	107.535305	49.235182
1004	1005	1007	115.084674	71.701721
1006	1005	1007	114.230182	105.640535
1005	1007	1008	94.458977	110.898662
1007	1008	1009	105.069106	105.640535
1007	1008	1010	120.353707	71.701721
1009	1008	1010	112.048732	66.443595
1008	1010	1011	98.907382	39.435946
1010	1011	1012	103.510078	66.443595
1010	1011	1013	122.447453	71.701721
1012	1011	1013	111.003906	85.564054
1011	1013	1014	97.477261	87.954111
1013	1014	1015	97.806693	85.564054
1013	1014	1016	113.755155	71.701721
1015	1014	1016	113.395346	49.235182
1014	1016	1017	93.998258	65.248566
1016	1017	1018	111.738073	49.235182
1016	1017	1019	120.392917	71.701721
1018	1017	1019	118.269444	80.305927
1017	1019	1020	92.666440	54.493308
1019	1020	1021	103.131915	80.305927
1019	1020	1022	119.548895	71.701721
1021	1020	1022	113.825556	49.235182
1020	1022	1023	95.104772	65.248566
1022	1023	1024	107.533689	49.235182
1022	1023	1025	116.037334	71.701721
1024	1023	1025	112.203074	85.564054
1023	1025	1026	95.309991	87.954111
1025	1026	1027	112.798799	85.564054
1025	1026	1028	122.182475	71.701721
1027	1026	1028	114.668121	91.539197
1026	1028	1029	94.973228	105.640535
1028	1029	1030	108.062840	91.539197
1028	1029	1031	117.461490	71.701721
1030	1029	1031	111.929361	88.432122
1029	1031	1032	95.228254	35.133843
1031	1032	1033	99.443863	88.432122
1031	1032	1034	117.234043	71.701721
1033	1032	1034	113.988129	28.680688
1032	1034	1035	94.885736	54.971319
1034	1035	1036	108.413975	28.680688
1034	1035	1037	114.666840	71.701721
1036	1035	1037	114.232498	105.640535
1035	1037	1038	94.457540	110.898662
1037	1038	1039	105.063207	105.640535
1037	1038	1040	121.099681	71.701721
1039	1038	1040	111.012824	85.564054
1038	1040	1041	97.469806	87.954111
1040	1041	1042	97.813226	85.564054
1040	1041	1043	119.315783	71.701721
1042	1041	1043	113.985737	28.680688
1041	1043	1044	94.889287	54.971319
1043	1044	1045	108.417008	28.680688
1043	1044	1046	114.683814	71.701721
1045	1044	1046	114.225340	105.640535
1044	1046	1047	94.470140	110.898662
1046	1047	1048	105.064604	105.640535
1046	1047	1049	120.358289	71.701721
1048	1047	1049	112.057278	66.443595
1047	1049	1050	98.908544	39.435946
1049	1050	1051	103.508978	66.443595
1049	1050	1052	120.442968	71.701721
1051	1050	1052	113.822861	49.235182
1050	1052	1053	95.111635	65.248566
1052	1053	1054	107.529515	49.235182
1052	1053	1055	122.877203	71.701721
1054	1053	1055	113.883049	109.942639
1053	1055	1056	94.778673	84.847036
1055	1056	1057	108.827714	109.942639
1055	1056	1058	120.687923	71.701721
1057	1056	1058	113.875471	109.942639
1056	1058	1059	94.780559	84.847036
1058	1059	1060	108.830599	109.942639
1058	1059	1061	120.685503	71.701721
1060	1059	1061	113.875778	109.942639
1059	1061	1062	94.780971	84.847036
1061	1062	1063	108.825114	109.942639
1061	1062	1064	113.819366	71.701721
1063	1062	1064	112.200075	85.564054
1062	1064	1065	95.307724	87.954111
1064	1065	1066	112.802270	85.564054
1064	1065	1067	122.936659	71.701721
1066	1065	1067	111.140897	105.640535
1065	1067	1068	97.648852	110.898662
1067	1068	1069	98.573675	105.640535
1067	1068	1070	111.502519	71.701721
1069	1068	1070	113.401574	49.235182
1068	1070	1071	93.996246	65.248566
1070	1071	1072	111.729863	49.235182
1070	1071	1073	124.731482	71.701721
1072	1071	1073	111.147990	105.640535
1071	1073	1074	97.641024	110.898662
1073	1074	1075	98.575639	105.640535
1073	1074	1076	117.087305	71.701721
1075	1074	1076	113.987166	28.680688
1074	1076	1077	94.884582	54.971319
1076	1077	1078	108.411072	28.680688
1076	1077	1079	119.218118	71.701721
1078	1077	1079	111.926041	88.432122
1077	1079	1080	95.229449	35.133843
1079	1080	1081	99.443921	88.432122
1079	1080	1082	119.308173	71.701721
1081	1080	1082	113.572456	109.942639
1080	1082	1083	95.151263	84.847036
1082	1083	1084	98.270370	109.942639
1082	1083	1085	121.095249	71.701721
1084	1083	1085	113.570337	109.942639
1083	1085	1086	95.153026	84.847036
1085	1086	1087	98.272223	109.942639
1085	1086	1088	113.473830	71.701721
1087	1086	1088	113.399149	49.235182
1086	1088	1089	93.999853	65.248566
1088	1089	1090	111.729713	49.235182
1088	1089	1091	122.316311	71.701721
1090	1089	1091	110.105854	66.443595
1089	1091	1092	97.924669	39.435946
1091	1092	1093	112.656338	66.443595
1091	1092	1094	121.513936	71.701721
1093	1092	1094	114.662049	91.539197
1092	1094	1095	94.975883	105.640535
1094	1095	1096	108.063939	91.539197
1094	1095	1097	120.821198	71.701721
1096	1095	1097	113.876040	109.942639
1095	1097	1098	94.780951	84.847036
1097	1098	1099	108.830615	109.942639
1097	1098	1100	120.687387	71.701721
1099	1098	1100	113.874324	109.942639
1098	1100	1101	94.781492	84.847036
1100	1101	1102	108.828840	109.942639
1100	1101	1103	112.872139	71.701721
1102	1101	1103	114.232225	105.640535
1101	1103	1104	94.459359	110.898662
1103	1104	1105	105.069280	105.640535
1103	1104	1106	121.102894	71.701721
1105	1104	1106	111.007290	85.564054
1104	1106	1107	97.479741	87.954111
1106	1107	1108	97.806898	85.564054
1106	1107	1109	113.760517	71.701721
1108	1107	1109	113.400217	49.235182
1107	1109	1110	93.999008	65.248566
1109	1110	1111	111.738004	49.235182
1109	1110	1112	120.395451	71.701721
1111	1110	1112	118.266908	80.305927
1110	1112	1113	92.668476	54.493308
1112	1113	1114	103.128317	80.305927
1112	1113	1115	121.508317	71.701721
1114	1113	1115	111.007555	85.564054
1113	1115	1116	97.480447	87.954111
1115	1116	1117	97.811490	85.564054
1115	1116	1118	114.155392	71.701721
1117	1116	1118	115.460561	91.539197
1116	1118	1119	93.065763	105.640535
1118	1119	1120	103.845456	91.539197
1118	1119	1121	122.536090	71.701721
1120	1119	1121	112.058676	66.443595
1119	1121	1122	98.909268	39.435946
1121	1122	1123	103.507426	66.443595
1121	1122	1124	120.441805	71.701721
1123	1122	1124	113.829480	49.235182
1122	1124	1125	95.103287	65.248566
1124	1125	1126	107.534989	49.235182
1124	1125	1127	119.636858	71.701721
1126	1125	1127	111.935736	88.432122
1125	1127	1128	95.229576	35.133843
1127	1128	1129	99.438849	88.432122
1127	1128	1130	112.079067	71.701721
1129	1128	1130	115.462746	91.539197
1128	1130	1131	93.058912	105.640535
1130	1131	1132	103.850668	91.539197
1130	1131	1133	121.228887	71.701721
1132	1131	1133	113.824719	49.235182
1131	1133	1134	95.102703	65.248566
1133	1134	1135	107.537995	49.235182
1133	1134	1136	122.877714	71.701721
1135	1134	1136	113.877599	109.942639
1134	1136	1137	94.782761	84.847036
1136	1137	1138	108.829135	109.942639
1136	1137	1139	120.686507	71.701721
1138	1137	1139	113.884674	109.942639
1137	1139	1140	94.783265	84.847036
1139	1140	1141	108.824584	109.942639
1139	1140	1142	120.692730	71.701721
1141	1140	1142	113.879263	109.942639
1140	1142	1143	94.777976	84.847036
1142	1143	1144	108.834272	109.942639
1142	1143	1145	113.818339	71.701721
1144	1143	1145	112.200773	85.564054
1143	1145	1146	95.304852	87.954111
1145	1146	1147	112.801900	85.564054
1145	1146	1148	120.484206	71.701721
1147	1146	1148	110.106826	66.443595
1146	1148	1149	97.921381	39.435946
1148	1149	1150	112.653562	66.443595
1148	1149	1151	118.013010	71.701721
1150	1149	1151	118.269149	80.305927
1149	1151	1152	92.666021	54.493308
1151	1152	1153	103.133338	80.305927
1151	1152	1154	119.554375	71.701721
1153	1152	1154	113.822620	49.235182
1152	1154	1155	95.113384	65.248566
1154	1155	1156	107.531517	49.235182
1154	1155	1157	119.639885	71.701721
1156	1155	1157	111.932489	88.432122
1155	1157	1158	95.230716	35.133843
1157	1158	1159	99.439886	88.432122
1157	1158	1160	111.715100	71.701721
1159	1158	1160	113.392132	49.235182
1158	1160	1161	94.001477	65.248566
1160	1161	1162	111.732411	49.235182
1160	1161	1163	124.728999	71.701721
1162	1161	1163	111.147647	105.640535
1161	1163	1164	97.640614	110.898662
1163	1164	1165	98.573440	105.640535
1163	1164	1166	119.178284	71.701721
1165	1164	1166	113.574927	109.942639
1164	1166	1167	95.154073	84.847036
1166	1167	1168	98.267166	109.942639
1166	1167	1169	113.855898	71.701721
1168	1167	1169	115.457203	91.539197
1167	1169	1170	93.061041	105.640535
1169	1170	1171	103.849808	91.539197
1169	1170	1172	121.232489	71.701721
1171	1170	1172	113.818843	49.235182
1170	1172	1173	95.106567	65.248566
1172	1173	1174	107.533787	49.235182
1172	1173	1175	116.029118	71.701721
1174	1173	1175	112.202462	85.564054
1173	1175	1176	95.302174	87.954111
1175	1176	1177	112.793756	85.564054
1175	1176	1178	118.659086	71.701721
1177	1176	1178	118.264280	80.305927
1176	1178	1179	92.666114	54.493308
1178	1179	1180	103.139134	80.305927
1178	1179	1181	121.499491	71.701721
1180	1179	1181	111.001277	85.564054
1179	1181	1182	97.476852	87.954111
1181	1182	1183	97.803928	85.564054
1181	1182	1184	113.758610	71.701721
1183	1182	1184	113.398368	49.235182
1182	1184	1185	93.999564	65.248566
1184	1185	1186	111.732996	49.235182
1184	1185	1187	122.322854	71.701721
1186	1185	1187	110.098682	66.443595
1185	1187	1188	97.935663	39.435946
1187	1188	1189	112.651909	66.443595
1187	1188	1190	121.515950	71.701721
1189	1188	1190	114.663709	91.539197
1188	1190	1191	94.972524	105.640535
1190	1191	1192	108.064112	91.539197
1190	1191	1193	120.814520	71.701721
1192	1191	1193	113.879974	109.942639
1191	1193	1194	94.771169	84.847036
1193	1194	1195	108.833242	109.942639
1193	1194	1196	117.418507	71.701721
1195	1194	1196	111.930839	88.432122
1194	1196	1197	95.231129	35.133843
1196	1197	1198	99.435979	88.432122
1196	1197	1199	112.084093	71.701721
1198	1197	1199	115.452440	91.539197
1197	1199	1200	93.067712	105.640535
1199	1200	1201	103.857211	91.539197
1199	1200	1202	122.534540	71.701721
1201	1200	1202	112.055464	66.443595
1200	1202	1203	98.904127	39.435946
1202	1203	1204	103.509264	66.443595
1202	1203	1205	120.437536	71.701721
1204	1203	1205	113.827767	49.235182
1203	1205	1206	95.104964	65.248566
1205	1206	1207	107.533404	49.235182
1205	1206	1208	116.035651	71.701721
1207	1206	1208	112.199341	85.564054
1206	1208	1209	95.301717	87.954111
1208	1209	1210	112.799735	85.564054
1208	1209	1211	118.653516	71.701721
1210	1209	1211	118.270289	80.305927
1209	1211	1212	92.667239	54.493308
1211	1212	1213	103.133519	80.305927
1211	1212	1214	121.505040	71.701721
1213	1212	1214	111.006438	85.564054
1212	1214	1215	97.477045	87.954111
1214	1215	1216	97.802633	85.564054
1214	1215	1217	113.757133	71.701721
1216	1215	1217	113.392107	49.235182
1215	1217	1218	94.003666	65.248566
1217	1218	1219	111.732054	49.235182
1217	1218	1220	123.936080	71.701721
1219	1218	1220	114.668088	91.539197
1218	1220	1221	94.965778	105.640535
1220	1221	1222	108.068137	91.539197
1220	1221	1223	120.818421	71.701721
1222	1221	1223	113.876168	109.942639
1221	1223	1224	94.781120	84.847036
1223	1224	1225	108.835923	109.942639
1223	1224	1226	112.863040	71.701721
1225	1224	1226	114.231828	105.640535
1224	1226	1227	94.452348	110.898662
1226	1227	1228	105.066467	105.640535
1226	1227	1229	119.058476	71.701721
1228	1227	1229	113.822965	49.235182
1227	1229	1230	95.106259	65.248566
1229	1230	1231	107.537256	49.235182
1229	1230	1232	119.640775	71.701721
1231	1230	1232	111.930835	88.432122
1230	1232	1233	95.233186	35.133843
1232	1233	1234	99.442763	88.432122
1232	1233	1235	111.712287	71.701721
1234	1233	1235	113.395538	49.235182
1233	1235	1236	94.001733	65.248566
1235	1236	1237	111.726497	49.235182
1235	1236	1238	120.399247	71.701721
1237	1236	1238	118.271504	80.305927
1236	1238	1239	92.666971	54.493308
1238	1239	1240	103.135731	80.305927
1238	1239	1241	120.787420	71.701721
1240	1239	1241	112.057836	66.443595
1239	1241	1242	98.899335	39.435946
1241	1242	1243	103.508354	66.443595
1241	1242	1244	122.438403	71.701721
1243	1242	1244	111.010023	85.564054
1242	1244	1245	97.471205	87.954111
1244	1245	1246	97.808782	85.564054
1244	1245	1247	121.398740	71.701721
1246	1245	1247	113.569620	109.942639
1245	1247	1248	95.151631	84.847036
1247	1248	1249	98.267709	109.942639
1247	1248	1250	121.086783	71.701721
1249	1248	1250	113.581171	109.942639
1248	1250	1251	95.148040	84.847036
1250	1251	1252	98.270425	109.942639
1250	1251	1253	121.100423	71.701721
1252	1251	1253	113.568617	109.942639
1251	1253	1254	95.159902	84.847036
1253	1254	1255	98.267881	109.942639
1253	1254	1256	113.480710	71.701721
1255	1254	1256	113.389836	49.235182
1254	1256	1257	94.000848	65.248566
1256	1257	1258	111.732216	49.235182
1256	1257	1259	123.937943	71.701721
1258	1257	1259	114.659685	91.539197
1257	1259	1260	94.974421	105.640535
1259	1260	1261	108.064208	91.539197
1259	1260	1262	117.454805	71.701721
1261	1260	1262	111.932282	88.432122
1260	1262	1263	95.228538	35.133843
1262	1263	1264	99.440485	88.432122
1262	1263	1265	111.719988	71.701721
1264	1263	1265	113.396468	49.235182
1263	1265	1266	94.002290	65.248566
1265	1266	1267	111.735514	49.235182
1265	1266	1268	122.319676	71.701721
1267	1266	1268	110.097735	66.443595
1266	1268	1269	97.933835	39.435946
1268	1269	1270	112.651319	66.443595
1268	1269	1271	121.510685	71.701721
1270	1269	1271	114.664560	91.539197
1269	1271	1272	94.972265	105.640535
1271	1272	1273	108.059842	91.539197
1271	1272	1274	113.810920	71.701721
1273	1272	1274	112.204852	85.564054
1272	1274	1275	95.299560	87.954111
1274	1275	1276	112.795564	85.564054
1274	1275	1277	118.654770	71.701721
1276	1275	1277	118.266252	80.305927
1275	1277	1278	92.668022	54.493308
1277	1278	1279	103.136056	80.305927
1277	1278	1280	119.549706	71.701721
1279	1278	1280	113.825207	49.235182
1278	1280	1281	95.110714	65.248566
1280	1281	1282	107.529549	49.235182
1280	1281	1283	116.039918	71.701721
1282	1281	1283	112.198101	85.564054
1281	1283	1284	95.307594	87.954111
1283	1284	1285	112.791335	85.564054
1283	1284	1286	122.928196	71.701721
1285	1284	1286	111.141792	105.640535
1284	1286	1287	97.645818	110.898662
1286	1287	1288	98.572135	105.640535
1286	1287	1289	119.180042	71.701721
1288	1287	1289	113.576030	109.942639
1287	1289	1290	95.152917	84.847036
1289	1290	1291	98.267327	109.942639
1289	1290	1292	121.089440	71.701721
1291	1290	1292	113.576441	109.942639
1290	1292	1293	95.148559	84.847036
1292	1293	1294	98.267461	109.942639
1292	1293	1295	113.854768	71.701721
1294	1293	1295	115.457615	91.539197
1293	1295	1296	93.065428	105.640535
1295	1296	1297	103.850195	91.539197
1295	1296	1298	122.536738	71.701721
1297	1296	1298	112.057828	66.443595
1296	1298	1299	98.905822	39.435946
1298	1299	1300	103.511947	66.443595
1298	1299	1301	120.439323	71.701721
1300	1299	1301	113.823998	49.235182
1299	1301	1302	95.111160	65.248566
1301	1302	1303	107.525983	49.235182
1301	1302	1304	122.879037	71.701721
1303	1302	1304	113.877246	109.942639
1302	1304	1305	94.779526	84.847036
1304	1305	1306	108.825641	109.942639
1304	1305	1307	120.686085	71.701721
1306	1305	1307	113.874812	109.942639
1305	1307	1308	94.786589	84.847036
1307	1308	1309	108.819585	109.942639
1307	1308	1310	117.426874	71.701721
1309	1308	1310	111.930716	88.432122
1308	1310	1311	95.229433	35.133843
1310	1311	1312	99.441130	88.432122
1310	1311	1313	117.234786	71.701721
1312	1311	1313	113.983230	28.680688
1311	1313	1314	94.883779	54.971319
1313	1314	1315	108.418410	28.680688
1313	1314	1316	114.670396	71.701721
1315	1314	1316	114.225047	105.640535
1314	1316	1317	94.465323	110.898662
1316	1317	1318	105.065670	105.640535
1316	1317	1319	119.063901	71.701721
1318	1317	1319	113.825208	49.235182
1317	1319	1320	95.111164	65.248566
1319	1320	1321	107.531045	49.235182
1319	1320	1322	115.086791	71.701721
1321	1320	1322	114.225814	105.640535
1320	1322	1323	94.454472	110.898662
1322	1323	1324	105.075962	105.640535
1322	1323	1325	121.095686	71.701721
1324	1323	1325	111.003307	85.564054
1323	1325	1326	97.475634	87.954111
1325	1326	1327	97.806697	85.564054
1325	1326	1328	121.397593	71.701721
1327	1326	1328	113.575234	109.942639
1326	1328	1329	95.154120	84.847036
1328	1329	1330	98.268181	109.942639
1328	1329	1331	121.097318	71.701721
1330	1329	1331	113.580737	109.942639
1329	1331	1332	95.151583	84.847036
1331	1332	1333	98.271416	109.942639
1331	1332	1334	121.089502	71.701721
1333	1332	1334	113.579380	109.942639
1332	1334	1335	95.145133	84.847036
1334	1335	1336	98.268930	109.942639
1334	1335	1337	113.469548	71.701721
1336	1335	1337	113.400460	49.235182
1335	1337	1338	93.990850	65.248566
1337	1338	1339	111.735016	49.235182
1337	1338	1340	122.311864	71.701721
1339	1338	1340	110.101824	66.443595
1338	1340	1341	97.925180	39.435946
1340	1341	1342	112.648336	66.443595
1340	1341	1343	122.156093	71.701721
1342	1341	1343	111.144783	105.640535
1341	1343	1344	97.640118	110.898662
1343	1344	1345	98.577672	105.640535
1343	1344	1346	117.082952	71.701721
1345	1344	1346	113.982349	28.680688
1344	1346	1347	94.889373	54.971319
1346	1347	1348	108.405953	28.680688
1346	1347	1349	115.654269	71.701721
1348	1347	1349	112.193455	85.564054
1347	1349	1350	95.308736	87.954111
1349	1350	1351	112.799125	85.564054
1349	1350	1352	122.927905	71.701721
1351	1350	1352	111.146151	105.640535
1350	1352	1353	97.642361	110.898662
1352	1353	1354	98.578175	105.640535
1352	1353	1355	117.090470	71.701721
1354	1353	1355	113.985245	28.680688
1353	1355	1356	94.885021	54.971319
1355	1356	1357	108.415491	28.680688
1355	1356	1358	119.214077	71.701721
1357	1356	1358	111.928326	88.432122
1356	1358	1359	95.232041	35.133843
1358	1359	1360	99.438811	88.432122
1358	1359	1361	112.085619	71.701721
1360	1359	1361	115.460766	91.539197
1359	1361	1362	93.061521	105.640535
1361	1362	1363	103.855712	91.539197
1361	1362	1364	123.278800	71.701721
1363	1362	1364	111.008324	85.564054
1362	1364	1365	97.473308	87.954111
1364	1365	1366	97.812997	85.564054
1364	1365	1367	113.757386	71.701721
1366	1365	1367	113.398855	49.235182
1365	1367	1368	93.997697	65.248566
1367	1368	1369	111.733744	49.235182
1367	1368	1370	120.397017	71.701721
1369	1368	1370	118.263986	80.305927
1368	1370	1371	92.666898	54.493308
1370	1371	1372	103.137226	80.305927
1370	1371	1373	119.547291	71.701721
1372	1371	1373	113.820082	49.235182
1371	1373	1374	95.110121	65.248566
1373	1374	1375	107.532902	49.235182
1373	1374	1376	116.034851	71.701721
1375	1374	1376	112.203117	85.564054
1374	1376	1377	95.310626	87.954111
1376	1377	1378	112.794011	85.564054
1376	1377	1379	120.497473	71.701721
1378	1377	1379	110.094817	66.443595
1377	1379	1380	97.931912	39.435946
1379	1380	1381	112.658211	66.443595
1379	1380	1382	122.155993	71.701721
1381	1380	1382	111.146885	105.640535
1380	1382	1383	97.639685	110.898662
1382	1383	1384	98.579586	105.640535
1382	1383	1385	111.502025	71.701721
1384	1383	1385	113.395571	49.235182
1383	1385	1386	93.999036	65.248566
1385	1386	1387	111.730074	49.235182
1385	1386	1388	122.316953	71.701721
1387	1386	1388	110.109757	66.443595
1386	1388	1389	97.925281	39.435946
1388	1389	1390	112.658291	66.443595
1388	1389	1391	121.512058	71.701721
1390	1389	1391	114.664225	91.539197
1389	1391	1392	94.972210	105.640535
1391	1392	1393	108.064445	91.539197
1391	1392	1394	117.461887	71.701721
1393	1392	1394	111.927916	88.432122
1392	1394	1395	95.233978	35.133843
1394	1395	1396	99.441251	88.432122
1394	1395	1397	117.235495	71.701721
1396	1395	1397	113.984081	28.680688
1395	1397	1398	94.884331	54.971319
1397	1398	1399	108.411502	28.680688
1397	1398	1400	119.218445	71.701721
1399	1398	1400	111.929127	88.432122
1398	1400	1401	95.230095	35.133843
1400	1401	1402	99.450293	88.432122
1400	1401	1403	119.304119	71.701721
1402	1401	1403	113.580039	109.942639
1401	1403	1404	95.147653	84.847036
1403	1404	1405	98.266271	109.942639
1403	1404	1406	113.475964	71.701721
1405	1404	1406	113.394800	49.235182
1404	1406	1407	93.996064	65.248566
1406	1407	1408	111.733618	49.235182
1406	1407	1409	123.931164	71.701721
1408	1407	1409	114.669863	91.539197
1407	1409	1410	94.975246	105.640535
1409	1410	1411	108.061437	91.539197
1409	1410	1412	117.467291	71.701721
1411	1410	1412	111.932897	88.432122
1410	1412	1413	95.233200	35.133843
1412	1413	1414	99.437855	88.432122
1416	1415	1417	111.929813	88.432122
1415	1417	1418	95.230752	35.133843
1417	1418	1419	99.435059	88.432122
1417	1418	1420	112.085697	71.701721
1419	1418	1420	115.452709	91.539197
1418	1420	1421	93.068950	105.640535
1420	1421	1422	103.848696	91.539197
1420	1421	1423	121.236606	71.701721
1422	1421	1423	113.819358	49.235182
1421	1423	1424	95.111240	65.248566
1423	1424	1425	107.529729	49.235182
1423	1424	1426	122.856573	71.701721
1425	1424	1426	113.829170	109.942639
1424	1426	1427	94.830365	84.847036
1426	1427	1428	108.828261	109.942639
1426	1427	1429	117.441967	71.701721
1428	1427	1429	111.924812	88.432122
1427	1429	1430	95.236676	35.133843
1429	1430	1431	99.436867	88.432122
1429	1430	1432	117.237729	71.701721
1431	1430	1432	113.984771	28.680688
1430	1432	1433	94.886772	54.971319
1432	1433	1434	108.411009	28.680688
1432	1433	1435	119.214871	71.701721
1434	1433	1435	111.934941	88.432122
1433	1435	1436	95.225464	35.133843
1435	1436	1437	99.441300	88.432122
1435	1436	1438	112.077096	71.701721
1437	1436	1438	115.459125	91.539197
1436	1438	1439	93.063032	105.640535
1438	1439	1440	103.850855	91.539197
1438	1439	1441	122.537153	71.701721
1440	1439	1441	112.055331	66.443595
1439	1441	1442	98.908245	39.435946
1441	1442	1443	103.508800	66.443595
1441	1442	1444	120.440499	71.701721
1443	1442	1444	113.825347	49.235182
1442	1444	1445	95.104019	65.248566
1444	1445	1446	107.532905	49.235182
1444	1445	1447	115.080524	71.701721
1446	1445	1447	114.220827	105.640535
1445	1447	1448	94.461743	110.898662
1447	1448	1449	105.066511	105.640535
1447	1448	1450	120.347931	71.701721
1449	1448	1450	112.062147	66.443595
1448	1450	1451	98.900542	39.435946
1450	1451	1452	103.512146	66.443595
1450	1451	1453	122.445190	71.701721
1452	1451	1453	111.008104	85.564054
1451	1453	1454	97.470723	87.954111
1453	1454	1455	97.814558	85.564054
1453	1454	1456	113.756540	71.701721
1455	1454	1456	113.391349	49.235182
1454	1456	1457	94.006056	65.248566
1456	1457	1458	111.730761	49.235182
1456	1457	1459	120.399884	71.701721
1458	1457	1459	118.266854	80.305927
1457	1459	1460	92.664795	54.493308
1459	1460	1461	103.140663	80.305927
1459	1460	1462	119.550549	71.701721
1461	1460	1462	113.819905	49.235182
1460	1462	1463	95.110668	65.248566
1462	1463	1464	107.526832	49.235182
1462	1463	1465	116.036478	71.701721
1464	1463	1465	112.198887	85.564054
1463	1465	1466	95.313170	87.954111
1465	1466	1467	112.792550	85.564054
1465	1466	1468	122.188280	71.701721
1467	1466	1468	114.661099	91.539197
1466	1468	1469	94.972968	105.640535
1468	1469	1470	108.063709	91.539197
1468	1469	1471	117.461723	71.701721
1470	1469	1471	111.928905	88.432122
1469	1471	1472	95.231683	35.133843
1471	1472	1473	99.440496	88.432122
1471	1472	1474	117.227891	71.701721
1473	1472	1474	113.983558	28.680688
1472	1474	1475	94.882757	54.971319
1474	1475	1476	108.409868	28.680688
1474	1475	1477	114.672770	71.701721
1476	1475	1477	114.227051	105.640535
1475	1477	1478	94.464447	110.898662
1477	1478	1479	105.064706	105.640535
1477	1478	1480	121.103363	71.701721
1479	1478	1480	111.010709	85.564054
1478	1480	1481	97.479765	87.954111
1480	1481	1482	97.800358	85.564054
1480	1481	1483	119.316032	71.701721
1482	1481	1483	113.989830	28.680688
1481	1483	1484	94.879585	54.971319
1483	1484	1485	108.418145	28.680688
1483	1484	1486	114.671604	71.701721
1485	1484	1486	114.221875	105.640535
1484	1486	1487	94.461809	110.898662
1486	1487	1488	105.067518	105.640535
1486	1487	1489	120.346618	71.701721
1488	1487	1489	112.053174	66.443595
1487	1489	1490	98.903597	39.435946
1489	1490	1491	103.504972	66.443595
1489	1490	1492	120.439886	71.701721
1491	1490	1492	113.822813	49.235182
1490	1492	1493	95.110016	65.248566
1492	1493	1494	107.528561	49.235182
1492	1493	1495	122.853452	71.701721
1494	1493	1495	113.829914	109.942639
1493	1495	1496	94.829636	84.847036
1495	1496	1497	108.820367	109.942639
1495	1496	1498	120.682036	71.701721
1497	1496	1498	113.824999	109.942639
1496	1498	1499	94.837970	84.847036
1498	1499	1500	108.823445	109.942639
1498	1499	1501	120.689779	71.701721
1500	1499	1501	113.826670	109.942639
1499	1501	1502	94.834261	84.847036
1501	1502	1503	108.829058	109.942639
1501	1502	1504	113.838768	71.701721
1503	1502	1504	112.206507	85.564054
1502	1504	1505	95.305687	87.954111
1504	1505	1506	112.797317	85.564054
1504	1505	1507	122.927208	71.701721
1506	1505	1507	111.149884	105.640535
1505	1507	1508	97.637520	110.898662
1507	1508	1509	98.579250	105.640535
1507	1508	1510	111.499871	71.701721
1509	1508	1510	113.402304	49.235182
1508	1510	1511	93.994835	65.248566
1510	1511	1512	111.732566	49.235182
1510	1511	1513	124.726997	71.701721
1512	1511	1513	111.146715	105.640535
1511	1513	1514	97.635244	110.898662
1513	1514	1515	98.576769	105.640535
1513	1514	1516	117.080237	71.701721
1515	1514	1516	113.980369	28.680688
1514	1516	1517	94.883677	54.971319
1516	1517	1518	108.409374	28.680688
1516	1517	1519	119.214286	71.701721
1518	1517	1519	111.933478	88.432122
1517	1519	1520	95.228899	35.133843
1519	1520	1521	99.436942	88.432122
1519	1520	1522	119.331545	71.701721
1521	1520	1522	113.639746	109.942639
1520	1522	1523	95.095290	84.847036
1522	1523	1524	98.278494	109.942639
1522	1523	1525	121.099229	71.701721
1524	1523	1525	113.630330	109.942639
1523	1525	1526	95.098921	84.847036
1525	1526	1527	98.275200	109.942639
1525	1526	1528	113.452782	71.701721
1527	1526	1528	113.398777	49.235182
1526	1528	1529	93.997635	65.248566
1528	1529	1530	111.732142	49.235182
1528	1529	1531	122.319033	71.701721
1530	1529	1531	110.095073	66.443595
1529	1531	1532	97.929175	39.435946
1531	1532	1533	112.651781	66.443595
1531	1532	1534	121.509954	71.701721
1533	1532	1534	114.664257	91.539197
1532	1534	1535	94.975172	105.640535
1534	1535	1536	108.064688	91.539197
1534	1535	1537	120.801123	71.701721
1536	1535	1537	113.832852	109.942639
1535	1537	1538	94.836250	84.847036
1537	1538	1539	108.817564	109.942639
1537	1538	1540	120.680997	71.701721
1539	1538	1540	113.834735	109.942639
1538	1540	1541	94.828337	84.847036
1540	1541	1542	108.818021	109.942639
1540	1541	1543	112.893210	71.701721
1542	1541	1543	114.221754	105.640535
1541	1543	1544	94.464082	110.898662
1543	1544	1545	105.072978	105.640535
1543	1544	1546	121.100745	71.701721
1545	1544	1546	111.005780	85.564054
1544	1546	1547	97.474760	87.954111
1546	1547	1548	97.808549	85.564054
1546	1547	1549	113.751501	71.701721
1548	1547	1549	113.398305	49.235182
1547	1549	1550	93.997585	65.248566
1549	1550	1551	111.730113	49.235182
1549	1550	1552	120.396641	71.701721
1551	1550	1552	118.273260	80.305927
1550	1552	1553	92.667544	54.493308
1552	1553	1554	103.134895	80.305927
1552	1553	1555	121.511160	71.701721
1554	1553	1555	111.008412	85.564054
1553	1555	1556	97.478842	87.954111
1555	1556	1557	97.807656	85.564054
1555	1556	1558	114.151615	71.701721
1557	1556	1558	115.455123	91.539197
1556	1558	1559	93.065401	105.640535
1558	1559	1560	103.846706	91.539197
1558	1559	1561	122.533807	71.701721
1560	1559	1561	112.055759	66.443595
1559	1561	1562	98.903041	39.435946
1561	1562	1563	103.510859	66.443595
1561	1562	1564	120.440822	71.701721
1563	1562	1564	113.821628	49.235182
1562	1564	1565	95.114781	65.248566
1564	1565	1566	107.528116	49.235182
1564	1565	1567	119.643051	71.701721
1566	1565	1567	111.921934	88.432122
1565	1567	1568	95.236747	35.133843
1567	1568	1569	99.439813	88.432122
1567	1568	1570	112.090291	71.701721
1569	1568	1570	115.449649	91.539197
1568	1570	1571	93.076064	105.640535
1570	1571	1572	103.852259	91.539197
1570	1571	1573	121.239073	71.701721
1572	1571	1573	113.824124	49.235182
1571	1573	1574	95.112541	65.248566
1573	1574	1575	107.524469	49.235182
1573	1574	1576	122.857992	71.701721
1575	1574	1576	113.834117	109.942639
1574	1576	1577	94.830942	84.847036
1576	1577	1578	108.822842	109.942639
1576	1577	1579	120.670792	71.701721
1578	1577	1579	113.834489	109.942639
1577	1579	1580	94.823638	84.847036
1579	1580	1581	108.819300	109.942639
1579	1580	1582	120.679457	71.701721
1581	1580	1582	113.833853	109.942639
1580	1582	1583	94.831414	84.847036
1582	1583	1584	108.821496	109.942639
1582	1583	1585	113.845495	71.701721
1584	1583	1585	112.197036	85.564054
1583	1585	1586	95.317722	87.954111
1585	1586	1587	112.795591	85.564054
1585	1586	1588	120.496044	71.701721
1587	1586	1588	110.098503	66.443595
1586	1588	1589	97.930450	39.435946
1588	1589	1590	112.652845	66.443595
1588	1589	1591	118.021448	71.701721
1590	1589	1591	118.262846	80.305927
1589	1591	1592	92.670316	54.493308
1591	1592	1593	103.134507	80.305927
1591	1592	1594	119.549027	71.701721
1593	1592	1594	113.821071	49.235182
1592	1594	1595	95.108125	65.248566
1594	1595	1596	107.532806	49.235182
1594	1595	1597	119.636454	71.701721
1596	1595	1597	111.933015	88.432122
1595	1597	1598	95.230164	35.133843
1597	1598	1599	99.441837	88.432122
1597	1598	1600	111.710932	71.701721
1599	1598	1600	113.393853	49.235182
1598	1600	1601	94.000199	65.248566
1600	1601	1602	111.729003	49.235182
1600	1601	1603	124.734609	71.701721
1602	1601	1603	111.143330	105.640535
1601	1603	1604	97.635425	110.898662
1603	1604	1605	98.579170	105.640535
1603	1604	1606	119.189877	71.701721
1605	1604	1606	113.631979	109.942639
1604	1606	1607	95.095577	84.847036
1606	1607	1608	98.277758	109.942639
1606	1607	1609	113.838924	71.701721
1608	1607	1609	115.465247	91.539197
1607	1609	1610	93.063014	105.640535
1609	1610	1611	103.851112	91.539197
1609	1610	1612	121.231618	71.701721
1611	1610	1612	113.821766	49.235182
1610	1612	1613	95.108276	65.248566
1612	1613	1614	107.523543	49.235182
1612	1613	1615	116.034937	71.701721
1614	1613	1615	112.196303	85.564054
1613	1615	1616	95.309183	87.954111
1615	1616	1617	112.792188	85.564054
1615	1616	1618	118.658053	71.701721
1617	1616	1618	118.265063	80.305927
1616	1618	1619	92.666611	54.493308
1618	1619	1620	103.134503	80.305927
1618	1619	1621	121.507785	71.701721
1620	1619	1621	111.003785	85.564054
1619	1621	1622	97.481041	87.954111
1621	1622	1623	97.809545	85.564054
1621	1622	1624	113.761591	71.701721
1623	1622	1624	113.401542	49.235182
1622	1624	1625	94.002164	65.248566
1624	1625	1626	111.736228	49.235182
1624	1625	1627	122.325962	71.701721
1626	1625	1627	110.098771	66.443595
1625	1627	1628	97.933235	39.435946
1627	1628	1629	112.652240	66.443595
1627	1628	1630	121.509130	71.701721
1629	1628	1630	114.672679	91.539197
1628	1630	1631	94.971042	105.640535
1630	1631	1632	108.064439	91.539197
1630	1631	1633	117.472959	71.701721
1632	1631	1633	111.925959	88.432122
1631	1633	1634	95.239705	35.133843
1633	1634	1635	99.446245	88.432122
1633	1634	1636	119.332775	71.701721
1635	1634	1636	113.640815	109.942639
1634	1636	1637	95.094341	84.847036
1636	1637	1638	98.279802	109.942639
1636	1637	1639	113.837364	71.701721
1638	1637	1639	115.455757	91.539197
1637	1639	1640	93.070091	105.640535
1639	1640	1641	103.847295	91.539197
1639	1640	1642	122.537907	71.701721
1641	1640	1642	112.059858	66.443595
1640	1642	1643	98.903490	39.435946
1642	1643	1644	103.510026	66.443595
1642	1643	1645	120.443900	71.701721
1644	1643	1645	113.824838	49.235182
1643	1645	1646	95.110645	65.248566
1645	1646	1647	107.535244	49.235182
1645	1646	1648	116.043286	71.701721
1647	1646	1648	112.200346	85.564054
1646	1648	1649	95.309385	87.954111
1648	1649	1650	112.802228	85.564054
1648	1649	1651	118.655961	71.701721
1650	1649	1651	118.271291	80.305927
1649	1651	1652	92.663393	54.493308
1651	1652	1653	103.136045	80.305927
1651	1652	1654	121.501256	71.701721
1653	1652	1654	111.015790	85.564054
1652	1654	1655	97.470658	87.954111
1654	1655	1656	97.808250	85.564054
1654	1655	1657	113.754834	71.701721
1656	1655	1657	113.395426	49.235182
1655	1657	1658	93.998577	65.248566
1657	1658	1659	111.724366	49.235182
1657	1658	1660	123.937932	71.701721
1659	1658	1660	114.665146	91.539197
1658	1660	1661	94.972074	105.640535
1660	1661	1662	108.067579	91.539197
1660	1661	1663	120.792319	71.701721
1662	1661	1663	113.824724	109.942639
1661	1663	1664	94.830913	84.847036
1663	1664	1665	108.822886	109.942639
1663	1664	1666	112.887621	71.701721
1665	1664	1666	114.226667	105.640535
1664	1666	1667	94.467565	110.898662
1666	1667	1668	105.063682	105.640535
1666	1667	1669	119.066940	71.701721
1668	1667	1669	113.825895	49.235182
1667	1669	1670	95.111853	65.248566
1669	1670	1671	107.529252	49.235182
1669	1670	1672	119.639016	71.701721
1671	1670	1672	111.934082	88.432122
1670	1672	1673	95.229377	35.133843
1672	1673	1674	99.441732	88.432122
1672	1673	1675	111.715249	71.701721
1674	1673	1675	113.391371	49.235182
1673	1675	1676	93.996555	65.248566
1675	1676	1677	111.737685	49.235182
1675	1676	1678	120.385553	71.701721
1677	1676	1678	118.274641	80.305927
1676	1678	1679	92.659644	54.493308
1678	1679	1680	103.136965	80.305927
1678	1679	1681	120.789604	71.701721
1680	1679	1681	112.050326	66.443595
1679	1681	1682	98.907691	39.435946
1681	1682	1683	103.512515	66.443595
1681	1682	1684	122.445670	71.701721
1683	1682	1684	111.009636	85.564054
1682	1684	1685	97.477088	87.954111
1684	1685	1686	97.804878	85.564054
1684	1685	1687	121.423328	71.701721
1686	1685	1687	113.631621	109.942639
1685	1687	1688	95.099713	84.847036
1687	1688	1689	98.275939	109.942639
1687	1688	1690	121.098077	71.701721
1689	1688	1690	113.633664	109.942639
1688	1690	1691	95.101400	84.847036
1690	1691	1692	98.274161	109.942639
1690	1691	1693	121.097080	71.701721
1692	1691	1693	113.637695	109.942639
1691	1693	1694	95.092809	84.847036
1693	1694	1695	98.271738	109.942639
1693	1694	1696	113.451102	71.701721
1695	1694	1696	113.392677	49.235182
1694	1696	1697	93.995302	65.248566
1696	1697	1698	111.731214	49.235182
1696	1697	1699	123.935004	71.701721
1698	1697	1699	114.661672	91.539197
1697	1699	1700	94.975489	105.640535
1699	1700	1701	108.058604	91.539197
1699	1700	1702	117.459533	71.701721
1701	1700	1702	111.927429	88.432122
1700	1702	1703	95.233888	35.133843
1702	1703	1704	99.438522	88.432122
1702	1703	1705	111.715202	71.701721
1704	1703	1705	113.398982	49.235182
1703	1705	1706	93.996956	65.248566
1705	1706	1707	111.736769	49.235182
1705	1706	1708	122.321017	71.701721
1707	1706	1708	110.100922	66.443595
1706	1708	1709	97.928733	39.435946
1708	1709	1710	112.662241	66.443595
1708	1709	1711	121.512512	71.701721
1710	1709	1711	114.664209	91.539197
1709	1711	1712	94.975121	105.640535
1711	1712	1713	108.065356	91.539197
1711	1712	1714	113.819530	71.701721
1713	1712	1714	112.203159	85.564054
1712	1714	1715	95.311349	87.954111
1714	1715	1716	112.793063	85.564054
1714	1715	1717	118.662551	71.701721
1716	1715	1717	118.270322	80.305927
1715	1717	1718	92.666191	54.493308
1717	1718	1719	103.138380	80.305927
1717	1718	1720	119.550024	71.701721
1719	1718	1720	113.818239	49.235182
1718	1720	1721	95.110757	65.248566
1720	1721	1722	107.531458	49.235182
1720	1721	1723	116.033602	71.701721
1722	1721	1723	112.197899	85.564054
1721	1723	1724	95.311281	87.954111
1723	1724	1725	112.793179	85.564054
1723	1724	1726	122.931221	71.701721
1725	1724	1726	111.143366	105.640535
1724	1726	1727	97.641394	110.898662
1726	1727	1728	98.572745	105.640535
1726	1727	1729	119.199957	71.701721
1728	1727	1729	113.627958	109.942639
1727	1729	1730	95.103705	84.847036
1729	1730	1731	98.275595	109.942639
1729	1730	1732	121.099391	71.701721
1731	1730	1732	113.636574	109.942639
1730	1732	1733	95.094239	84.847036
1732	1733	1734	98.278417	109.942639
1732	1733	1735	113.838908	71.701721
1734	1733	1735	115.453813	91.539197
1733	1735	1736	93.068837	105.640535
1735	1736	1737	103.855194	91.539197
1735	1736	1738	122.536315	71.701721
1737	1736	1738	112.050658	66.443595
1736	1738	1739	98.907939	39.435946
1738	1739	1740	103.514732	66.443595
1738	1739	1741	120.442167	71.701721
1740	1739	1741	113.821899	49.235182
1739	1741	1742	95.106066	65.248566
1741	1742	1743	107.536896	49.235182
1741	1742	1744	122.848171	71.701721
1743	1742	1744	113.837269	109.942639
1742	1744	1745	94.824717	84.847036
1744	1745	1746	108.822462	109.942639
1744	1745	1747	120.673353	71.701721
1746	1745	1747	113.833495	109.942639
1745	1747	1748	94.829383	84.847036
1747	1748	1749	108.819062	109.942639
1747	1748	1750	117.451538	71.701721
1749	1748	1750	111.933266	88.432122
1748	1750	1751	95.233042	35.133843
1750	1751	1752	99.438822	88.432122
1750	1751	1753	117.236935	71.701721
1752	1751	1753	113.979812	28.680688
1751	1753	1754	94.886724	54.971319
1753	1754	1755	108.417004	28.680688
1753	1754	1756	114.670045	71.701721
1755	1754	1756	114.224100	105.640535
1754	1756	1757	94.460530	110.898662
1756	1757	1758	105.068932	105.640535
1756	1757	1759	119.054726	71.701721
1758	1757	1759	113.823855	49.235182
1757	1759	1760	95.105126	65.248566
1759	1760	1761	107.532840	49.235182
1759	1760	1762	115.085178	71.701721
1761	1760	1762	114.230337	105.640535
1760	1762	1763	94.462925	110.898662
1762	1763	1764	105.063053	105.640535
1762	1763	1765	121.106096	71.701721
1764	1763	1765	111.004193	85.564054
1763	1765	1766	97.478241	87.954111
1765	1766	1767	97.809704	85.564054
1765	1766	1768	121.420456	71.701721
1767	1766	1768	113.630077	109.942639
1766	1768	1769	95.095414	84.847036
1768	1769	1770	98.273433	109.942639
1768	1769	1771	121.094125	71.701721
1770	1769	1771	113.634439	109.942639
1769	1771	1772	95.097020	84.847036
1771	1772	1773	98.273566	109.942639
1771	1772	1774	121.092685	71.701721
1773	1772	1774	113.638415	109.942639
1772	1774	1775	95.094680	84.847036
1774	1775	1776	98.275132	109.942639
1774	1775	1777	113.456656	71.701721
1776	1775	1777	113.394416	49.235182
1775	1777	1778	93.996458	65.248566
1777	1778	1779	111.731622	49.235182
1777	1778	1780	122.315997	71.701721
1779	1778	1780	110.099657	66.443595
1778	1780	1781	97.930199	39.435946
1780	1781	1782	112.652541	66.443595
1780	1781	1783	122.164934	71.701721
1782	1781	1783	111.137460	105.640535
1781	1783	1784	97.644880	110.898662
1783	1784	1785	98.586515	105.640535
1783	1784	1786	117.083395	71.701721
1785	1784	1786	113.981399	28.680688
1784	1786	1787	94.880613	54.971319
1786	1787	1788	108.420566	28.680688
1786	1787	1789	115.644621	71.701721
1788	1787	1789	112.207071	85.564054
1787	1789	1790	95.301782	87.954111
1789	1790	1791	112.796498	85.564054
1789	1790	1792	122.931483	71.701721
1791	1790	1792	111.135699	105.640535
1790	1792	1793	97.645440	110.898662
1792	1793	1794	98.573606	105.640535
1792	1793	1795	117.085598	71.701721
1794	1793	1795	113.984270	28.680688
1793	1795	1796	94.882725	54.971319
1795	1796	1797	108.413857	28.680688
1795	1796	1798	119.216404	71.701721
1797	1796	1798	111.929526	88.432122
1796	1798	1799	95.231443	35.133843
1798	1799	1800	99.443316	88.432122
1798	1799	1801	112.080330	71.701721
1800	1799	1801	115.456866	91.539197
1799	1801	1802	93.062761	105.640535
1801	1802	1803	103.853285	91.539197
1801	1802	1804	123.283232	71.701721
1803	1802	1804	111.003132	85.564054
1802	1804	1805	97.476902	87.954111
1804	1805	1806	97.809975	85.564054
1804	1805	1807	113.756486	71.701721
1806	1805	1807	113.399168	49.235182
1805	1807	1808	93.998247	65.248566
1807	1808	1809	111.730851	49.235182
1807	1808	1810	120.394348	71.701721
1809	1808	1810	118.269936	80.305927
1808	1810	1811	92.661717	54.493308
1810	1811	1812	103.134939	80.305927
1810	1811	1813	119.547680	71.701721
1812	1811	1813	113.823959	49.235182
1811	1813	1814	95.110823	65.248566
1813	1814	1815	107.526887	49.235182
1813	1814	1816	116.037706	71.701721
1815	1814	1816	112.201438	85.564054
1814	1816	1817	95.302295	87.954111
1816	1817	1818	112.800253	85.564054
1816	1817	1819	120.480571	71.701721
1818	1817	1819	110.099166	66.443595
1817	1819	1820	97.930918	39.435946
1819	1820	1821	112.650938	66.443595
1819	1820	1822	122.158453	71.701721
1821	1820	1822	111.152029	105.640535
1820	1822	1823	97.638572	110.898662
1822	1823	1824	98.579542	105.640535
1822	1823	1825	111.497744	71.701721
1824	1823	1825	113.402562	49.235182
1823	1825	1826	93.996517	65.248566
1825	1826	1827	111.729598	49.235182
1825	1826	1828	122.320549	71.701721
1827	1826	1828	110.107372	66.443595
1826	1828	1829	97.931623	39.435946
1828	1829	1830	112.652972	66.443595
1828	1829	1831	121.519514	71.701721
1830	1829	1831	114.665715	91.539197
1829	1831	1832	94.974491	105.640535
1831	1832	1833	108.066939	91.539197
1831	1832	1834	117.468883	71.701721
1833	1832	1834	111.931213	88.432122
1832	1834	1835	95.234873	35.133843
1834	1835	1836	99.446071	88.432122
1834	1835	1837	117.235412	71.701721
1836	1835	1837	113.985305	28.680688
1835	1837	1838	94.887028	54.971319
1837	1838	1839	108.415484	28.680688
1837	1838	1840	119.223438	71.701721
1839	1838	1840	111.929420	88.432122
1838	1840	1841	95.237570	35.133843
1840	1841	1842	99.438133	88.432122
1840	1841	1843	119.337165	71.701721
1842	1841	1843	113.632751	109.942639
1841	1843	1844	95.097186	84.847036
1843	1844	1845	98.270743	109.942639
1843	1844	1846	113.454281	71.701721
1845	1844	1846	113.396519	49.235182
1844	1846	1847	93.996689	65.248566
1846	1847	1848	111.724825	49.235182
1846	1847	1849	123.932153	71.701721
1848	1847	1849	114.665156	91.539197
1847	1849	1850	94.971378	105.640535
1849	1850	1851	108.062633	91.539197
1849	1850	1852	117.455383	71.701721
1851	1850	1852	111.935414	88.432122
1850	1852	1853	95.225553	35.133843
1852	1853	1854	99.439629	88.432122
