976	975	977	978	-209.245093	0.478011	1.673040	0.300000	1
975	977	978	979	-122.791921	0.478011	1.673040	0.300000	1
975	977	978	980	-0.269243	0.478011	1.673040	0.300000	2
977	978	980	981	-331.942905	0.478011	1.673040	0.300000	2
979	978	980	981	-219.041426	0.478011	1.673040	0.300000	1
978	980	981	982	-127.152065	0.478011	1.673040	0.300000	1
978	980	981	983	-357.668856	0.478011	1.673040	0.300000	2
980	981	983	984	-336.618620	0.478011	1.673040	0.300000	2
982	981	983	984	-211.614502	0.478011	1.673040	0.300000	1
981	983	984	985	-134.798005	0.478011	1.673040	0.300000	1
981	983	984	986	-359.595120	0.478011	1.673040	0.300000	2
983	984	986	987	-336.079189	0.478011	1.673040	0.300000	2
985	984	986	987	-203.366161	0.478011	1.673040	0.300000	1
984	986	987	988	-134.549297	0.478011	1.673040	0.300000	1
984	986	987	989	-6.123285	0.478011	1.673040	0.300000	2
986	987	989	990	-336.180295	0.478011	1.673040	0.300000	2
988	987	989	990	-209.247506	0.478011	1.673040	0.300000	1
987	989	990	991	-122.790023	0.478011	1.673040	0.300000	1
987	989	990	992	-359.486748	0.478011	1.673040	0.300000	2
989	990	992	993	-332.490314	0.478011	1.673040	0.300000	2
991	990	992	993	-216.961982	0.478011	1.673040	0.300000	1
990	992	993	994	-132.917727	0.478011	1.673040	0.300000	1
990	992	993	995	-3.332204	0.478011	1.673040	0.300000	2
992	993	995	996	-337.218899	0.478011	1.673040	0.300000	2
994	993	995	996	-209.242367	0.478011	1.673040	0.300000	1
993	995	996	997	-122.793938	0.478011	1.673040	0.300000	1
993	995	996	998	-0.270677	0.478011	1.673040	0.300000	2
995	996	998	999	-331.945492	0.478011	1.673040	0.300000	2
997	996	998	999	-219.038624	0.478011	1.673040	0.300000	1
996	998	999	1000	-127.159790	0.478011	1.673040	0.300000	1
996	998	999	1001	-359.132104	0.478011	1.673040	0.300000	2
998	999	1001	1002	-335.753434	0.478011	1.673040	0.300000	2
1000	999	1001	1002	-211.359483	0.478011	1.673040	0.300000	1
999	1001	1002	1003	-130.232366	0.478011	1.673040	0.300000	1
999	1001	1002	1004	-1.696356	0.478011	1.673040	0.300000	2
1001	1002	1004	1005	-335.358612	0.478011	1.673040	0.300000	2
1003	1002	1004	1005	-211.603926	0.478011	1.673040	0.300000	1
1002	1004	1005	1006	-134.806845	0.478011	1.673040	0.300000	1
1002	1004	1005	1007	-6.261264	0.478011	1.673040	0.300000	2
1004	1005	1007	1008	-332.985486	0.478011	1.673040	0.300000	2
1006	1005	1007	1008	-207.852175	0.478011	1.673040	0.300000	1
1005	1007	1008	1009	-125.215294	0.478011	1.673040	0.300000	1
1005	1007	1008	1010	-357.756481	0.478011	1.673040	0.300000	2
1007	1008	1010	1011	-335.578749	0.478011	1.673040	0.300000	2
1009	1008	1010	1011	-211.368045	0.478011	1.673040	0.300000	1
1008	1010	1011	1012	-130.224947	0.478011	1.673040	0.300000	1
1008	1010	1011	1013	-4.097459	0.478011	1.673040	0.300000	2
1010	1011	1013	1014	-336.548101	0.478011	1.673040	0.300000	2
1012	1011	1013	1014	-213.820788	0.478011	1.673040	0.300000	1
1011	1013	1014	1015	-126.629132	0.478011	1.673040	0.300000	1
1011	1013	1014	1016	-6.746244	0.478011	1.673040	0.300000	2
1013	1014	1016	1017	-329.895175	0.478011	1.673040	0.300000	2
1015	1014	1016	1017	-219.278613	0.478011	1.673040	0.300000	1
1014	1016	1017	1018	-133.949352	0.478011	1.673040	0.300000	1
1014	1016	1017	1019	-348.363836	0.478011	1.673040	0.300000	2
1016	1017	1019	1020	-340.483580	0.478011	1.673040	0.300000	2
1018	1017	1019	1020	-197.073117	0.478011	1.673040	0.300000	1
1017	1019	1020	1021	-134.489850	0.478011	1.673040	0.300000	1
1017	1019	1020	1022	-6.967384	0.478011	1.673040	0.300000	2
1019	1020	1022	1023	-334.007141	0.478011	1.673040	0.300000	2
1021	1020	1022	1023	-211.607181	0.478011	1.673040	0.300000	1
1020	1022	1023	1024	-134.807553	0.478011	1.673040	0.300000	1
1020	1022	1023	1025	-8.265033	0.478011	1.673040	0.300000	2
1022	1023	1025	1026	-331.268900	0.478011	1.673040	0.300000	2
1024	1023	1025	1026	-207.105879	0.478011	1.673040	0.300000	1
1023	1025	1026	1027	-133.024353	0.478011	1.673040	0.300000	1
1023	1025	1026	1028	-349.947621	0.478011	1.673040	0.300000	2
1025	1026	1028	1029	-339.094382	0.478011	1.673040	0.300000	2
1027	1026	1028	1029	-196.642345	0.478011	1.673040	0.300000	1
1026	1028	1029	1030	-138.911336	0.478011	1.673040	0.300000	1
1026	1028	1029	1031	-11.162457	0.478011	1.673040	0.300000	2
1028	1029	1031	1032	-335.112889	0.478011	1.673040	0.300000	2
1030	1029	1031	1032	-209.244750	0.478011	1.673040	0.300000	1
1029	1031	1032	1033	-122.790809	0.478011	1.673040	0.300000	1
1029	1031	1032	1034	-359.483722	0.478011	1.673040	0.300000	2
1031	1032	1034	1035	-332.486386	0.478011	1.673040	0.300000	2
1033	1032	1034	1035	-216.954911	0.478011	1.673040	0.300000	1
1032	1034	1035	1036	-132.928090	0.478011	1.673040	0.300000	1
1032	1034	1035	1037	-3.957411	0.478011	1.673040	0.300000	2
1034	1035	1037	1038	-333.870836	0.478011	1.673040	0.300000	2
1036	1035	1037	1038	-207.863174	0.478011	1.673040	0.300000	1
1035	1037	1038	1039	-125.210163	0.478011	1.673040	0.300000	1
1035	1037	1038	1040	-358.625082	0.478011	1.673040	0.300000	2
1037	1038	1040	1041	-337.652799	0.478011	1.673040	0.300000	2
1039	1038	1040	1041	-213.815101	0.478011	1.673040	0.300000	1
1038	1040	1041	1042	-126.634302	0.478011	1.673040	0.300000	1
1038	1040	1041	1043	-3.429253	0.478011	1.673040	0.300000	2
1040	1041	1043	1044	-331.819427	0.478011	1.673040	0.300000	2
1042	1041	1043	1044	-216.953801	0.478011	1.673040	0.300000	1
1041	1043	1044	1045	-132.928895	0.478011	1.673040	0.300000	1
1041	1043	1044	1046	-3.951767	0.478011	1.673040	0.300000	2
1043	1044	1046	1047	-333.868933	0.478011	1.673040	0.300000	2
1045	1044	1046	1047	-207.848273	0.478011	1.673040	0.300000	1
1044	1046	1047	1048	-125.220077	0.478011	1.673040	0.300000	1
1044	1046	1047	1049	-357.749928	0.478011	1.673040	0.300000	2
1046	1047	1049	1050	-335.575764	0.478011	1.673040	0.300000	2
1048	1047	1049	1050	-211.359159	0.478011	1.673040	0.300000	1
1047	1049	1050	1051	-130.234898	0.478011	1.673040	0.300000	1
1047	1049	1050	1052	-1.697578	0.478011	1.673040	0.300000	2
1049	1050	1052	1053	-335.364123	0.478011	1.673040	0.300000	2
1051	1050	1052	1053	-211.606723	0.478011	1.673040	0.300000	1
1050	1052	1053	1054	-134.807200	0.478011	1.673040	0.300000	1
1050	1052	1053	1055	-359.594658	0.478011	1.673040	0.300000	2
1052	1053	1055	1056	-336.086551	0.478011	1.673040	0.300000	2
1054	1053	1055	1056	-203.366004	0.478011	1.673040	0.300000	1
1053	1055	1056	1057	-134.548058	0.478011	1.673040	0.300000	1
1053	1055	1056	1058	-0.151255	0.478011	1.673040	0.300000	2
1055	1056	1058	1059	-335.669132	0.478011	1.673040	0.300000	2
1057	1056	1058	1059	-203.363700	0.478011	1.673040	0.300000	1
1056	1058	1059	1060	-134.544638	0.478011	1.673040	0.300000	1
1056	1058	1059	1061	-0.146555	0.478011	1.673040	0.300000	2
1058	1059	1061	1062	-335.676301	0.478011	1.673040	0.300000	2
1060	1059	1061	1062	-203.368561	0.478011	1.673040	0.300000	1
1059	1061	1062	1063	-134.542695	0.478011	1.673040	0.300000	1
1059	1061	1062	1064	-8.607923	0.478011	1.673040	0.300000	2
1061	1062	1064	1065	-331.247038	0.478011	1.673040	0.300000	2
1063	1062	1064	1065	-207.113668	0.478011	1.673040	0.300000	1
1062	1064	1065	1066	-133.019386	0.478011	1.673040	0.300000	1
1062	1064	1065	1067	-355.413873	0.478011	1.673040	0.300000	2
1064	1065	1067	1068	-339.673517	0.478011	1.673040	0.300000	2
1066	1065	1067	1068	-201.462498	0.478011	1.673040	0.300000	1
1065	1067	1068	1069	-128.448661	0.478011	1.673040	0.300000	1
1065	1067	1068	1070	-9.035502	0.478011	1.673040	0.300000	2
1067	1068	1070	1071	-329.473754	0.478011	1.673040	0.300000	2
1069	1068	1070	1071	-219.286487	0.478011	1.673040	0.300000	1
1068	1070	1071	1072	-133.947464	0.478011	1.673040	0.300000	1
1068	1070	1071	1073	-355.454962	0.478011	1.673040	0.300000	2
1070	1071	1073	1074	-340.163145	0.478011	1.673040	0.300000	2
1072	1071	1073	1074	-201.469154	0.478011	1.673040	0.300000	1
1071	1073	1074	1075	-128.444217	0.478011	1.673040	0.300000	1
1071	1073	1074	1076	-5.835028	0.478011	1.673040	0.300000	2
1073	1074	1076	1077	-331.223262	0.478011	1.673040	0.300000	2
1075	1074	1076	1077	-216.962438	0.478011	1.673040	0.300000	1
1074	1076	1077	1078	-132.918885	0.478011	1.673040	0.300000	1
1074	1076	1077	1079	-3.343054	0.478011	1.673040	0.300000	2
1076	1077	1079	1080	-337.223280	0.478011	1.673040	0.300000	2
1078	1077	1079	1080	-209.255223	0.478011	1.673040	0.300000	1
1077	1079	1080	1081	-122.783489	0.478011	1.673040	0.300000	1
1077	1079	1080	1082	-358.846077	0.478011	1.673040	0.300000	2
1079	1080	1082	1083	-335.532565	0.478011	1.673040	0.300000	2
1081	1080	1082	1083	-218.774099	0.478011	1.673040	0.300000	1
1080	1082	1083	1084	-125.625768	0.478011	1.673040	0.300000	1
1080	1082	1083	1085	-1.601119	0.478011	1.673040	0.300000	2
1082	1083	1085	1086	-335.281947	0.478011	1.673040	0.300000	2
1084	1083	1085	1086	-218.769035	0.478011	1.673040	0.300000	1
1083	1085	1086	1087	-125.627203	0.478011	1.673040	0.300000	1
1083	1085	1086	1088	-5.583813	0.478011	1.673040	0.300000	2
1085	1086	1088	1089	-330.308799	0.478011	1.673040	0.300000	2
1087	1086	1088	1089	-219.280378	0.478011	1.673040	0.300000	1
1086	1088	1089	1090	-133.951744	0.478011	1.673040	0.300000	1
1086	1088	1089	1091	-0.322842	0.478011	1.673040	0.300000	2
1088	1089	1091	1092	-334.805453	0.478011	1.673040	0.300000	2
1090	1089	1091	1092	-200.532688	0.478011	1.673040	0.300000	1
1089	1091	1092	1093	-136.074469	0.478011	1.673040	0.300000	1
1089	1091	1092	1094	-354.232191	0.478011	1.673040	0.300000	2
1091	1092	1094	1095	-337.781588	0.478011	1.673040	0.300000	2
1093	1092	1094	1095	-196.638539	0.478011	1.673040	0.300000	1
1092	1094	1095	1096	-138.910024	0.478011	1.673040	0.300000	1
1092	1094	1095	1097	-5.252208	0.478011	1.673040	0.300000	2
1094	1095	1097	1098	-334.583152	0.478011	1.673040	0.300000	2
1096	1095	1097	1098	-203.363233	0.478011	1.673040	0.300000	1
1095	1097	1098	1099	-134.546307	0.478011	1.673040	0.300000	1
1095	1097	1098	1100	-0.148498	0.478011	1.673040	0.300000	2
1097	1098	1100	1101	-335.673187	0.478011	1.673040	0.300000	2
1099	1098	1100	1101	-203.365029	0.478011	1.673040	0.300000	1
1098	1100	1101	1102	-134.548062	0.478011	1.673040	0.300000	1
1098	1100	1101	1103	-6.633152	0.478011	1.673040	0.300000	2
1100	1101	1103	1104	-332.880269	0.478011	1.673040	0.300000	2
1102	1101	1103	1104	-207.850743	0.478011	1.673040	0.300000	1
1101	1103	1104	1105	-125.218030	0.478011	1.673040	0.300000	1
1101	1103	1104	1106	-358.632438	0.478011	1.673040	0.300000	2
1103	1104	1106	1107	-337.663209	0.478011	1.673040	0.300000	2
1105	1104	1106	1107	-213.819338	0.478011	1.673040	0.300000	1
1104	1106	1107	1108	-126.634873	0.478011	1.673040	0.300000	1
1104	1106	1107	1109	-6.743972	0.478011	1.673040	0.300000	2
1106	1107	1109	1110	-329.896688	0.478011	1.673040	0.300000	2
1108	1107	1109	1110	-219.273416	0.478011	1.673040	0.300000	1
1107	1109	1110	1111	-133.953484	0.478011	1.673040	0.300000	1
1107	1109	1110	1112	-348.369055	0.478011	1.673040	0.300000	2
1109	1110	1112	1113	-340.489779	0.478011	1.673040	0.300000	2
1111	1110	1112	1113	-197.079503	0.478011	1.673040	0.300000	1
1110	1112	1113	1114	-134.484891	0.478011	1.673040	0.300000	1
1110	1112	1113	1115	-9.403496	0.478011	1.673040	0.300000	2
1112	1113	1115	1116	-335.198361	0.478011	1.673040	0.300000	2
1114	1113	1115	1116	-213.813706	0.478011	1.673040	0.300000	1
1113	1115	1116	1117	-126.637232	0.478011	1.673040	0.300000	1
1113	1115	1116	1118	-4.151984	0.478011	1.673040	0.300000	2
1115	1116	1118	1119	-331.279419	0.478011	1.673040	0.300000	2
1117	1116	1118	1119	-219.037630	0.478011	1.673040	0.300000	1
1116	1118	1119	1120	-127.162541	0.478011	1.673040	0.300000	1
1116	1118	1119	1121	-359.135316	0.478011	1.673040	0.300000	2
1118	1119	1121	1122	-335.745239	0.478011	1.673040	0.300000	2
1120	1119	1121	1122	-211.357911	0.478011	1.673040	0.300000	1
1119	1121	1122	1123	-130.235002	0.478011	1.673040	0.300000	1
1119	1121	1122	1124	-1.690813	0.478011	1.673040	0.300000	2
1121	1122	1124	1125	-335.368247	0.478011	1.673040	0.300000	2
1123	1122	1124	1125	-211.607591	0.478011	1.673040	0.300000	1
1122	1124	1125	1126	-134.807364	0.478011	1.673040	0.300000	1
1122	1124	1125	1127	-5.720144	0.478011	1.673040	0.300000	2
1124	1125	1127	1128	-336.313295	0.478011	1.673040	0.300000	2
1126	1125	1127	1128	-209.241822	0.478011	1.673040	0.300000	1
1125	1127	1128	1129	-122.796920	0.478011	1.673040	0.300000	1
1125	1127	1128	1130	-0.266362	0.478011	1.673040	0.300000	2
1127	1128	1130	1131	-331.943102	0.478011	1.673040	0.300000	2
1129	1128	1130	1131	-219.040503	0.478011	1.673040	0.300000	1
1128	1130	1131	1132	-127.158258	0.478011	1.673040	0.300000	1
1128	1130	1131	1133	-357.662032	0.478011	1.673040	0.300000	2
1130	1131	1133	1134	-336.623111	0.478011	1.673040	0.300000	2
1132	1131	1133	1134	-211.610042	0.478011	1.673040	0.300000	1
1131	1133	1134	1135	-134.807247	0.478011	1.673040	0.300000	1
1131	1133	1134	1136	-359.592495	0.478011	1.673040	0.300000	2
1133	1134	1136	1137	-336.080881	0.478011	1.673040	0.300000	2
1135	1134	1136	1137	-203.352411	0.478011	1.673040	0.300000	1
1134	1136	1137	1138	-134.556435	0.478011	1.673040	0.300000	1
1134	1136	1137	1139	-0.145006	0.478011	1.673040	0.300000	2
1136	1137	1139	1140	-335.680402	0.478011	1.673040	0.300000	2
1138	1137	1139	1140	-203.363178	0.478011	1.673040	0.300000	1
1137	1139	1140	1141	-134.553019	0.478011	1.673040	0.300000	1
1137	1139	1140	1142	-0.148812	0.478011	1.673040	0.300000	2
1139	1140	1142	1143	-335.670967	0.478011	1.673040	0.300000	2
1141	1140	1142	1143	-203.360585	0.478011	1.673040	0.300000	1
1140	1142	1143	1144	-134.549802	0.478011	1.673040	0.300000	1
1140	1142	1143	1145	-8.607614	0.478011	1.673040	0.300000	2
1142	1143	1145	1146	-331.255074	0.478011	1.673040	0.300000	2
1144	1143	1145	1146	-207.109591	0.478011	1.673040	0.300000	1
1143	1145	1146	1147	-133.019971	0.478011	1.673040	0.300000	1
1143	1145	1146	1148	-0.159891	0.478011	1.673040	0.300000	2
1145	1146	1148	1149	-334.508716	0.478011	1.673040	0.300000	2
1147	1146	1148	1149	-200.529231	0.478011	1.673040	0.300000	1
1146	1148	1149	1150	-136.074397	0.478011	1.673040	0.300000	1
1146	1148	1149	1151	-352.623366	0.478011	1.673040	0.300000	2
1148	1149	1151	1152	-338.470846	0.478011	1.673040	0.300000	2
1150	1149	1151	1152	-197.078783	0.478011	1.673040	0.300000	1
1149	1151	1152	1153	-134.486804	0.478011	1.673040	0.300000	1
1149	1151	1152	1154	-6.963064	0.478011	1.673040	0.300000	2
1151	1152	1154	1155	-334.007982	0.478011	1.673040	0.300000	2
1153	1152	1154	1155	-211.603916	0.478011	1.673040	0.300000	1
1152	1154	1155	1156	-134.809820	0.478011	1.673040	0.300000	1
1152	1154	1155	1157	-5.728086	0.478011	1.673040	0.300000	2
1154	1155	1157	1158	-336.316422	0.478011	1.673040	0.300000	2
1156	1155	1157	1158	-209.250569	0.478011	1.673040	0.300000	1
1155	1157	1158	1159	-122.787618	0.478011	1.673040	0.300000	1
1155	1157	1158	1160	-2.825291	0.478011	1.673040	0.300000	2
1157	1158	1160	1161	-330.666839	0.478011	1.673040	0.300000	2
1159	1158	1160	1161	-219.282321	0.478011	1.673040	0.300000	1
1158	1160	1161	1162	-133.947696	0.478011	1.673040	0.300000	1
1158	1160	1161	1163	-355.455451	0.478011	1.673040	0.300000	2
1160	1161	1163	1164	-340.167583	0.478011	1.673040	0.300000	2
1162	1161	1163	1164	-201.472838	0.478011	1.673040	0.300000	1
1161	1163	1164	1165	-128.439773	0.478011	1.673040	0.300000	1
1161	1163	1164	1166	-5.248629	0.478011	1.673040	0.300000	2
1163	1164	1166	1167	-334.237270	0.478011	1.673040	0.300000	2
1165	1164	1166	1167	-218.772735	0.478011	1.673040	0.300000	1
1164	1166	1167	1168	-125.626365	0.478011	1.673040	0.300000	1
1164	1166	1167	1169	-2.998577	0.478011	1.673040	0.300000	2
1166	1167	1169	1170	-331.665268	0.478011	1.673040	0.300000	2
1168	1167	1169	1170	-219.043257	0.478011	1.673040	0.300000	1
1167	1169	1170	1171	-127.154102	0.478011	1.673040	0.300000	1
1167	1169	1170	1172	-357.664165	0.478011	1.673040	0.300000	2
1169	1170	1172	1173	-336.618863	0.478011	1.673040	0.300000	2
1171	1170	1172	1173	-211.609793	0.478011	1.673040	0.300000	1
1170	1172	1173	1174	-134.802234	0.478011	1.673040	0.300000	1
1170	1172	1173	1175	-8.266659	0.478011	1.673040	0.300000	2
1172	1173	1175	1176	-331.278286	0.478011	1.673040	0.300000	2
1174	1173	1175	1176	-207.122435	0.478011	1.673040	0.300000	1
1173	1175	1176	1177	-133.010852	0.478011	1.673040	0.300000	1
1173	1175	1176	1178	-348.418778	0.478011	1.673040	0.300000	2
1175	1176	1178	1179	-339.748210	0.478011	1.673040	0.300000	2
1177	1176	1178	1179	-197.081608	0.478011	1.673040	0.300000	1
1176	1178	1179	1180	-134.478122	0.478011	1.673040	0.300000	1
1176	1178	1179	1181	-9.401795	0.478011	1.673040	0.300000	2
1178	1179	1181	1182	-335.210402	0.478011	1.673040	0.300000	2
1180	1179	1181	1182	-213.823493	0.478011	1.673040	0.300000	1
1179	1181	1182	1183	-126.629747	0.478011	1.673040	0.300000	1
1179	1181	1182	1184	-6.743531	0.478011	1.673040	0.300000	2
1181	1182	1184	1185	-329.899028	0.478011	1.673040	0.300000	2
1183	1182	1184	1185	-219.281866	0.478011	1.673040	0.300000	1
1182	1184	1185	1186	-133.948104	0.478011	1.673040	0.300000	1
1182	1184	1185	1187	-0.319389	0.478011	1.673040	0.300000	2
1184	1185	1187	1188	-334.802003	0.478011	1.673040	0.300000	2
1186	1185	1187	1188	-200.525387	0.478011	1.673040	0.300000	1
1185	1187	1188	1189	-136.080891	0.478011	1.673040	0.300000	1
1185	1187	1188	1190	-354.239326	0.478011	1.673040	0.300000	2
1187	1188	1190	1191	-337.783790	0.478011	1.673040	0.300000	2
1189	1188	1190	1191	-196.643575	0.478011	1.673040	0.300000	1
1188	1190	1191	1192	-138.907485	0.478011	1.673040	0.300000	1
1188	1190	1191	1193	-5.250195	0.478011	1.673040	0.300000	2
1190	1191	1193	1194	-334.584189	0.478011	1.673040	0.300000	2
1192	1191	1193	1194	-203.366766	0.478011	1.673040	0.300000	1
1191	1193	1194	1195	-134.540809	0.478011	1.673040	0.300000	1
1191	1193	1194	1196	-6.115906	0.478011	1.673040	0.300000	2
1193	1194	1196	1197	-336.184658	0.478011	1.673040	0.300000	2
1195	1194	1196	1197	-209.250192	0.478011	1.673040	0.300000	1
1194	1196	1197	1198	-122.792904	0.478011	1.673040	0.300000	1
1194	1196	1197	1199	-0.273812	0.478011	1.673040	0.300000	2
1196	1197	1199	1200	-331.935474	0.478011	1.673040	0.300000	2
1198	1197	1199	1200	-219.039699	0.478011	1.673040	0.300000	1
1197	1199	1200	1201	-127.156283	0.478011	1.673040	0.300000	1
1197	1199	1200	1202	-359.123146	0.478011	1.673040	0.300000	2
1199	1200	1202	1203	-335.757111	0.478011	1.673040	0.300000	2
1201	1200	1202	1203	-211.356894	0.478011	1.673040	0.300000	1
1200	1202	1203	1204	-130.233820	0.478011	1.673040	0.300000	1
1200	1202	1203	1205	-1.693598	0.478011	1.673040	0.300000	2
1202	1203	1205	1206	-335.363599	0.478011	1.673040	0.300000	2
1204	1203	1205	1206	-211.605879	0.478011	1.673040	0.300000	1
1203	1205	1206	1207	-134.807811	0.478011	1.673040	0.300000	1
1203	1205	1206	1208	-8.271823	0.478011	1.673040	0.300000	2
1205	1206	1208	1209	-331.274059	0.478011	1.673040	0.300000	2
1207	1206	1208	1209	-207.116058	0.478011	1.673040	0.300000	1
1206	1208	1209	1210	-133.013112	0.478011	1.673040	0.300000	1
1206	1208	1209	1211	-348.408893	0.478011	1.673040	0.300000	2
1208	1209	1211	1212	-339.754611	0.478011	1.673040	0.300000	2
1210	1209	1211	1212	-197.075526	0.478011	1.673040	0.300000	1
1209	1211	1212	1213	-134.489373	0.478011	1.673040	0.300000	1
1209	1211	1212	1214	-9.407110	0.478011	1.673040	0.300000	2
1211	1212	1214	1215	-335.215970	0.478011	1.673040	0.300000	2
1213	1212	1214	1215	-213.827623	0.478011	1.673040	0.300000	1
1212	1214	1215	1216	-126.625951	0.478011	1.673040	0.300000	1
1212	1214	1215	1217	-6.748410	0.478011	1.673040	0.300000	2
1214	1215	1217	1218	-329.892153	0.478011	1.673040	0.300000	2
1216	1215	1217	1218	-219.281515	0.478011	1.673040	0.300000	1
1215	1217	1218	1219	-133.946781	0.478011	1.673040	0.300000	1
1215	1217	1218	1220	-349.875271	0.478011	1.673040	0.300000	2
1217	1218	1220	1221	-339.784715	0.478011	1.673040	0.300000	2
1219	1218	1220	1221	-196.640893	0.478011	1.673040	0.300000	1
1218	1220	1221	1222	-138.908214	0.478011	1.673040	0.300000	1
1218	1220	1221	1223	-5.248265	0.478011	1.673040	0.300000	2
1220	1221	1223	1224	-334.579756	0.478011	1.673040	0.300000	2
1222	1221	1223	1224	-203.356015	0.478011	1.673040	0.300000	1
1221	1223	1224	1225	-134.555154	0.478011	1.673040	0.300000	1
1221	1223	1224	1226	-6.642026	0.478011	1.673040	0.300000	2
1223	1224	1226	1227	-332.890685	0.478011	1.673040	0.300000	2
1225	1224	1226	1227	-207.859437	0.478011	1.673040	0.300000	1
1224	1226	1227	1228	-125.210066	0.478011	1.673040	0.300000	1
1224	1226	1227	1229	-356.299920	0.478011	1.673040	0.300000	2
1226	1227	1229	1230	-336.380702	0.478011	1.673040	0.300000	2
1228	1227	1229	1230	-211.602445	0.478011	1.673040	0.300000	1
1227	1229	1230	1231	-134.807245	0.478011	1.673040	0.300000	1
1227	1229	1230	1232	-5.721444	0.478011	1.673040	0.300000	2
1229	1230	1232	1233	-336.316705	0.478011	1.673040	0.300000	2
1231	1230	1232	1233	-209.243198	0.478011	1.673040	0.300000	1
1230	1232	1233	1234	-122.795379	0.478011	1.673040	0.300000	1
1230	1232	1233	1235	-2.828703	0.478011	1.673040	0.300000	2
1232	1233	1235	1236	-330.674638	0.478011	1.673040	0.300000	2
1234	1233	1235	1236	-219.286258	0.478011	1.673040	0.300000	1
1233	1235	1236	1237	-133.945998	0.478011	1.673040	0.300000	1
1233	1235	1236	1238	-348.365341	0.478011	1.673040	0.300000	2
1235	1236	1238	1239	-340.472553	0.478011	1.673040	0.300000	2
1237	1236	1238	1239	-197.071605	0.478011	1.673040	0.300000	1
1236	1238	1239	1240	-134.488228	0.478011	1.673040	0.300000	1
1236	1238	1239	1241	-8.477399	0.478011	1.673040	0.300000	2
1238	1239	1241	1242	-333.159380	0.478011	1.673040	0.300000	2
1240	1239	1241	1242	-211.365880	0.478011	1.673040	0.300000	1
1239	1241	1242	1243	-130.226533	0.478011	1.673040	0.300000	1
1239	1241	1242	1244	-4.098980	0.478011	1.673040	0.300000	2
1241	1242	1244	1245	-336.550369	0.478011	1.673040	0.300000	2
1243	1242	1244	1245	-213.827283	0.478011	1.673040	0.300000	1
1242	1244	1245	1246	-126.627234	0.478011	1.673040	0.300000	1
1242	1244	1245	1247	-2.809380	0.478011	1.673040	0.300000	2
1244	1245	1247	1248	-334.875026	0.478011	1.673040	0.300000	2
1246	1245	1247	1248	-218.774667	0.478011	1.673040	0.300000	1
1245	1247	1248	1249	-125.622008	0.478011	1.673040	0.300000	1
1245	1247	1248	1250	-1.590349	0.478011	1.673040	0.300000	2
1247	1248	1250	1251	-335.287239	0.478011	1.673040	0.300000	2
1249	1248	1250	1251	-218.775092	0.478011	1.673040	0.300000	1
1248	1250	1251	1252	-125.631513	0.478011	1.673040	0.300000	1
1248	1250	1251	1253	-1.606047	0.478011	1.673040	0.300000	2
1250	1251	1253	1254	-335.285806	0.478011	1.673040	0.300000	2
1252	1251	1253	1254	-218.770271	0.478011	1.673040	0.300000	1
1251	1253	1254	1255	-125.623188	0.478011	1.673040	0.300000	1
1251	1253	1254	1256	-5.590336	0.478011	1.673040	0.300000	2
1253	1254	1256	1257	-330.307308	0.478011	1.673040	0.300000	2
1255	1254	1256	1257	-219.285901	0.478011	1.673040	0.300000	1
1254	1256	1257	1258	-133.943295	0.478011	1.673040	0.300000	1
1254	1256	1257	1259	-349.885399	0.478011	1.673040	0.300000	2
1256	1257	1259	1260	-339.774520	0.478011	1.673040	0.300000	2
1258	1257	1259	1260	-196.641839	0.478011	1.673040	0.300000	1
1257	1259	1260	1261	-138.906761	0.478011	1.673040	0.300000	1
1257	1259	1260	1262	-11.158022	0.478011	1.673040	0.300000	2
1259	1260	1262	1263	-335.118592	0.478011	1.673040	0.300000	2
1261	1260	1262	1263	-209.251613	0.478011	1.673040	0.300000	1
1260	1262	1263	1264	-122.791201	0.478011	1.673040	0.300000	1
1260	1262	1263	1265	-2.821469	0.478011	1.673040	0.300000	2
1262	1263	1265	1266	-330.666600	0.478011	1.673040	0.300000	2
1264	1263	1265	1266	-219.275715	0.478011	1.673040	0.300000	1
1263	1265	1266	1267	-133.952051	0.478011	1.673040	0.300000	1
1263	1265	1266	1268	-0.325410	0.478011	1.673040	0.300000	2
1265	1266	1268	1269	-334.810179	0.478011	1.673040	0.300000	2
1267	1266	1268	1269	-200.534205	0.478011	1.673040	0.300000	1
1266	1268	1269	1270	-136.072809	0.478011	1.673040	0.300000	1
1266	1268	1269	1271	-354.238216	0.478011	1.673040	0.300000	2
1268	1269	1271	1272	-337.779154	0.478011	1.673040	0.300000	2
1270	1269	1271	1272	-196.646603	0.478011	1.673040	0.300000	1
1269	1271	1272	1273	-138.906002	0.478011	1.673040	0.300000	1
1269	1271	1272	1274	-13.569643	0.478011	1.673040	0.300000	2
1271	1272	1274	1275	-330.223554	0.478011	1.673040	0.300000	2
1273	1272	1274	1275	-207.122198	0.478011	1.673040	0.300000	1
1272	1274	1275	1276	-133.009894	0.478011	1.673040	0.300000	1
1272	1274	1275	1277	-348.417789	0.478011	1.673040	0.300000	2
1274	1275	1277	1278	-339.744938	0.478011	1.673040	0.300000	2
1276	1275	1277	1278	-197.078532	0.478011	1.673040	0.300000	1
1275	1277	1278	1279	-134.482781	0.478011	1.673040	0.300000	1
1275	1277	1278	1280	-6.956496	0.478011	1.673040	0.300000	2
1277	1278	1280	1281	-334.009608	0.478011	1.673040	0.300000	2
1279	1278	1280	1281	-211.603263	0.478011	1.673040	0.300000	1
1278	1280	1281	1282	-134.811504	0.478011	1.673040	0.300000	1
1278	1280	1281	1283	-8.277208	0.478011	1.673040	0.300000	2
1280	1281	1283	1284	-331.280653	0.478011	1.673040	0.300000	2
1282	1281	1283	1284	-207.125549	0.478011	1.673040	0.300000	1
1281	1283	1284	1285	-133.007784	0.478011	1.673040	0.300000	1
1281	1283	1284	1286	-355.427483	0.478011	1.673040	0.300000	2
1283	1284	1286	1287	-339.656621	0.478011	1.673040	0.300000	2
1285	1284	1286	1287	-201.474704	0.478011	1.673040	0.300000	1
1284	1286	1287	1288	-128.435291	0.478011	1.673040	0.300000	1
1284	1286	1287	1289	-5.242787	0.478011	1.673040	0.300000	2
1286	1287	1289	1290	-334.240882	0.478011	1.673040	0.300000	2
1288	1287	1289	1290	-218.775904	0.478011	1.673040	0.300000	1
1287	1289	1290	1291	-125.627772	0.478011	1.673040	0.300000	1
1287	1289	1290	1292	-1.601053	0.478011	1.673040	0.300000	2
1289	1290	1292	1293	-335.287051	0.478011	1.673040	0.300000	2
1291	1290	1292	1293	-218.777565	0.478011	1.673040	0.300000	1
1290	1292	1293	1294	-125.623050	0.478011	1.673040	0.300000	1
1290	1292	1293	1295	-2.995106	0.478011	1.673040	0.300000	2
1292	1293	1295	1296	-331.660124	0.478011	1.673040	0.300000	2
1294	1293	1295	1296	-219.038242	0.478011	1.673040	0.300000	1
1293	1295	1296	1297	-127.160580	0.478011	1.673040	0.300000	1
1293	1295	1296	1298	-359.129297	0.478011	1.673040	0.300000	2
1295	1296	1298	1299	-335.752560	0.478011	1.673040	0.300000	2
1297	1296	1298	1299	-211.358387	0.478011	1.673040	0.300000	1
1296	1298	1299	1300	-130.237071	0.478011	1.673040	0.300000	1
1296	1298	1299	1301	-1.698193	0.478011	1.673040	0.300000	2
1298	1299	1301	1302	-335.368639	0.478011	1.673040	0.300000	2
1300	1299	1301	1302	-211.609066	0.478011	1.673040	0.300000	1
1299	1301	1302	1303	-134.806118	0.478011	1.673040	0.300000	1
1299	1301	1302	1304	-359.605327	0.478011	1.673040	0.300000	2
1301	1302	1304	1305	-336.078880	0.478011	1.673040	0.300000	2
1303	1302	1304	1305	-203.369578	0.478011	1.673040	0.300000	1
1302	1304	1305	1306	-134.541281	0.478011	1.673040	0.300000	1
1302	1304	1305	1307	-0.149874	0.478011	1.673040	0.300000	2
1304	1305	1307	1308	-335.670312	0.478011	1.673040	0.300000	2
1306	1305	1307	1308	-203.371142	0.478011	1.673040	0.300000	1
1305	1307	1308	1309	-134.543774	0.478011	1.673040	0.300000	1
1305	1307	1308	1310	-6.124697	0.478011	1.673040	0.300000	2
1307	1308	1310	1311	-336.178209	0.478011	1.673040	0.300000	2
1309	1308	1310	1311	-209.256021	0.478011	1.673040	0.300000	1
1308	1310	1311	1312	-122.785764	0.478011	1.673040	0.300000	1
1308	1310	1311	1313	-359.486366	0.478011	1.673040	0.300000	2
1310	1311	1313	1314	-332.479717	0.478011	1.673040	0.300000	2
1312	1311	1313	1314	-216.955207	0.478011	1.673040	0.300000	1
1311	1313	1314	1315	-132.920889	0.478011	1.673040	0.300000	1
1311	1313	1314	1316	-3.953688	0.478011	1.673040	0.300000	2
1313	1314	1316	1317	-333.865465	0.478011	1.673040	0.300000	2
1315	1314	1316	1317	-207.855028	0.478011	1.673040	0.300000	1
1314	1316	1317	1318	-125.216594	0.478011	1.673040	0.300000	1
1314	1316	1317	1319	-356.299757	0.478011	1.673040	0.300000	2
1316	1317	1319	1320	-336.389566	0.478011	1.673040	0.300000	2
1318	1317	1319	1320	-211.605266	0.478011	1.673040	0.300000	1
1317	1319	1320	1321	-134.804271	0.478011	1.673040	0.300000	1
1317	1319	1320	1322	-6.266565	0.478011	1.673040	0.300000	2
1319	1320	1322	1323	-332.979742	0.478011	1.673040	0.300000	2
1321	1320	1322	1323	-207.854465	0.478011	1.673040	0.300000	1
1320	1322	1323	1324	-125.210936	0.478011	1.673040	0.300000	1
1320	1322	1323	1325	-358.630234	0.478011	1.673040	0.300000	2
1322	1323	1325	1326	-337.664216	0.478011	1.673040	0.300000	2
1324	1323	1325	1326	-213.820795	0.478011	1.673040	0.300000	1
1323	1325	1326	1327	-126.631022	0.478011	1.673040	0.300000	1
1323	1325	1326	1328	-2.808226	0.478011	1.673040	0.300000	2
1325	1326	1328	1329	-334.874068	0.478011	1.673040	0.300000	2
1327	1326	1328	1329	-218.772534	0.478011	1.673040	0.300000	1
1326	1328	1329	1330	-125.630416	0.478011	1.673040	0.300000	1
1326	1328	1329	1331	-1.592796	0.478011	1.673040	0.300000	2
1328	1329	1331	1332	-335.285307	0.478011	1.673040	0.300000	2
1330	1329	1331	1332	-218.764574	0.478011	1.673040	0.300000	1
1329	1331	1332	1333	-125.632311	0.478011	1.673040	0.300000	1
1329	1331	1332	1334	-1.598345	0.478011	1.673040	0.300000	2
1331	1332	1334	1335	-335.294890	0.478011	1.673040	0.300000	2
1333	1332	1334	1335	-218.776973	0.478011	1.673040	0.300000	1
1332	1334	1335	1336	-125.624619	0.478011	1.673040	0.300000	1
1332	1334	1335	1337	-5.583420	0.478011	1.673040	0.300000	2
1334	1335	1337	1338	-330.306993	0.478011	1.673040	0.300000	2
1336	1335	1337	1338	-219.284592	0.478011	1.673040	0.300000	1
1335	1337	1338	1339	-133.946476	0.478011	1.673040	0.300000	1
1335	1337	1338	1340	-0.322714	0.478011	1.673040	0.300000	2
1337	1338	1340	1341	-334.806745	0.478011	1.673040	0.300000	2
1339	1338	1340	1341	-200.535324	0.478011	1.673040	0.300000	1
1338	1340	1341	1342	-136.071506	0.478011	1.673040	0.300000	1
1338	1340	1341	1343	-359.685779	0.478011	1.673040	0.300000	2
1340	1341	1343	1344	-338.432043	0.478011	1.673040	0.300000	2
1342	1341	1343	1344	-201.476224	0.478011	1.673040	0.300000	1
1341	1343	1344	1345	-128.435341	0.478011	1.673040	0.300000	1
1341	1343	1344	1346	-5.832859	0.478011	1.673040	0.300000	2
1343	1344	1346	1347	-331.225424	0.478011	1.673040	0.300000	2
1345	1344	1346	1347	-216.968685	0.478011	1.673040	0.300000	1
1344	1346	1347	1348	-132.916287	0.478011	1.673040	0.300000	1
1344	1346	1347	1349	-5.941704	0.478011	1.673040	0.300000	2
1346	1347	1349	1350	-332.167716	0.478011	1.673040	0.300000	2
1348	1347	1349	1350	-207.121243	0.478011	1.673040	0.300000	1
1347	1349	1350	1351	-133.007585	0.478011	1.673040	0.300000	1
1347	1349	1350	1352	-355.408817	0.478011	1.673040	0.300000	2
1349	1350	1352	1353	-339.665790	0.478011	1.673040	0.300000	2
1351	1350	1352	1353	-201.464372	0.478011	1.673040	0.300000	1
1350	1352	1353	1354	-128.449200	0.478011	1.673040	0.300000	1
1350	1352	1353	1355	-5.838992	0.478011	1.673040	0.300000	2
1352	1353	1355	1356	-331.224158	0.478011	1.673040	0.300000	2
1354	1353	1355	1356	-216.959142	0.478011	1.673040	0.300000	1
1353	1355	1356	1357	-132.918105	0.478011	1.673040	0.300000	1
1353	1355	1356	1358	-3.338145	0.478011	1.673040	0.300000	2
1355	1356	1358	1359	-337.223229	0.478011	1.673040	0.300000	2
1357	1356	1358	1359	-209.250091	0.478011	1.673040	0.300000	1
1356	1358	1359	1360	-122.788861	0.478011	1.673040	0.300000	1
1356	1358	1359	1361	-0.257657	0.478011	1.673040	0.300000	2
1358	1359	1361	1362	-331.936274	0.478011	1.673040	0.300000	2
1360	1359	1361	1362	-219.030482	0.478011	1.673040	0.300000	1
1359	1361	1362	1363	-127.164699	0.478011	1.673040	0.300000	1
1359	1361	1362	1364	-0.038688	0.478011	1.673040	0.300000	2
1361	1362	1364	1365	-337.800481	0.478011	1.673040	0.300000	2
1363	1362	1364	1365	-213.820209	0.478011	1.673040	0.300000	1
1362	1364	1365	1366	-126.630428	0.478011	1.673040	0.300000	1
1362	1364	1365	1367	-6.738829	0.478011	1.673040	0.300000	2
1364	1365	1367	1368	-329.903757	0.478011	1.673040	0.300000	2
1366	1365	1367	1368	-219.275629	0.478011	1.673040	0.300000	1
1365	1367	1368	1369	-133.952883	0.478011	1.673040	0.300000	1
1365	1367	1368	1370	-348.378589	0.478011	1.673040	0.300000	2
1367	1368	1370	1371	-340.479455	0.478011	1.673040	0.300000	2
1369	1368	1370	1371	-197.080256	0.478011	1.673040	0.300000	1
1368	1370	1371	1372	-134.480971	0.478011	1.673040	0.300000	1
1368	1370	1371	1373	-6.962380	0.478011	1.673040	0.300000	2
1370	1371	1373	1374	-334.006679	0.478011	1.673040	0.300000	2
1372	1371	1373	1374	-211.605646	0.478011	1.673040	0.300000	1
1371	1373	1374	1375	-134.806326	0.478011	1.673040	0.300000	1
1371	1373	1374	1376	-8.266286	0.478011	1.673040	0.300000	2
1373	1374	1376	1377	-331.273856	0.478011	1.673040	0.300000	2
1375	1374	1376	1377	-207.113937	0.478011	1.673040	0.300000	1
1374	1376	1377	1378	-133.020494	0.478011	1.673040	0.300000	1
1374	1376	1377	1379	-0.174338	0.478011	1.673040	0.300000	2
1376	1377	1379	1380	-334.495933	0.478011	1.673040	0.300000	2
1378	1377	1379	1380	-200.528720	0.478011	1.673040	0.300000	1
1377	1379	1380	1381	-136.073476	0.478011	1.673040	0.300000	1
1377	1379	1380	1382	-359.670911	0.478011	1.673040	0.300000	2
1379	1380	1382	1383	-338.439709	0.478011	1.673040	0.300000	2
1381	1380	1382	1383	-201.464295	0.478011	1.673040	0.300000	1
1380	1382	1383	1384	-128.442626	0.478011	1.673040	0.300000	1
1380	1382	1383	1385	-9.033362	0.478011	1.673040	0.300000	2
1382	1383	1385	1386	-329.471510	0.478011	1.673040	0.300000	2
1384	1383	1385	1386	-219.280724	0.478011	1.673040	0.300000	1
1383	1385	1386	1387	-133.953016	0.478011	1.673040	0.300000	1
1383	1385	1386	1388	-0.316468	0.478011	1.673040	0.300000	2
1385	1386	1388	1389	-334.805223	0.478011	1.673040	0.300000	2
1387	1386	1388	1389	-200.526301	0.478011	1.673040	0.300000	1
1386	1388	1389	1390	-136.082513	0.478011	1.673040	0.300000	1
1386	1388	1389	1391	-354.235925	0.478011	1.673040	0.300000	2
1388	1389	1391	1392	-337.788251	0.478011	1.673040	0.300000	2
1390	1389	1391	1392	-196.640933	0.478011	1.673040	0.300000	1
1389	1391	1392	1393	-138.909282	0.478011	1.673040	0.300000	1
1389	1391	1392	1394	-11.160629	0.478011	1.673040	0.300000	2
1391	1392	1394	1395	-335.117661	0.478011	1.673040	0.300000	2
1393	1392	1394	1395	-209.248235	0.478011	1.673040	0.300000	1
1392	1394	1395	1396	-122.790292	0.478011	1.673040	0.300000	1
1392	1394	1395	1397	-359.489366	0.478011	1.673040	0.300000	2
1394	1395	1397	1398	-332.487761	0.478011	1.673040	0.300000	2
1396	1395	1397	1398	-216.961899	0.478011	1.673040	0.300000	1
1395	1397	1398	1399	-132.919606	0.478011	1.673040	0.300000	1
1395	1397	1398	1400	-3.338568	0.478011	1.673040	0.300000	2
1397	1398	1400	1401	-337.215631	0.478011	1.673040	0.300000	2
1399	1398	1400	1401	-209.243467	0.478011	1.673040	0.300000	1
1398	1400	1401	1402	-122.792460	0.478011	1.673040	0.300000	1
1398	1400	1401	1403	-358.842628	0.478011	1.673040	0.300000	2
1400	1401	1403	1404	-335.545185	0.478011	1.673040	0.300000	2
1402	1401	1403	1404	-218.774604	0.478011	1.673040	0.300000	1
1401	1403	1404	1405	-125.627988	0.478011	1.673040	0.300000	1
1401	1403	1404	1406	-5.592269	0.478011	1.673040	0.300000	2
1403	1404	1406	1407	-330.302806	0.478011	1.673040	0.300000	2
1405	1404	1406	1407	-219.283283	0.478011	1.673040	0.300000	1
1404	1406	1407	1408	-133.946284	0.478011	1.673040	0.300000	1
1404	1406	1407	1409	-349.876456	0.478011	1.673040	0.300000	2
1406	1407	1409	1410	-339.778782	0.478011	1.673040	0.300000	2
1408	1407	1409	1410	-196.636844	0.478011	1.673040	0.300000	1
1407	1409	1410	1411	-138.916035	0.478011	1.673040	0.300000	1
1407	1409	1410	1412	-11.158786	0.478011	1.673040	0.300000	2
1409	1410	1412	1413	-335.117981	0.478011	1.673040	0.300000	2
1411	1410	1412	1413	-209.243479	0.478011	1.673040	0.300000	1
1410	1412	1413	1414	-122.797637	0.478011	1.673040	0.300000	1
1416	1415	1417	1418	-209.249093	0.478011	1.673040	0.300000	1
1415	1417	1418	1419	-122.789411	0.478011	1.673040	0.300000	1
1415	1417	1418	1420	-0.269815	0.478011	1.673040	0.300000	2
1417	1418	1420	1421	-331.937334	0.478011	1.673040	0.300000	2
1419	1418	1420	1421	-219.041461	0.478011	1.673040	0.300000	1
1418	1420	1421	1422	-127.156845	0.478011	1.673040	0.300000	1
1418	1420	1421	1423	-357.663900	0.478011	1.673040	0.300000	2
1420	1421	1423	1424	-336.622407	0.478011	1.673040	0.300000	2
1422	1421	1423	1424	-211.610514	0.478011	1.673040	0.300000	1
1421	1423	1424	1425	-134.805005	0.478011	1.673040	0.300000	1
1421	1423	1424	1426	-359.702090	0.478011	1.673040	0.300000	2
1423	1424	1426	1427	-335.950211	0.478011	1.673040	0.300000	2
1425	1424	1426	1427	-203.323314	0.478011	1.673040	0.300000	1
1424	1426	1427	1428	-134.604347	0.478011	1.673040	0.300000	1
1424	1426	1427	1429	-6.172714	0.478011	1.673040	0.300000	2
1426	1427	1429	1430	-336.194037	0.478011	1.673040	0.300000	2
1428	1427	1429	1430	-209.251501	0.478011	1.673040	0.300000	1
1427	1429	1430	1431	-122.788240	0.478011	1.673040	0.300000	1
1427	1429	1430	1432	-359.488432	0.478011	1.673040	0.300000	2
1429	1430	1432	1433	-332.484834	0.478011	1.673040	0.300000	2
1431	1430	1432	1433	-216.962680	0.478011	1.673040	0.300000	1
1430	1432	1433	1434	-132.919289	0.478011	1.673040	0.300000	1
1430	1432	1433	1435	-3.333491	0.478011	1.673040	0.300000	2
1432	1433	1435	1436	-337.222102	0.478011	1.673040	0.300000	2
1434	1433	1435	1436	-209.248105	0.478011	1.673040	0.300000	1
1433	1435	1436	1437	-122.789797	0.478011	1.673040	0.300000	1
1433	1435	1436	1438	-0.262941	0.478011	1.673040	0.300000	2
1435	1436	1438	1439	-331.942372	0.478011	1.673040	0.300000	2
1437	1436	1438	1439	-219.040315	0.478011	1.673040	0.300000	1
1436	1438	1439	1440	-127.161813	0.478011	1.673040	0.300000	1
1436	1438	1439	1441	-359.133122	0.478011	1.673040	0.300000	2
1438	1439	1441	1442	-335.748967	0.478011	1.673040	0.300000	2
1440	1439	1441	1442	-211.356039	0.478011	1.673040	0.300000	1
1439	1441	1442	1443	-130.232385	0.478011	1.673040	0.300000	1
1439	1441	1442	1444	-1.693680	0.478011	1.673040	0.300000	2
1441	1442	1444	1445	-335.373870	0.478011	1.673040	0.300000	2
1443	1442	1444	1445	-211.616526	0.478011	1.673040	0.300000	1
1442	1444	1445	1446	-134.800811	0.478011	1.673040	0.300000	1
1442	1444	1445	1447	-6.273123	0.478011	1.673040	0.300000	2
1444	1445	1447	1448	-332.973676	0.478011	1.673040	0.300000	2
1446	1445	1447	1448	-207.855716	0.478011	1.673040	0.300000	1
1445	1447	1448	1449	-125.208501	0.478011	1.673040	0.300000	1
1445	1447	1448	1450	-357.737889	0.478011	1.673040	0.300000	2
1447	1448	1450	1451	-335.580230	0.478011	1.673040	0.300000	2
1449	1448	1450	1451	-211.365250	0.478011	1.673040	0.300000	1
1448	1450	1451	1452	-130.229782	0.478011	1.673040	0.300000	1
1448	1450	1451	1453	-4.096115	0.478011	1.673040	0.300000	2
1450	1451	1453	1454	-336.549709	0.478011	1.673040	0.300000	2
1452	1451	1453	1454	-213.817112	0.478011	1.673040	0.300000	1
1451	1453	1454	1455	-126.633194	0.478011	1.673040	0.300000	1
1451	1453	1454	1456	-6.749788	0.478011	1.673040	0.300000	2
1453	1454	1456	1457	-329.903722	0.478011	1.673040	0.300000	2
1455	1454	1456	1457	-219.278910	0.478011	1.673040	0.300000	1
1454	1456	1457	1458	-133.945419	0.478011	1.673040	0.300000	1
1454	1456	1457	1459	-348.365904	0.478011	1.673040	0.300000	2
1456	1457	1459	1460	-340.475167	0.478011	1.673040	0.300000	2
1458	1457	1459	1460	-197.072339	0.478011	1.673040	0.300000	1
1457	1459	1460	1461	-134.487129	0.478011	1.673040	0.300000	1
1457	1459	1460	1462	-6.963331	0.478011	1.673040	0.300000	2
1459	1460	1462	1463	-334.015041	0.478011	1.673040	0.300000	2
1461	1460	1462	1463	-211.606321	0.478011	1.673040	0.300000	1
1460	1462	1463	1464	-134.806393	0.478011	1.673040	0.300000	1
1460	1462	1463	1465	-8.275925	0.478011	1.673040	0.300000	2
1462	1463	1465	1466	-331.272577	0.478011	1.673040	0.300000	2
1464	1463	1465	1466	-207.123391	0.478011	1.673040	0.300000	1
1463	1465	1466	1467	-133.012260	0.478011	1.673040	0.300000	1
1463	1465	1466	1468	-349.950259	0.478011	1.673040	0.300000	2
1465	1466	1468	1469	-339.079227	0.478011	1.673040	0.300000	2
1467	1466	1468	1469	-196.641797	0.478011	1.673040	0.300000	1
1466	1468	1469	1470	-138.906887	0.478011	1.673040	0.300000	1
1466	1468	1469	1471	-11.157662	0.478011	1.673040	0.300000	2
1468	1469	1471	1472	-335.118770	0.478011	1.673040	0.300000	2
1470	1469	1471	1472	-209.249614	0.478011	1.673040	0.300000	1
1469	1471	1472	1473	-122.790348	0.478011	1.673040	0.300000	1
1469	1471	1472	1474	-359.494703	0.478011	1.673040	0.300000	2
1471	1472	1474	1475	-332.487643	0.478011	1.673040	0.300000	2
1473	1472	1474	1475	-216.968822	0.478011	1.673040	0.300000	1
1472	1474	1475	1476	-132.917493	0.478011	1.673040	0.300000	1
1472	1474	1475	1477	-3.953012	0.478011	1.673040	0.300000	2
1474	1475	1477	1478	-333.858201	0.478011	1.673040	0.300000	2
1476	1475	1477	1478	-207.855947	0.478011	1.673040	0.300000	1
1475	1477	1478	1479	-125.215427	0.478011	1.673040	0.300000	1
1475	1477	1478	1480	-358.629012	0.478011	1.673040	0.300000	2
1477	1478	1480	1481	-337.664096	0.478011	1.673040	0.300000	2
1479	1478	1480	1481	-213.823108	0.478011	1.673040	0.300000	1
1478	1480	1481	1482	-126.630318	0.478011	1.673040	0.300000	1
1478	1480	1481	1483	-3.429753	0.478011	1.673040	0.300000	2
1480	1481	1483	1484	-331.811006	0.478011	1.673040	0.300000	2
1482	1481	1483	1484	-216.959454	0.478011	1.673040	0.300000	1
1481	1483	1484	1485	-132.924661	0.478011	1.673040	0.300000	1
1481	1483	1484	1486	-3.961037	0.478011	1.673040	0.300000	2
1483	1484	1486	1487	-333.866617	0.478011	1.673040	0.300000	2
1485	1484	1486	1487	-207.858319	0.478011	1.673040	0.300000	1
1484	1486	1487	1488	-125.204437	0.478011	1.673040	0.300000	1
1484	1486	1487	1489	-357.746482	0.478011	1.673040	0.300000	2
1486	1487	1489	1490	-335.576792	0.478011	1.673040	0.300000	2
1488	1487	1489	1490	-211.370333	0.478011	1.673040	0.300000	1
1487	1489	1490	1491	-130.224599	0.478011	1.673040	0.300000	1
1487	1489	1490	1492	-1.693512	0.478011	1.673040	0.300000	2
1489	1490	1492	1493	-335.361544	0.478011	1.673040	0.300000	2
1491	1490	1492	1493	-211.612981	0.478011	1.673040	0.300000	1
1490	1492	1493	1494	-134.804913	0.478011	1.673040	0.300000	1
1490	1492	1493	1495	-359.705651	0.478011	1.673040	0.300000	2
1492	1493	1495	1496	-335.955617	0.478011	1.673040	0.300000	2
1494	1493	1495	1496	-203.333462	0.478011	1.673040	0.300000	1
1493	1495	1496	1497	-134.597734	0.478011	1.673040	0.300000	1
1493	1495	1496	1498	-0.295005	0.478011	1.673040	0.300000	2
1495	1496	1498	1499	-335.554292	0.478011	1.673040	0.300000	2
1497	1496	1498	1499	-203.328252	0.478011	1.673040	0.300000	1
1496	1498	1499	1500	-134.607354	0.478011	1.673040	0.300000	1
1496	1498	1499	1501	-0.290250	0.478011	1.673040	0.300000	2
1498	1499	1501	1502	-335.558937	0.478011	1.673040	0.300000	2
1500	1499	1501	1502	-203.317096	0.478011	1.673040	0.300000	1
1499	1501	1502	1503	-134.612858	0.478011	1.673040	0.300000	1
1499	1501	1502	1504	-8.652078	0.478011	1.673040	0.300000	2
1501	1502	1504	1505	-331.268430	0.478011	1.673040	0.300000	2
1503	1502	1504	1505	-207.109142	0.478011	1.673040	0.300000	1
1502	1504	1505	1506	-133.021050	0.478011	1.673040	0.300000	1
1502	1504	1505	1507	-355.419105	0.478011	1.673040	0.300000	2
1504	1505	1507	1508	-339.666734	0.478011	1.673040	0.300000	2
1506	1505	1507	1508	-201.464178	0.478011	1.673040	0.300000	1
1505	1507	1508	1509	-128.448505	0.478011	1.673040	0.300000	1
1505	1507	1508	1510	-9.032562	0.478011	1.673040	0.300000	2
1507	1508	1510	1511	-329.478467	0.478011	1.673040	0.300000	2
1509	1508	1510	1511	-219.285503	0.478011	1.673040	0.300000	1
1508	1510	1511	1512	-133.945709	0.478011	1.673040	0.300000	1
1508	1510	1511	1513	-355.457724	0.478011	1.673040	0.300000	2
1510	1511	1513	1514	-340.163800	0.478011	1.673040	0.300000	2
1512	1511	1513	1514	-201.472913	0.478011	1.673040	0.300000	1
1511	1513	1514	1515	-128.437464	0.478011	1.673040	0.300000	1
1511	1513	1514	1516	-5.839430	0.478011	1.673040	0.300000	2
1513	1514	1516	1517	-331.220508	0.478011	1.673040	0.300000	2
1515	1514	1516	1517	-216.968430	0.478011	1.673040	0.300000	1
1514	1516	1517	1518	-132.913945	0.478011	1.673040	0.300000	1
1514	1516	1517	1519	-3.332431	0.478011	1.673040	0.300000	2
1516	1517	1519	1520	-337.222243	0.478011	1.673040	0.300000	2
1518	1517	1519	1520	-209.252727	0.478011	1.673040	0.300000	1
1517	1519	1520	1521	-122.790571	0.478011	1.673040	0.300000	1
1517	1519	1520	1522	-358.758676	0.478011	1.673040	0.300000	2
1519	1520	1522	1523	-335.641408	0.478011	1.673040	0.300000	2
1521	1520	1522	1523	-218.817340	0.478011	1.673040	0.300000	1
1520	1522	1523	1524	-125.565116	0.478011	1.673040	0.300000	1
1520	1522	1523	1525	-1.453112	0.478011	1.673040	0.300000	2
1522	1523	1525	1526	-335.394756	0.478011	1.673040	0.300000	2
1524	1523	1525	1526	-218.813702	0.478011	1.673040	0.300000	1
1523	1525	1526	1527	-125.564776	0.478011	1.673040	0.300000	1
1523	1525	1526	1528	-5.528894	0.478011	1.673040	0.300000	2
1525	1526	1528	1529	-330.303800	0.478011	1.673040	0.300000	2
1527	1526	1528	1529	-219.285134	0.478011	1.673040	0.300000	1
1526	1528	1529	1530	-133.945931	0.478011	1.673040	0.300000	1
1526	1528	1529	1531	-0.328658	0.478011	1.673040	0.300000	2
1528	1529	1531	1532	-334.803325	0.478011	1.673040	0.300000	2
1530	1529	1531	1532	-200.536889	0.478011	1.673040	0.300000	1
1529	1531	1532	1533	-136.066555	0.478011	1.673040	0.300000	1
1529	1531	1532	1534	-354.232888	0.478011	1.673040	0.300000	2
1531	1532	1534	1535	-337.772338	0.478011	1.673040	0.300000	2
1533	1532	1534	1535	-196.640470	0.478011	1.673040	0.300000	1
1532	1534	1535	1536	-138.912322	0.478011	1.673040	0.300000	1
1532	1534	1535	1537	-5.340922	0.478011	1.673040	0.300000	2
1534	1535	1537	1538	-334.468665	0.478011	1.673040	0.300000	2
1536	1535	1537	1538	-203.320744	0.478011	1.673040	0.300000	1
1535	1537	1538	1539	-134.614560	0.478011	1.673040	0.300000	1
1535	1537	1538	1540	-0.300895	0.478011	1.673040	0.300000	2
1537	1538	1540	1541	-335.567536	0.478011	1.673040	0.300000	2
1539	1538	1540	1541	-203.335524	0.478011	1.673040	0.300000	1
1538	1540	1541	1542	-134.597976	0.478011	1.673040	0.300000	1
1538	1540	1541	1543	-6.689575	0.478011	1.673040	0.300000	2
1540	1541	1543	1544	-332.878706	0.478011	1.673040	0.300000	2
1542	1541	1543	1544	-207.854952	0.478011	1.673040	0.300000	1
1541	1543	1544	1545	-125.212162	0.478011	1.673040	0.300000	1
1541	1543	1544	1546	-358.626859	0.478011	1.673040	0.300000	2
1543	1544	1546	1547	-337.667145	0.478011	1.673040	0.300000	2
1545	1544	1546	1547	-213.821244	0.478011	1.673040	0.300000	1
1544	1546	1547	1548	-126.630203	0.478011	1.673040	0.300000	1
1544	1546	1547	1549	-6.744274	0.478011	1.673040	0.300000	2
1546	1547	1549	1550	-329.898562	0.478011	1.673040	0.300000	2
1548	1547	1549	1550	-219.280083	0.478011	1.673040	0.300000	1
1547	1549	1550	1551	-133.951982	0.478011	1.673040	0.300000	1
1547	1549	1550	1552	-348.366122	0.478011	1.673040	0.300000	2
1549	1550	1552	1553	-340.479080	0.478011	1.673040	0.300000	2
1551	1550	1552	1553	-197.072124	0.478011	1.673040	0.300000	1
1550	1552	1553	1554	-134.491844	0.478011	1.673040	0.300000	1
1550	1552	1553	1555	-9.401232	0.478011	1.673040	0.300000	2
1552	1553	1555	1556	-335.213025	0.478011	1.673040	0.300000	2
1554	1553	1555	1556	-213.815784	0.478011	1.673040	0.300000	1
1553	1555	1556	1557	-126.633291	0.478011	1.673040	0.300000	1
1553	1555	1556	1558	-4.158545	0.478011	1.673040	0.300000	2
1555	1556	1558	1559	-331.269665	0.478011	1.673040	0.300000	2
1557	1556	1558	1559	-219.039186	0.478011	1.673040	0.300000	1
1556	1558	1559	1560	-127.158533	0.478011	1.673040	0.300000	1
1556	1558	1559	1561	-359.136101	0.478011	1.673040	0.300000	2
1558	1559	1561	1562	-335.750571	0.478011	1.673040	0.300000	2
1560	1559	1561	1562	-211.366543	0.478011	1.673040	0.300000	1
1559	1561	1562	1563	-130.227564	0.478011	1.673040	0.300000	1
1559	1561	1562	1564	-1.691855	0.478011	1.673040	0.300000	2
1561	1562	1564	1565	-335.363911	0.478011	1.673040	0.300000	2
1563	1562	1564	1565	-211.606940	0.478011	1.673040	0.300000	1
1562	1564	1565	1566	-134.805998	0.478011	1.673040	0.300000	1
1562	1564	1565	1567	-5.740096	0.478011	1.673040	0.300000	2
1564	1565	1567	1568	-336.309894	0.478011	1.673040	0.300000	2
1566	1565	1567	1568	-209.256859	0.478011	1.673040	0.300000	1
1565	1567	1568	1569	-122.780836	0.478011	1.673040	0.300000	1
1565	1567	1568	1570	-0.259939	0.478011	1.673040	0.300000	2
1567	1568	1570	1571	-331.929969	0.478011	1.673040	0.300000	2
1569	1568	1570	1571	-219.026815	0.478011	1.673040	0.300000	1
1568	1570	1571	1572	-127.165420	0.478011	1.673040	0.300000	1
1568	1570	1571	1573	-357.660122	0.478011	1.673040	0.300000	2
1570	1571	1573	1574	-336.630810	0.478011	1.673040	0.300000	2
1572	1571	1573	1574	-211.606134	0.478011	1.673040	0.300000	1
1571	1573	1574	1575	-134.811674	0.478011	1.673040	0.300000	1
1571	1573	1574	1576	-359.705681	0.478011	1.673040	0.300000	2
1573	1574	1576	1577	-335.952520	0.478011	1.673040	0.300000	2
1575	1574	1576	1577	-203.326446	0.478011	1.673040	0.300000	1
1574	1576	1577	1578	-134.603810	0.478011	1.673040	0.300000	1
1574	1576	1577	1579	-0.295171	0.478011	1.673040	0.300000	2
1576	1577	1579	1580	-335.566300	0.478011	1.673040	0.300000	2
1578	1577	1579	1580	-203.337592	0.478011	1.673040	0.300000	1
1577	1579	1580	1581	-134.598477	0.478011	1.673040	0.300000	1
1577	1579	1580	1582	-0.285805	0.478011	1.673040	0.300000	2
1579	1580	1582	1583	-335.562420	0.478011	1.673040	0.300000	2
1581	1580	1582	1583	-203.330396	0.478011	1.673040	0.300000	1
1580	1582	1583	1584	-134.607572	0.478011	1.673040	0.300000	1
1580	1582	1583	1585	-8.660314	0.478011	1.673040	0.300000	2
1582	1583	1585	1586	-331.258889	0.478011	1.673040	0.300000	2
1584	1583	1585	1586	-207.112160	0.478011	1.673040	0.300000	1
1583	1585	1586	1587	-133.019416	0.478011	1.673040	0.300000	1
1583	1585	1586	1588	-0.167031	0.478011	1.673040	0.300000	2
1585	1586	1588	1589	-334.500935	0.478011	1.673040	0.300000	2
1587	1586	1588	1589	-200.528441	0.478011	1.673040	0.300000	1
1586	1588	1589	1590	-136.074906	0.478011	1.673040	0.300000	1
1586	1588	1589	1591	-352.624393	0.478011	1.673040	0.300000	2
1588	1589	1591	1592	-338.474160	0.478011	1.673040	0.300000	2
1590	1589	1591	1592	-197.080187	0.478011	1.673040	0.300000	1
1589	1591	1592	1593	-134.483106	0.478011	1.673040	0.300000	1
1589	1591	1592	1594	-6.964332	0.478011	1.673040	0.300000	2
1591	1592	1594	1595	-334.007956	0.478011	1.673040	0.300000	2
1593	1592	1594	1595	-211.608391	0.478011	1.673040	0.300000	1
1592	1594	1595	1596	-134.804599	0.478011	1.673040	0.300000	1
1592	1594	1595	1597	-5.723814	0.478011	1.673040	0.300000	2
1594	1595	1597	1598	-336.310528	0.478011	1.673040	0.300000	2
1596	1595	1597	1598	-209.245436	0.478011	1.673040	0.300000	1
1595	1597	1598	1599	-122.791356	0.478011	1.673040	0.300000	1
1595	1597	1598	1600	-2.827713	0.478011	1.673040	0.300000	2
1597	1598	1600	1601	-330.676313	0.478011	1.673040	0.300000	2
1599	1598	1600	1601	-219.290929	0.478011	1.673040	0.300000	1
1598	1600	1601	1602	-133.943241	0.478011	1.673040	0.300000	1
1598	1600	1601	1603	-355.456286	0.478011	1.673040	0.300000	2
1600	1601	1603	1604	-340.161097	0.478011	1.673040	0.300000	2
1602	1601	1603	1604	-201.471330	0.478011	1.673040	0.300000	1
1601	1603	1604	1605	-128.437470	0.478011	1.673040	0.300000	1
1601	1603	1604	1606	-5.163202	0.478011	1.673040	0.300000	2
1603	1604	1606	1607	-334.341751	0.478011	1.673040	0.300000	2
1605	1604	1606	1607	-218.813477	0.478011	1.673040	0.300000	1
1604	1606	1607	1608	-125.563693	0.478011	1.673040	0.300000	1
1604	1606	1607	1609	-2.927566	0.478011	1.673040	0.300000	2
1606	1607	1609	1610	-331.661531	0.478011	1.673040	0.300000	2
1608	1607	1609	1610	-219.032203	0.478011	1.673040	0.300000	1
1607	1609	1610	1611	-127.164576	0.478011	1.673040	0.300000	1
1607	1609	1610	1612	-357.669889	0.478011	1.673040	0.300000	2
1609	1610	1612	1613	-336.631282	0.478011	1.673040	0.300000	2
1611	1610	1612	1613	-211.618007	0.478011	1.673040	0.300000	1
1610	1612	1613	1614	-134.801223	0.478011	1.673040	0.300000	1
1610	1612	1613	1615	-8.278161	0.478011	1.673040	0.300000	2
1612	1613	1615	1616	-331.273193	0.478011	1.673040	0.300000	2
1614	1613	1615	1616	-207.132073	0.478011	1.673040	0.300000	1
1613	1615	1616	1617	-133.000270	0.478011	1.673040	0.300000	1
1613	1615	1616	1618	-348.410673	0.478011	1.673040	0.300000	2
1615	1616	1618	1619	-339.744767	0.478011	1.673040	0.300000	2
1617	1616	1618	1619	-197.081647	0.478011	1.673040	0.300000	1
1616	1618	1619	1620	-134.483619	0.478011	1.673040	0.300000	1
1616	1618	1619	1621	-9.402139	0.478011	1.673040	0.300000	2
1618	1619	1621	1622	-335.201733	0.478011	1.673040	0.300000	2
1620	1619	1621	1622	-213.812242	0.478011	1.673040	0.300000	1
1619	1621	1622	1623	-126.631284	0.478011	1.673040	0.300000	1
1619	1621	1622	1624	-6.736844	0.478011	1.673040	0.300000	2
1621	1622	1624	1625	-329.902246	0.478011	1.673040	0.300000	2
1623	1622	1624	1625	-219.274126	0.478011	1.673040	0.300000	1
1622	1624	1625	1626	-133.959803	0.478011	1.673040	0.300000	1
1622	1624	1625	1627	-0.323300	0.478011	1.673040	0.300000	2
1624	1625	1627	1628	-334.809736	0.478011	1.673040	0.300000	2
1626	1625	1627	1628	-200.524219	0.478011	1.673040	0.300000	1
1625	1627	1628	1629	-136.080114	0.478011	1.673040	0.300000	1
1625	1627	1628	1630	-354.231204	0.478011	1.673040	0.300000	2
1627	1628	1630	1631	-337.785867	0.478011	1.673040	0.300000	2
1629	1628	1630	1631	-196.641328	0.478011	1.673040	0.300000	1
1628	1630	1631	1632	-138.914116	0.478011	1.673040	0.300000	1
1628	1630	1631	1633	-11.159166	0.478011	1.673040	0.300000	2
1630	1631	1633	1634	-335.112051	0.478011	1.673040	0.300000	2
1632	1631	1633	1634	-209.234795	0.478011	1.673040	0.300000	1
1631	1633	1634	1635	-122.798983	0.478011	1.673040	0.300000	1
1631	1633	1634	1636	-358.757647	0.478011	1.673040	0.300000	2
1633	1634	1636	1637	-335.650409	0.478011	1.673040	0.300000	2
1635	1634	1636	1637	-218.811602	0.478011	1.673040	0.300000	1
1634	1636	1637	1638	-125.568956	0.478011	1.673040	0.300000	1
1634	1636	1637	1639	-2.943516	0.478011	1.673040	0.300000	2
1636	1637	1639	1640	-331.659552	0.478011	1.673040	0.300000	2
1638	1637	1639	1640	-219.035089	0.478011	1.673040	0.300000	1
1637	1639	1640	1641	-127.163756	0.478011	1.673040	0.300000	1
1637	1639	1640	1642	-359.131513	0.478011	1.673040	0.300000	2
1639	1640	1642	1643	-335.752608	0.478011	1.673040	0.300000	2
1641	1640	1642	1643	-211.359584	0.478011	1.673040	0.300000	1
1640	1642	1643	1644	-130.234254	0.478011	1.673040	0.300000	1
1640	1642	1643	1645	-1.692466	0.478011	1.673040	0.300000	2
1642	1643	1645	1646	-335.361769	0.478011	1.673040	0.300000	2
1644	1643	1645	1646	-211.599974	0.478011	1.673040	0.300000	1
1643	1645	1646	1647	-134.814049	0.478011	1.673040	0.300000	1
1643	1645	1646	1648	-8.269393	0.478011	1.673040	0.300000	2
1645	1646	1648	1649	-331.273440	0.478011	1.673040	0.300000	2
1647	1646	1648	1649	-207.105722	0.478011	1.673040	0.300000	1
1646	1648	1649	1650	-133.022075	0.478011	1.673040	0.300000	1
1646	1648	1649	1651	-348.408490	0.478011	1.673040	0.300000	2
1648	1649	1651	1652	-339.754373	0.478011	1.673040	0.300000	2
1650	1649	1651	1652	-197.064851	0.478011	1.673040	0.300000	1
1649	1651	1652	1653	-134.495611	0.478011	1.673040	0.300000	1
1649	1651	1652	1654	-9.400901	0.478011	1.673040	0.300000	2
1651	1652	1654	1655	-335.215882	0.478011	1.673040	0.300000	2
1653	1652	1654	1655	-213.818126	0.478011	1.673040	0.300000	1
1652	1654	1655	1656	-126.632998	0.478011	1.673040	0.300000	1
1652	1654	1655	1657	-6.749235	0.478011	1.673040	0.300000	2
1654	1655	1657	1658	-329.911793	0.478011	1.673040	0.300000	2
1656	1655	1657	1658	-219.293420	0.478011	1.673040	0.300000	1
1655	1657	1658	1659	-133.939914	0.478011	1.673040	0.300000	1
1655	1657	1658	1660	-349.884380	0.478011	1.673040	0.300000	2
1657	1658	1660	1661	-339.768585	0.478011	1.673040	0.300000	2
1659	1658	1660	1661	-196.642576	0.478011	1.673040	0.300000	1
1658	1660	1661	1662	-138.908961	0.478011	1.673040	0.300000	1
1658	1660	1661	1663	-5.355806	0.478011	1.673040	0.300000	2
1660	1661	1663	1664	-334.466685	0.478011	1.673040	0.300000	2
1662	1661	1663	1664	-203.333436	0.478011	1.673040	0.300000	1
1661	1663	1664	1665	-134.599505	0.478011	1.673040	0.300000	1
1661	1663	1664	1666	-6.684949	0.478011	1.673040	0.300000	2
1663	1664	1666	1667	-332.884122	0.478011	1.673040	0.300000	2
1665	1664	1666	1667	-207.854317	0.478011	1.673040	0.300000	1
1664	1666	1667	1668	-125.220157	0.478011	1.673040	0.300000	1
1664	1666	1667	1669	-356.301800	0.478011	1.673040	0.300000	2
1666	1667	1669	1670	-336.390618	0.478011	1.673040	0.300000	2
1668	1667	1669	1670	-211.605757	0.478011	1.673040	0.300000	1
1667	1669	1670	1671	-134.807132	0.478011	1.673040	0.300000	1
1667	1669	1670	1672	-5.726098	0.478011	1.673040	0.300000	2
1669	1670	1672	1673	-336.310162	0.478011	1.673040	0.300000	2
1671	1670	1672	1673	-209.246858	0.478011	1.673040	0.300000	1
1670	1672	1673	1674	-122.788380	0.478011	1.673040	0.300000	1
1670	1672	1673	1675	-2.825846	0.478011	1.673040	0.300000	2
1672	1673	1675	1676	-330.667607	0.478011	1.673040	0.300000	2
1674	1673	1675	1676	-219.281159	0.478011	1.673040	0.300000	1
1673	1675	1676	1677	-133.947673	0.478011	1.673040	0.300000	1
1673	1675	1676	1678	-348.364178	0.478011	1.673040	0.300000	2
1675	1676	1678	1679	-340.481756	0.478011	1.673040	0.300000	2
1677	1676	1678	1679	-197.075673	0.478011	1.673040	0.300000	1
1676	1678	1679	1680	-134.486422	0.478011	1.673040	0.300000	1
1676	1678	1679	1681	-8.483184	0.478011	1.673040	0.300000	2
1678	1679	1681	1682	-333.153266	0.478011	1.673040	0.300000	2
1680	1679	1681	1682	-211.363293	0.478011	1.673040	0.300000	1
1679	1681	1682	1683	-130.230183	0.478011	1.673040	0.300000	1
1679	1681	1682	1684	-4.093636	0.478011	1.673040	0.300000	2
1681	1682	1684	1685	-336.549767	0.478011	1.673040	0.300000	2
1683	1682	1684	1685	-213.814677	0.478011	1.673040	0.300000	1
1682	1684	1685	1686	-126.631122	0.478011	1.673040	0.300000	1
1682	1684	1685	1687	-2.721441	0.478011	1.673040	0.300000	2
1684	1685	1687	1688	-334.987328	0.478011	1.673040	0.300000	2
1686	1685	1687	1688	-218.817681	0.478011	1.673040	0.300000	1
1685	1687	1688	1689	-125.565289	0.478011	1.673040	0.300000	1
1685	1687	1688	1690	-1.451717	0.478011	1.673040	0.300000	2
1687	1688	1690	1691	-335.391592	0.478011	1.673040	0.300000	2
1689	1688	1690	1691	-218.812074	0.478011	1.673040	0.300000	1
1688	1690	1691	1692	-125.567532	0.478011	1.673040	0.300000	1
1688	1690	1691	1693	-1.450749	0.478011	1.673040	0.300000	2
1690	1691	1693	1694	-335.399313	0.478011	1.673040	0.300000	2
1692	1691	1693	1694	-218.819492	0.478011	1.673040	0.300000	1
1691	1693	1694	1695	-125.559419	0.478011	1.673040	0.300000	1
1691	1693	1694	1696	-5.533389	0.478011	1.673040	0.300000	2
1693	1694	1696	1697	-330.299113	0.478011	1.673040	0.300000	2
1695	1694	1696	1697	-219.289713	0.478011	1.673040	0.300000	1
1694	1696	1697	1698	-133.940739	0.478011	1.673040	0.300000	1
1694	1696	1697	1699	-349.885274	0.478011	1.673040	0.300000	2
1696	1697	1699	1700	-339.782088	0.478011	1.673040	0.300000	2
1698	1697	1699	1700	-196.652906	0.478011	1.673040	0.300000	1
1697	1699	1700	1701	-138.900042	0.478011	1.673040	0.300000	1
1697	1699	1700	1702	-11.159297	0.478011	1.673040	0.300000	2
1699	1700	1702	1703	-335.109315	0.478011	1.673040	0.300000	2
1701	1700	1702	1703	-209.250721	0.478011	1.673040	0.300000	1
1700	1702	1703	1704	-122.790763	0.478011	1.673040	0.300000	1
1700	1702	1703	1705	-2.821233	0.478011	1.673040	0.300000	2
1702	1703	1705	1706	-330.667069	0.478011	1.673040	0.300000	2
1704	1703	1705	1706	-219.280092	0.478011	1.673040	0.300000	1
1703	1705	1706	1707	-133.950062	0.478011	1.673040	0.300000	1
1703	1705	1706	1708	-0.315032	0.478011	1.673040	0.300000	2
1705	1706	1708	1709	-334.803659	0.478011	1.673040	0.300000	2
1707	1706	1708	1709	-200.520166	0.478011	1.673040	0.300000	1
1706	1708	1709	1710	-136.086502	0.478011	1.673040	0.300000	1
1706	1708	1709	1711	-354.233263	0.478011	1.673040	0.300000	2
1708	1709	1711	1712	-337.787598	0.478011	1.673040	0.300000	2
1710	1709	1711	1712	-196.632125	0.478011	1.673040	0.300000	1
1709	1711	1712	1713	-138.917946	0.478011	1.673040	0.300000	1
1709	1711	1712	1714	-13.573403	0.478011	1.673040	0.300000	2
1711	1712	1714	1715	-330.224460	0.478011	1.673040	0.300000	2
1713	1712	1714	1715	-207.110387	0.478011	1.673040	0.300000	1
1712	1714	1715	1716	-133.022881	0.478011	1.673040	0.300000	1
1712	1714	1715	1717	-348.415337	0.478011	1.673040	0.300000	2
1714	1715	1717	1718	-339.753411	0.478011	1.673040	0.300000	2
1716	1715	1717	1718	-197.072910	0.478011	1.673040	0.300000	1
1715	1717	1718	1719	-134.487542	0.478011	1.673040	0.300000	1
1715	1717	1718	1720	-6.968435	0.478011	1.673040	0.300000	2
1717	1718	1720	1721	-334.013036	0.478011	1.673040	0.300000	2
1719	1718	1720	1721	-211.609673	0.478011	1.673040	0.300000	1
1718	1720	1721	1722	-134.802498	0.478011	1.673040	0.300000	1
1718	1720	1721	1723	-8.271635	0.478011	1.673040	0.300000	2
1720	1721	1723	1724	-331.272762	0.478011	1.673040	0.300000	2
1722	1721	1723	1724	-207.120397	0.478011	1.673040	0.300000	1
1721	1723	1724	1725	-133.013777	0.478011	1.673040	0.300000	1
1721	1723	1724	1726	-355.424015	0.478011	1.673040	0.300000	2
1723	1724	1726	1727	-339.667263	0.478011	1.673040	0.300000	2
1725	1724	1726	1727	-201.475936	0.478011	1.673040	0.300000	1
1724	1726	1727	1728	-128.434425	0.478011	1.673040	0.300000	1
1724	1726	1727	1729	-5.164678	0.478011	1.673040	0.300000	2
1726	1727	1729	1730	-334.339790	0.478011	1.673040	0.300000	2
1728	1727	1729	1730	-218.816073	0.478011	1.673040	0.300000	1
1727	1729	1730	1731	-125.562687	0.478011	1.673040	0.300000	1
1727	1729	1730	1732	-1.444833	0.478011	1.673040	0.300000	2
1729	1730	1732	1733	-335.399713	0.478011	1.673040	0.300000	2
1731	1730	1732	1733	-218.817042	0.478011	1.673040	0.300000	1
1730	1732	1733	1734	-125.563696	0.478011	1.673040	0.300000	1
1730	1732	1733	1735	-2.940712	0.478011	1.673040	0.300000	2
1732	1733	1735	1736	-331.652220	0.478011	1.673040	0.300000	2
1734	1733	1735	1736	-219.029791	0.478011	1.673040	0.300000	1
1733	1735	1736	1737	-127.163326	0.478011	1.673040	0.300000	1
1733	1735	1736	1738	-359.137681	0.478011	1.673040	0.300000	2
1735	1736	1738	1739	-335.752307	0.478011	1.673040	0.300000	2
1737	1736	1738	1739	-211.358531	0.478011	1.673040	0.300000	1
1736	1738	1739	1740	-130.231649	0.478011	1.673040	0.300000	1
1736	1738	1739	1741	-1.690869	0.478011	1.673040	0.300000	2
1738	1739	1741	1742	-335.361107	0.478011	1.673040	0.300000	2
1740	1739	1741	1742	-211.596880	0.478011	1.673040	0.300000	1
1739	1741	1742	1743	-134.811376	0.478011	1.673040	0.300000	1
1739	1741	1742	1744	-359.695733	0.478011	1.673040	0.300000	2
1741	1742	1744	1745	-335.965338	0.478011	1.673040	0.300000	2
1743	1742	1744	1745	-203.325990	0.478011	1.673040	0.300000	1
1742	1744	1745	1746	-134.604411	0.478011	1.673040	0.300000	1
1742	1744	1745	1747	-0.295071	0.478011	1.673040	0.300000	2
1744	1745	1747	1748	-335.562904	0.478011	1.673040	0.300000	2
1746	1745	1747	1748	-203.333101	0.478011	1.673040	0.300000	1
1745	1747	1748	1749	-134.608059	0.478011	1.673040	0.300000	1
1745	1747	1748	1750	-6.164983	0.478011	1.673040	0.300000	2
1747	1748	1750	1751	-336.192493	0.478011	1.673040	0.300000	2
1749	1748	1750	1751	-209.246577	0.478011	1.673040	0.300000	1
1748	1750	1751	1752	-122.791603	0.478011	1.673040	0.300000	1
1748	1750	1751	1753	-359.496985	0.478011	1.673040	0.300000	2
1750	1751	1753	1754	-332.481606	0.478011	1.673040	0.300000	2
1752	1751	1753	1754	-216.961289	0.478011	1.673040	0.300000	1
1751	1753	1754	1755	-132.918107	0.478011	1.673040	0.300000	1
1751	1753	1754	1756	-3.953684	0.478011	1.673040	0.300000	2
1753	1754	1756	1757	-333.864435	0.478011	1.673040	0.300000	2
1755	1754	1756	1757	-207.857148	0.478011	1.673040	0.300000	1
1754	1756	1757	1758	-125.207940	0.478011	1.673040	0.300000	1
1754	1756	1757	1759	-356.297239	0.478011	1.673040	0.300000	2
1756	1757	1759	1760	-336.384486	0.478011	1.673040	0.300000	2
1758	1757	1759	1760	-211.605193	0.478011	1.673040	0.300000	1
1757	1759	1760	1761	-134.808940	0.478011	1.673040	0.300000	1
1757	1759	1760	1762	-6.264855	0.478011	1.673040	0.300000	2
1759	1760	1762	1763	-332.990428	0.478011	1.673040	0.300000	2
1761	1760	1762	1763	-207.860015	0.478011	1.673040	0.300000	1
1760	1762	1763	1764	-125.213757	0.478011	1.673040	0.300000	1
1760	1762	1763	1765	-358.635936	0.478011	1.673040	0.300000	2
1762	1763	1765	1766	-337.655143	0.478011	1.673040	0.300000	2
1764	1763	1765	1766	-213.820600	0.478011	1.673040	0.300000	1
1763	1765	1766	1767	-126.628207	0.478011	1.673040	0.300000	1
1763	1765	1766	1768	-2.718200	0.478011	1.673040	0.300000	2
1765	1766	1768	1769	-334.991695	0.478011	1.673040	0.300000	2
1767	1766	1768	1769	-218.818879	0.478011	1.673040	0.300000	1
1766	1768	1769	1770	-125.559582	0.478011	1.673040	0.300000	1
1766	1768	1769	1771	-1.449379	0.478011	1.673040	0.300000	2
1768	1769	1771	1772	-335.387545	0.478011	1.673040	0.300000	2
1770	1769	1771	1772	-218.813996	0.478011	1.673040	0.300000	1
1769	1771	1772	1773	-125.566372	0.478011	1.673040	0.300000	1
1769	1771	1772	1774	-1.451709	0.478011	1.673040	0.300000	2
1771	1772	1774	1775	-335.396599	0.478011	1.673040	0.300000	2
1773	1772	1774	1775	-218.820450	0.478011	1.673040	0.300000	1
1772	1774	1775	1776	-125.563738	0.478011	1.673040	0.300000	1
1772	1774	1775	1777	-5.531367	0.478011	1.673040	0.300000	2
1774	1775	1777	1778	-330.303927	0.478011	1.673040	0.300000	2
1776	1775	1777	1778	-219.285657	0.478011	1.673040	0.300000	1
1775	1777	1778	1779	-133.940535	0.478011	1.673040	0.300000	1
1775	1777	1778	1780	-0.319843	0.478011	1.673040	0.300000	2
1777	1778	1780	1781	-334.801645	0.478011	1.673040	0.300000	2
1779	1778	1780	1781	-200.533800	0.478011	1.673040	0.300000	1
1778	1780	1781	1782	-136.074241	0.478011	1.673040	0.300000	1
1778	1780	1781	1783	-359.684330	0.478011	1.673040	0.300000	2
1780	1781	1783	1784	-338.431495	0.478011	1.673040	0.300000	2
1782	1781	1783	1784	-201.467291	0.478011	1.673040	0.300000	1
1781	1783	1784	1785	-128.439494	0.478011	1.673040	0.300000	1
1781	1783	1784	1786	-5.831736	0.478011	1.673040	0.300000	2
1783	1784	1786	1787	-331.220605	0.478011	1.673040	0.300000	2
1785	1784	1786	1787	-216.952480	0.478011	1.673040	0.300000	1
1784	1786	1787	1788	-132.924635	0.478011	1.673040	0.300000	1
1784	1786	1787	1789	-5.926662	0.478011	1.673040	0.300000	2
1786	1787	1789	1790	-332.189063	0.478011	1.673040	0.300000	2
1788	1787	1789	1790	-207.118471	0.478011	1.673040	0.300000	1
1787	1789	1790	1791	-133.013018	0.478011	1.673040	0.300000	1
1787	1789	1790	1792	-355.431894	0.478011	1.673040	0.300000	2
1789	1790	1792	1793	-339.662019	0.478011	1.673040	0.300000	2
1791	1790	1792	1793	-201.475250	0.478011	1.673040	0.300000	1
1790	1792	1793	1794	-128.433251	0.478011	1.673040	0.300000	1
1790	1792	1793	1795	-5.829924	0.478011	1.673040	0.300000	2
1792	1793	1795	1796	-331.219789	0.478011	1.673040	0.300000	2
1794	1793	1795	1796	-216.965108	0.478011	1.673040	0.300000	1
1793	1795	1796	1797	-132.918832	0.478011	1.673040	0.300000	1
1793	1795	1796	1798	-3.336682	0.478011	1.673040	0.300000	2
1795	1796	1798	1799	-337.220703	0.478011	1.673040	0.300000	2
1797	1796	1798	1799	-209.246563	0.478011	1.673040	0.300000	1
1796	1798	1799	1800	-122.791319	0.478011	1.673040	0.300000	1
1796	1798	1799	1801	-0.264451	0.478011	1.673040	0.300000	2
1798	1799	1801	1802	-331.944449	0.478011	1.673040	0.300000	2
1800	1799	1801	1802	-219.039035	0.478011	1.673040	0.300000	1
1799	1801	1802	1803	-127.155965	0.478011	1.673040	0.300000	1
1799	1801	1802	1804	-0.036321	0.478011	1.673040	0.300000	2
1801	1802	1804	1805	-337.791510	0.478011	1.673040	0.300000	2
1803	1802	1804	1805	-213.816320	0.478011	1.673040	0.300000	1
1802	1804	1805	1806	-126.632836	0.478011	1.673040	0.300000	1
1802	1804	1805	1807	-6.743013	0.478011	1.673040	0.300000	2
1804	1805	1807	1808	-329.905264	0.478011	1.673040	0.300000	2
1806	1805	1807	1808	-219.281310	0.478011	1.673040	0.300000	1
1805	1807	1808	1809	-133.948682	0.478011	1.673040	0.300000	1
1805	1807	1808	1810	-348.371671	0.478011	1.673040	0.300000	2
1807	1808	1810	1811	-340.476659	0.478011	1.673040	0.300000	2
1809	1808	1810	1811	-197.077749	0.478011	1.673040	0.300000	1
1808	1810	1811	1812	-134.486204	0.478011	1.673040	0.300000	1
1808	1810	1811	1813	-6.964096	0.478011	1.673040	0.300000	2
1810	1811	1813	1814	-334.014239	0.478011	1.673040	0.300000	2
1812	1811	1813	1814	-211.612489	0.478011	1.673040	0.300000	1
1811	1813	1814	1815	-134.803359	0.478011	1.673040	0.300000	1
1811	1813	1814	1816	-8.268486	0.478011	1.673040	0.300000	2
1813	1814	1816	1817	-331.268340	0.478011	1.673040	0.300000	2
1815	1814	1816	1817	-207.115853	0.478011	1.673040	0.300000	1
1814	1816	1817	1818	-133.014130	0.478011	1.673040	0.300000	1
1814	1816	1817	1819	-0.172435	0.478011	1.673040	0.300000	2
1816	1817	1819	1820	-334.495214	0.478011	1.673040	0.300000	2
1818	1817	1819	1820	-200.531219	0.478011	1.673040	0.300000	1
1817	1819	1820	1821	-136.077879	0.478011	1.673040	0.300000	1
1817	1819	1820	1822	-359.673114	0.478011	1.673040	0.300000	2
1819	1820	1822	1823	-338.439034	0.478011	1.673040	0.300000	2
1821	1820	1822	1823	-201.466155	0.478011	1.673040	0.300000	1
1820	1822	1823	1824	-128.444349	0.478011	1.673040	0.300000	1
1820	1822	1823	1825	-9.028794	0.478011	1.673040	0.300000	2
1822	1823	1825	1826	-329.476086	0.478011	1.673040	0.300000	2
1824	1823	1825	1826	-219.283902	0.478011	1.673040	0.300000	1
1823	1825	1826	1827	-133.952706	0.478011	1.673040	0.300000	1
1823	1825	1826	1828	-0.316548	0.478011	1.673040	0.300000	2
1825	1826	1828	1829	-334.803760	0.478011	1.673040	0.300000	2
1827	1826	1828	1829	-200.524517	0.478011	1.673040	0.300000	1
1826	1828	1829	1830	-136.084045	0.478011	1.673040	0.300000	1
1826	1828	1829	1831	-354.231920	0.478011	1.673040	0.300000	2
1828	1829	1831	1832	-337.785257	0.478011	1.673040	0.300000	2
1830	1829	1831	1832	-196.634598	0.478011	1.673040	0.300000	1
1829	1831	1832	1833	-138.918763	0.478011	1.673040	0.300000	1
1829	1831	1832	1834	-11.157552	0.478011	1.673040	0.300000	2
1831	1832	1834	1835	-335.117544	0.478011	1.673040	0.300000	2
1833	1832	1834	1835	-209.235381	0.478011	1.673040	0.300000	1
1832	1834	1835	1836	-122.798158	0.478011	1.673040	0.300000	1
1832	1834	1835	1837	-359.492255	0.478011	1.673040	0.300000	2
1834	1835	1837	1838	-332.488941	0.478011	1.673040	0.300000	2
1836	1835	1837	1838	-216.955696	0.478011	1.673040	0.300000	1
1835	1837	1838	1839	-132.926486	0.478011	1.673040	0.300000	1
1835	1837	1838	1840	-3.336569	0.478011	1.673040	0.300000	2
1837	1838	1840	1841	-337.228489	0.478011	1.673040	0.300000	2
1839	1838	1840	1841	-209.245374	0.478011	1.673040	0.300000	1
1838	1840	1841	1842	-122.792997	0.478011	1.673040	0.300000	1
1838	1840	1841	1843	-358.765891	0.478011	1.673040	0.300000	2
1840	1841	1843	1844	-335.642992	0.478011	1.673040	0.300000	2
1842	1841	1843	1844	-218.818874	0.478011	1.673040	0.300000	1
1841	1843	1844	1845	-125.560123	0.478011	1.673040	0.300000	1
1841	1843	1844	1846	-5.528859	0.478011	1.673040	0.300000	2
1843	1844	1846	1847	-330.306134	0.478011	1.673040	0.300000	2
1845	1844	1846	1847	-219.293559	0.478011	1.673040	0.300000	1
1844	1846	1847	1848	-133.941898	0.478011	1.673040	0.300000	1
1844	1846	1847	1849	-349.894849	0.478011	1.673040	0.300000	2
1846	1847	1849	1850	-339.768430	0.478011	1.673040	0.300000	2
1848	1847	1849	1850	-196.651064	0.478011	1.673040	0.300000	1
1847	1849	1850	1851	-138.899404	0.478011	1.673040	0.300000	1
1847	1849	1850	1852	-11.147271	0.478011	1.673040	0.300000	2
1849	1850	1852	1853	-335.119815	0.478011	1.673040	0.300000	2
1851	1850	1852	1853	-209.251655	0.478011	1.673040	0.300000	1
1850	1852	1853	1854	-122.790273	0.478011	1.673040	0.300000	1
