1	2	3	1.353207832e+02	1.7925450000e+01
2	3	4	1.381409631e+02	1.7925450000e+01
3	4	5	1.256775800e+02	1.7925450000e+01
4	5	6	1.326289274e+02	1.7925450000e+01
5	6	7	1.193470442e+02	1.7925450000e+01
6	7	8	1.140793075e+02	1.7925450000e+01
7	8	9	9.468709764e+01	1.7925450000e+01
8	9	10	8.671834714e+01	1.7925450000e+01
9	10	11	1.001251647e+02	1.7925450000e+01
10	11	12	8.312759845e+01	1.7925450000e+01
11	12	13	9.588412005e+01	1.7925450000e+01
12	13	14	9.406300945e+01	1.7925450000e+01
13	14	15	8.840000206e+01	1.7925450000e+01
14	15	16	9.062923900e+01	1.7925450000e+01
15	16	17	9.063204300e+01	1.7925450000e+01
16	17	18	9.552337401e+01	1.7925450000e+01
17	18	19	9.127981958e+01	1.7925450000e+01
18	19	20	9.605394042e+01	1.7925450000e+01
19	20	21	8.181319376e+01	1.7925450000e+01
20	21	22	1.090261526e+02	1.7925450000e+01
21	22	23	9.606611388e+01	1.7925450000e+01
22	23	24	9.295942222e+01	1.7925450000e+01
23	24	25	1.088464242e+02	1.7925450000e+01
24	25	26	9.789432698e+01	1.7925450000e+01
25	26	27	1.160563253e+02	1.7925450000e+01
26	27	28	1.162277475e+02	1.7925450000e+01
27	28	29	1.315204223e+02	1.7925450000e+01
28	29	30	9.920001844e+01	1.7925450000e+01
29	30	31	8.885118290e+01	1.7925450000e+01
30	31	32	9.522234924e+01	1.7925450000e+01
31	32	33	9.220842110e+01	1.7925450000e+01
32	33	34	9.355827040e+01	1.7925450000e+01
33	34	35	9.538220436e+01	1.7925450000e+01
34	35	36	8.671857854e+01	1.7925450000e+01
35	36	37	8.669404166e+01	1.7925450000e+01
36	37	38	8.757081676e+01	1.7925450000e+01
37	38	39	1.047893399e+02	1.7925450000e+01
38	39	40	1.412442321e+02	1.7925450000e+01
39	40	41	8.799097206e+01	1.7925450000e+01
40	41	42	1.255833531e+02	1.7925450000e+01
41	42	43	1.073942691e+02	1.7925450000e+01
42	43	44	8.960668137e+01	1.7925450000e+01
43	44	45	8.789302194e+01	1.7925450000e+01
44	45	46	9.302442796e+01	1.7925450000e+01
45	46	47	9.064876831e+01	1.7925450000e+01
46	47	48	8.869192543e+01	1.7925450000e+01
47	48	49	9.579824866e+01	1.7925450000e+01
48	49	50	9.555345716e+01	1.7925450000e+01
49	50	51	8.996420342e+01	1.7925450000e+01
50	51	52	9.325921906e+01	1.7925450000e+01
51	52	53	8.851179041e+01	1.7925450000e+01
52	53	54	8.959370542e+01	1.7925450000e+01
53	54	55	9.135414644e+01	1.7925450000e+01
54	55	56	8.604667598e+01	1.7925450000e+01
55	56	57	9.492601160e+01	1.7925450000e+01
56	57	58	8.369380042e+01	1.7925450000e+01
57	58	59	8.500569294e+01	1.7925450000e+01
