1	2	3	4	4.496972940e+01	8.9627250000e-01
2	3	4	5	3.053076653e+02	8.9627250000e-01
3	4	5	6	7.424332292e+01	8.9627250000e-01
4	5	6	7	6.282352915e+01	8.9627250000e-01
5	6	7	8	9.221144347e+01	8.9627250000e-01
6	7	8	9	6.830984577e+01	8.9627250000e-01
7	8	9	10	2.368941249e+02	8.9627250000e-01
8	9	10	11	2.282485626e+02	8.9627250000e-01
9	10	11	12	2.263388943e+02	8.9627250000e-01
10	11	12	13	2.365640233e+02	8.9627250000e-01
11	12	13	14	2.192527371e+02	8.9627250000e-01
12	13	14	15	2.318358388e+02	8.9627250000e-01
13	14	15	16	2.274775438e+02	8.9627250000e-01
14	15	16	17	2.348822617e+02	8.9627250000e-01
15	16	17	18	2.289906653e+02	8.9627250000e-01
16	17	18	19	2.290824803e+02	8.9627250000e-01
17	18	19	20	2.260126615e+02	8.9627250000e-01
18	19	20	21	2.287160394e+02	8.9627250000e-01
19	20	21	22	2.222870271e+02	8.9627250000e-01
20	21	22	23	3.058692327e+02	8.9627250000e-01
21	22	23	24	2.476000456e+02	8.9627250000e-01
22	23	24	25	1.751454676e+02	8.9627250000e-01
23	24	25	26	4.548598055e+00	8.9627250000e-01
24	25	26	27	3.093572550e+02	8.9627250000e-01
25	26	27	28	6.429930317e+01	8.9627250000e-01
26	27	28	29	1.445753343e+01	8.9627250000e-01
27	28	29	30	9.056008346e+01	8.9627250000e-01
28	29	30	31	2.144240754e+02	8.9627250000e-01
29	30	31	32	2.385112388e+02	8.9627250000e-01
30	31	32	33	2.255227174e+02	8.9627250000e-01
31	32	33	34	2.378445156e+02	8.9627250000e-01
32	33	34	35	2.291094129e+02	8.9627250000e-01
33	34	35	36	2.252655652e+02	8.9627250000e-01
34	35	36	37	2.306486657e+02	8.9627250000e-01
35	36	37	38	2.304197763e+02	8.9627250000e-01
36	37	38	39	2.243714093e+02	8.9627250000e-01
37	38	39	40	2.316077356e+02	8.9627250000e-01
38	39	40	41	5.043726221e+01	8.9627250000e-01
39	40	41	42	3.017304568e+02	8.9627250000e-01
40	41	42	43	6.129996847e+01	8.9627250000e-01
41	42	43	44	6.792920501e+01	8.9627250000e-01
42	43	44	45	2.392030768e+02	8.9627250000e-01
43	44	45	46	2.335721185e+02	8.9627250000e-01
44	45	46	47	2.262143750e+02	8.9627250000e-01
45	46	47	48	2.311971916e+02	8.9627250000e-01
46	47	48	49	2.255858749e+02	8.9627250000e-01
47	48	49	50	2.320159162e+02	8.9627250000e-01
48	49	50	51	2.285439000e+02	8.9627250000e-01
49	50	51	52	2.273985452e+02	8.9627250000e-01
50	51	52	53	2.243473984e+02	8.9627250000e-01
51	52	53	54	2.371049461e+02	8.9627250000e-01
52	53	54	55	2.320065933e+02	8.9627250000e-01
53	54	55	56	2.345701081e+02	8.9627250000e-01
54	55	56	57	2.296919740e+02	8.9627250000e-01
55	56	57	58	2.309707143e+02	8.9627250000e-01
56	57	58	59	2.532486327e+02	8.9627250000e-01
