2	45	ca	8.9627250000e-01	1.1999872250e+01	5.0000000000e-01	1.6777216000e+07	1.4999872250e+01
6	11	ca	8.9627250000e-01	6.2849895780e+00	5.0000000000e-01	1.6777216000e+07	9.2849895780e+00
6	10	ca	8.9627250000e-01	6.2281107890e+00	5.0000000000e-01	1.6777216000e+07	9.2281107890e+00
6	14	ca	8.9627250000e-01	1.0151184610e+01	5.0000000000e-01	1.6777216000e+07	1.3151184610e+01
6	45	ca	8.9627250000e-01	1.0000873010e+01	5.0000000000e-01	1.6777216000e+07	1.3000873010e+01
6	49	ca	8.9627250000e-01	1.0291630050e+01	5.0000000000e-01	1.6777216000e+07	1.3291630050e+01
6	41	ca	8.9627250000e-01	8.4488567870e+00	5.0000000000e-01	1.6777216000e+07	1.1448856787e+01
7	11	ca	8.9627250000e-01	6.5863827710e+00	5.0000000000e-01	1.6777216000e+07	9.5863827710e+00
7	40	ca	8.9627250000e-01	8.9816618170e+00	5.0000000000e-01	1.6777216000e+07	1.1981661817e+01
8	12	ca	8.9627250000e-01	5.9394549410e+00	5.0000000000e-01	1.6777216000e+07	8.9394549410e+00
9	13	ca	8.9627250000e-01	6.3158262330e+00	5.0000000000e-01	1.6777216000e+07	9.3158262330e+00
9	38	ca	8.9627250000e-01	9.4564116340e+00	5.0000000000e-01	1.6777216000e+07	1.2456411634e+01
10	38	ca	8.9627250000e-01	8.0563750530e+00	5.0000000000e-01	1.6777216000e+07	1.1056375053e+01
10	41	ca	8.9627250000e-01	8.3017225320e+00	5.0000000000e-01	1.6777216000e+07	1.1301722532e+01
10	14	ca	8.9627250000e-01	6.0463966960e+00	5.0000000000e-01	1.6777216000e+07	9.0463966960e+00
10	15	ca	8.9627250000e-01	8.2798656990e+00	5.0000000000e-01	1.6777216000e+07	1.1279865699e+01
10	39	ca	8.9627250000e-01	5.9924993120e+00	5.0000000000e-01	1.6777216000e+07	8.9924993120e+00
10	40	ca	8.9627250000e-01	7.8017291030e+00	5.0000000000e-01	1.6777216000e+07	1.0801729103e+01
11	49	ca	8.9627250000e-01	9.3449785980e+00	5.0000000000e-01	1.6777216000e+07	1.2344978598e+01
11	15	ca	8.9627250000e-01	5.8596373610e+00	5.0000000000e-01	1.6777216000e+07	8.8596373610e+00
12	16	ca	8.9627250000e-01	6.0930430820e+00	5.0000000000e-01	1.6777216000e+07	9.0930430820e+00
13	17	ca	8.9627250000e-01	6.1923883920e+00	5.0000000000e-01	1.6777216000e+07	9.1923883920e+00
13	35	ca	8.9627250000e-01	7.6830634520e+00	5.0000000000e-01	1.6777216000e+07	1.0683063452e+01
13	38	ca	8.9627250000e-01	7.8071107330e+00	5.0000000000e-01	1.6777216000e+07	1.0807110733e+01
13	39	ca	8.9627250000e-01	8.0516451110e+00	5.0000000000e-01	1.6777216000e+07	1.1051645111e+01
14	35	ca	8.9627250000e-01	7.3918087100e+00	5.0000000000e-01	1.6777216000e+07	1.0391808710e+01
14	49	ca	8.9627250000e-01	8.0406898960e+00	5.0000000000e-01	1.6777216000e+07	1.1040689896e+01
14	18	ca	8.9627250000e-01	6.4270283180e+00	5.0000000000e-01	1.6777216000e+07	9.4270283180e+00
14	50	ca	8.9627250000e-01	7.7700426640e+00	5.0000000000e-01	1.6777216000e+07	1.0770042664e+01
14	39	ca	8.9627250000e-01	8.7023289410e+00	5.0000000000e-01	1.6777216000e+07	1.1702328941e+01
14	41	ca	8.9627250000e-01	1.0393176320e+01	5.0000000000e-01	1.6777216000e+07	1.3393176320e+01
14	45	ca	8.9627250000e-01	1.0904093360e+01	5.0000000000e-01	1.6777216000e+07	1.3904093360e+01
14	46	ca	8.9627250000e-01	8.0406598610e+00	5.0000000000e-01	1.6777216000e+07	1.1040659861e+01
15	53	ca	8.9627250000e-01	8.7180280450e+00	5.0000000000e-01	1.6777216000e+07	1.1718028045e+01
15	19	ca	8.9627250000e-01	6.1976596390e+00	5.0000000000e-01	1.6777216000e+07	9.1976596390e+00
15	20	ca	8.9627250000e-01	8.6020729480e+00	5.0000000000e-01	1.6777216000e+07	1.1602072948e+01
15	49	ca	8.9627250000e-01	9.7030550340e+00	5.0000000000e-01	1.6777216000e+07	1.2703055034e+01
16	20	ca	8.9627250000e-01	6.0972148560e+00	5.0000000000e-01	1.6777216000e+07	9.0972148560e+00
16	21	ca	8.9627250000e-01	8.2983604400e+00	5.0000000000e-01	1.6777216000e+07	1.1298360440e+01
17	21	ca	8.9627250000e-01	5.9444331100e+00	5.0000000000e-01	1.6777216000e+07	8.9444331100e+00
17	35	ca	8.9627250000e-01	8.2717034520e+00	5.0000000000e-01	1.6777216000e+07	1.1271703452e+01
17	49	ca	8.9627250000e-01	1.1263269060e+01	5.0000000000e-01	1.6777216000e+07	1.4263269060e+01
17	50	ca	8.9627250000e-01	9.1337154000e+00	5.0000000000e-01	1.6777216000e+07	1.2133715400e+01
17	25	ca	8.9627250000e-01	8.2013641550e+00	5.0000000000e-01	1.6777216000e+07	1.1201364155e+01
17	26	ca	8.9627250000e-01	1.0161726030e+01	5.0000000000e-01	1.6777216000e+07	1.3161726030e+01
17	27	ca	8.9627250000e-01	9.4059584310e+00	5.0000000000e-01	1.6777216000e+07	1.2405958431e+01
17	31	ca	8.9627250000e-01	9.0227468100e+00	5.0000000000e-01	1.6777216000e+07	1.2022746810e+01
17	28	ca	8.9627250000e-01	1.1827135620e+01	5.0000000000e-01	1.6777216000e+07	1.4827135620e+01
17	34	ca	8.9627250000e-01	1.0072973840e+01	5.0000000000e-01	1.6777216000e+07	1.3072973840e+01
18	49	ca	8.9627250000e-01	1.0021408830e+01	5.0000000000e-01	1.6777216000e+07	1.3021408830e+01
18	25	ca	8.9627250000e-01	5.8798329060e+00	5.0000000000e-01	1.6777216000e+07	8.8798329060e+00
18	22	ca	8.9627250000e-01	5.8435300120e+00	5.0000000000e-01	1.6777216000e+07	8.8435300120e+00
18	53	ca	8.9627250000e-01	8.0385124870e+00	5.0000000000e-01	1.6777216000e+07	1.1038512487e+01
18	54	ca	8.9627250000e-01	8.6950709600e+00	5.0000000000e-01	1.6777216000e+07	1.1695070960e+01
18	57	ca	8.9627250000e-01	9.9747656110e+00	5.0000000000e-01	1.6777216000e+07	1.2974765611e+01
18	50	ca	8.9627250000e-01	7.3280771010e+00	5.0000000000e-01	1.6777216000e+07	1.0328077101e+01
21	25	ca	8.9627250000e-01	5.0522047660e+00	5.0000000000e-01	1.6777216000e+07	8.0522047660e+00
24	28	ca	8.9627250000e-01	1.0510348850e+01	5.0000000000e-01	1.6777216000e+07	1.3510348850e+01
25	50	ca	8.9627250000e-01	7.6250026230e+00	5.0000000000e-01	1.6777216000e+07	1.0625002623e+01
25	54	ca	8.9627250000e-01	7.8005328020e+00	5.0000000000e-01	1.6777216000e+07	1.0800532802e+01
26	50	ca	8.9627250000e-01	7.3981544320e+00	5.0000000000e-01	1.6777216000e+07	1.0398154432e+01
26	54	ca	8.9627250000e-01	9.0387431650e+00	5.0000000000e-01	1.6777216000e+07	1.2038743165e+01
27	50	ca	8.9627250000e-01	7.5981320730e+00	5.0000000000e-01	1.6777216000e+07	1.0598132073e+01
27	54	ca	8.9627250000e-01	1.1495093300e+01	5.0000000000e-01	1.6777216000e+07	1.4495093300e+01
27	31	ca	8.9627250000e-01	5.7166341500e+00	5.0000000000e-01	1.6777216000e+07	8.7166341500e+00
27	32	ca	8.9627250000e-01	5.8460095790e+00	5.0000000000e-01	1.6777216000e+07	8.8460095790e+00
27	47	ca	8.9627250000e-01	7.5480991650e+00	5.0000000000e-01	1.6777216000e+07	1.0548099165e+01
27	35	ca	8.9627250000e-01	9.5493409200e+00	5.0000000000e-01	1.6777216000e+07	1.2549340920e+01
27	46	ca	8.9627250000e-01	8.9471051740e+00	5.0000000000e-01	1.6777216000e+07	1.1947105174e+01
28	32	ca	8.9627250000e-01	5.9269770540e+00	5.0000000000e-01	1.6777216000e+07	8.9269770540e+00
29	33	ca	8.9627250000e-01	6.4624035000e+00	5.0000000000e-01	1.6777216000e+07	9.4624035000e+00
29	36	ca	8.9627250000e-01	1.0687350470e+01	5.0000000000e-01	1.6777216000e+07	1.3687350470e+01
30	34	ca	8.9627250000e-01	6.4697533960e+00	5.0000000000e-01	1.6777216000e+07	9.4697533960e+00
31	35	ca	8.9627250000e-01	6.6832801830e+00	5.0000000000e-01	1.6777216000e+07	9.6832801830e+00
31	36	ca	8.9627250000e-01	8.6486286200e+00	5.0000000000e-01	1.6777216000e+07	1.1648628620e+01
32	46	ca	8.9627250000e-01	7.8233391210e+00	5.0000000000e-01	1.6777216000e+07	1.0823339121e+01
32	36	ca	8.9627250000e-01	5.9333905150e+00	5.0000000000e-01	1.6777216000e+07	8.9333905150e+00
32	43	ca	8.9627250000e-01	7.6344397310e+00	5.0000000000e-01	1.6777216000e+07	1.0634439731e+01
32	47	ca	8.9627250000e-01	8.2802019900e+00	5.0000000000e-01	1.6777216000e+07	1.1280201990e+01
33	37	ca	8.9627250000e-01	5.8611155080e+00	5.0000000000e-01	1.6777216000e+07	8.8611155080e+00
34	38	ca	8.9627250000e-01	6.0434655620e+00	5.0000000000e-01	1.6777216000e+07	9.0434655620e+00
35	39	ca	8.9627250000e-01	6.0015945380e+00	5.0000000000e-01	1.6777216000e+07	9.0015945380e+00
35	46	ca	8.9627250000e-01	7.8893555500e+00	5.0000000000e-01	1.6777216000e+07	1.0889355550e+01
35	50	ca	8.9627250000e-01	1.1037015310e+01	5.0000000000e-01	1.6777216000e+07	1.4037015310e+01
36	46	ca	8.9627250000e-01	7.8486253570e+00	5.0000000000e-01	1.6777216000e+07	1.0848625357e+01
36	41	ca	8.9627250000e-01	6.7770159360e+00	5.0000000000e-01	1.6777216000e+07	9.7770159360e+00
36	43	ca	8.9627250000e-01	6.5390088700e+00	5.0000000000e-01	1.6777216000e+07	9.5390088700e+00
39	46	ca	8.9627250000e-01	9.0309190010e+00	5.0000000000e-01	1.6777216000e+07	1.2030919001e+01
40	45	ca	8.9627250000e-01	9.8655566490e+00	5.0000000000e-01	1.6777216000e+07	1.2865556649e+01
41	45	ca	8.9627250000e-01	5.9739469360e+00	5.0000000000e-01	1.6777216000e+07	8.9739469360e+00
41	46	ca	8.9627250000e-01	6.5426047570e+00	5.0000000000e-01	1.6777216000e+07	9.5426047570e+00
41	49	ca	8.9627250000e-01	1.0063248680e+01	5.0000000000e-01	1.6777216000e+07	1.3063248680e+01
42	46	ca	8.9627250000e-01	6.8622452590e+00	5.0000000000e-01	1.6777216000e+07	9.8622452590e+00
43	47	ca	8.9627250000e-01	6.2276298060e+00	5.0000000000e-01	1.6777216000e+07	9.2276298060e+00
44	48	ca	8.9627250000e-01	6.0064039990e+00	5.0000000000e-01	1.6777216000e+07	9.0064039990e+00
45	49	ca	8.9627250000e-01	6.0280476110e+00	5.0000000000e-01	1.6777216000e+07	9.0280476110e+00
46	50	ca	8.9627250000e-01	6.2070659740e+00	5.0000000000e-01	1.6777216000e+07	9.2070659740e+00
46	51	ca	8.9627250000e-01	8.5433471190e+00	5.0000000000e-01	1.6777216000e+07	1.1543347119e+01
47	51	ca	8.9627250000e-01	6.4250579760e+00	5.0000000000e-01	1.6777216000e+07	9.4250579760e+00
47	52	ca	8.9627250000e-01	8.7679679520e+00	5.0000000000e-01	1.6777216000e+07	1.1767967952e+01
47	54	ca	8.9627250000e-01	1.1122171600e+01	5.0000000000e-01	1.6777216000e+07	1.4122171600e+01
48	52	ca	8.9627250000e-01	6.0951069720e+00	5.0000000000e-01	1.6777216000e+07	9.0951069720e+00
48	53	ca	8.9627250000e-01	8.3977112360e+00	5.0000000000e-01	1.6777216000e+07	1.1397711236e+01
48	55	ca	8.9627250000e-01	1.0862833380e+01	5.0000000000e-01	1.6777216000e+07	1.3862833380e+01
49	53	ca	8.9627250000e-01	5.8031612070e+00	5.0000000000e-01	1.6777216000e+07	8.8031612070e+00
50	54	ca	8.9627250000e-01	6.2794245760e+00	5.0000000000e-01	1.6777216000e+07	9.2794245760e+00
51	55	ca	8.9627250000e-01	6.6353424930e+00	5.0000000000e-01	1.6777216000e+07	9.6353424930e+00
52	56	ca	8.9627250000e-01	6.4994371290e+00	5.0000000000e-01	1.6777216000e+07	9.4994371290e+00
53	57	ca	8.9627250000e-01	6.3581014460e+00	5.0000000000e-01	1.6777216000e+07	9.3581014460e+00
54	58	ca	8.9627250000e-01	6.1745669480e+00	5.0000000000e-01	1.6777216000e+07	9.1745669480e+00
55	59	ca	8.9627250000e-01	7.2022504120e+00	5.0000000000e-01	1.6777216000e+07	1.0202250412e+01
