80	85
80	435
80	439
80	86
80	434
81	439
82	86
82	439
83	439
83	87
83	440
84	88
84	89
85	434
85	89
85	90
86	434
86	439
86	90
86	432
86	433
86	440
86	91
87	91
87	440
88	92
88	93
89	434
89	491
89	93
90	474
90	94
90	434
90	491
90	432
90	489
90	433
90	95
91	95
91	96
92	473
92	96
92	1945
92	497
93	473
93	491
93	97
93	474
93	452
94	452
94	432
94	474
94	98
95	99
96	473
96	100
96	1945
97	452
97	471
97	470
97	1949
97	473
97	474
97	472
97	495
97	1945
97	101
97	453
98	452
98	102
99	1942
99	103
99	1939
100	1942
100	1949
100	104
100	109
100	1946
100	1945
100	105
101	105
101	452
101	453
101	454
101	305
101	307
102	106
102	304
102	305
103	107
103	1946
103	1942
103	1939
103	1943
103	2266
103	2267
104	1946
104	108
104	109
104	112
104	453
104	470
105	2286
105	307
105	453
105	454
106	2243
106	304
106	149
106	305
107	2243
107	2267
107	1946
108	2243
108	112
108	2295
108	2286
108	2287
108	2267
109	1946
109	2267
109	2297
109	1949
109	1950
109	1945
109	2295
110	2295
110	2297
110	1950
110	1957
110	2294
110	115
110	117
110	1949
110	470
110	1953
110	2287
111	1957
111	2295
111	2287
111	115
111	2294
111	2292
111	2293
111	2288
112	117
112	118
112	455
112	121
112	2287
112	466
112	470
113	121
113	2287
113	118
113	2283
113	122
113	2284
113	2293
113	124
113	2280
113	2289
113	2290
113	2292
113	2288
113	119
114	2334
114	1957
114	2293
114	2294
114	2295
114	2330
114	1956
114	2331
115	1956
115	1957
115	466
115	1953
115	119
116	1956
116	538
116	542
116	2333
116	461
116	1955
117	1956
117	542
117	461
117	462
117	465
117	457
117	466
117	469
117	1953
117	470
117	459
118	455
118	466
118	457
118	458
118	462
118	456
119	459
119	542
120	457
120	458
120	459
120	462
121	458
121	2281
121	2283
121	2284
121	2287
121	455
121	456
121	457
121	2286
122	2281
122	2283
122	2284
122	2280
122	2278
122	2275
122	2289
122	2290
123	2278
123	2279
123	2284
124	2278
124	2275
124	2293
124	2334
124	2290
124	2280
124	2289
124	2292
125	2336
125	2274
125	2275
125	2334
125	2335
126	2336
126	2275
126	2272
126	2314
126	2334
126	2335
127	2274
127	2275
128	2274
128	2257
128	2273
128	2276
129	2256
130	2256
130	2257
130	2273
130	2274
130	2276
131	2256
131	2214
131	2210
131	2211
132	2230
133	2214
133	2226
133	2236
133	2227
133	2228
133	2211
133	2213
133	2230
134	2228
134	2230
134	2236
135	2236
136	2236
136	2234
136	2228
136	2231
138	2234
141	147
143	147
144	148
145	239
145	238
145	240
145	149
148	239
149	305
149	307
149	239
154	235
154	363
155	235
155	362
155	363
155	361
155	233
156	362
156	363
156	233
156	234
156	235
156	232
156	360
156	361
157	232
157	233
157	234
157	359
157	360
157	361
157	237
157	250
157	301
157	310
157	231
158	359
158	360
158	362
158	231
158	232
158	358
158	230
159	231
159	232
159	357
159	358
159	359
159	360
159	233
159	250
159	186
159	252
159	229
159	230
160	357
160	358
160	360
160	229
160	230
160	356
161	228
161	229
161	356
161	357
161	213
161	355
161	231
161	184
161	186
161	252
161	214
162	356
162	357
162	228
162	217
162	315
162	358
162	214
162	222
163	356
163	213
163	214
163	217
163	354
163	355
164	213
164	214
164	215
164	217
164	354
164	355
164	182
164	216
164	351
164	353
165	354
165	216
165	355
165	217
165	219
165	316
165	356
165	319
165	353
166	216
166	353
166	320
166	319
167	216
182	213
182	215
182	351
182	214
182	211
182	212
183	351
183	211
183	212
183	213
183	253
184	211
184	212
184	213
184	253
184	355
184	252
185	253
185	251
185	208
185	209
185	207
185	252
186	209
186	251
186	252
186	250
186	253
186	208
186	231
186	206
187	251
187	206
187	207
187	208
187	205
187	253
187	249
187	250
188	205
188	206
188	249
188	250
188	208
188	233
188	248
188	237
188	301
188	234
188	236
188	204
189	249
189	251
189	204
189	205
189	203
189	298
189	247
189	248
190	203
190	204
190	206
190	245
190	247
190	248
190	236
190	202
191	245
191	247
191	249
191	201
191	202
191	203
191	246
191	244
192	201
192	202
192	204
192	244
192	245
192	246
192	331
193	244
193	245
193	246
193	201
193	243
193	242
193	241
193	304
193	198
193	200
193	202
193	330
194	201
194	198
194	200
194	202
194	1930
194	199
194	1931
194	1932
194	1935
195	200
195	330
195	332
195	1930
196	1930
196	1932
196	1936
197	330
198	1930
198	330
198	202
198	332
198	1931
199	330
199	327
199	328
199	329
199	1930
199	1931
200	1931
200	328
200	326
200	330
201	246
201	328
202	328
202	329
202	330
202	331
203	328
203	329
203	325
203	326
204	329
204	331
204	330
205	329
205	253
205	251
206	236
208	233
208	250
208	231
208	232
209	230
209	231
211	229
211	230
211	228
212	228
212	229
213	228
213	229
213	355
213	356
214	228
214	229
217	222
218	222
222	228
233	237
233	250
236	248
236	241
237	248
237	306
237	302
237	301
237	361
237	250
238	248
238	306
238	242
238	245
239	306
240	244
241	245
241	248
241	331
242	306
242	246
243	331
244	331
244	332
245	306
246	304
246	302
246	303
247	302
247	303
247	300
248	300
248	302
248	303
248	301
248	306
248	299
249	299
249	300
249	301
249	298
250	298
250	299
250	301
250	310
250	359
250	297
251	297
251	298
251	296
251	323
252	297
252	317
252	355
252	299
252	357
252	296
253	296
253	323
253	351
295	318
295	319
295	320
295	321
296	320
296	321
296	323
296	322
297	317
297	318
297	319
297	355
298	323
299	310
299	317
299	315
299	357
299	359
300	310
300	309
301	310
301	308
301	361
301	307
301	309
302	307
302	308
302	309
302	306
302	361
303	307
303	309
308	361
309	315
310	315
310	359
310	361
311	315
311	361
311	359
312	361
312	359
312	360
312	362
313	359
313	360
313	357
313	358
314	357
314	358
314	356
315	357
315	359
315	358
315	355
315	356
316	355
316	356
316	354
317	354
317	355
317	357
317	353
318	354
318	352
318	353
318	355
319	354
319	352
319	353
319	355
320	352
320	353
320	351
324	817
326	813
424	446
424	447
424	482
425	445
425	446
425	483
425	447
426	446
426	447
426	449
426	448
426	456
426	445
427	446
427	447
427	449
427	444
427	445
427	443
427	484
427	485
428	444
428	445
428	485
428	451
428	447
428	448
428	487
428	486
428	449
428	450
428	463
428	467
428	442
428	443
429	485
429	486
429	487
429	442
429	443
429	444
429	445
429	446
429	483
429	484
429	488
430	442
430	444
430	487
430	489
430	452
430	476
430	449
430	451
430	463
430	467
430	440
430	441
431	486
431	487
431	488
431	489
431	440
431	441
431	438
431	442
432	438
432	440
432	442
432	489
432	439
432	452
432	474
432	437
433	489
433	437
433	438
433	439
433	490
433	488
433	477
433	491
434	439
434	491
434	493
435	439
438	488
441	486
444	451
445	483
445	484
445	485
446	483
446	484
446	482
447	460
447	463
448	463
448	456
448	457
448	458
448	459
448	460
448	455
449	463
449	454
449	455
449	456
449	457
450	454
450	455
450	457
450	463
450	467
450	466
450	471
451	463
451	467
452	467
452	471
452	474
452	476
452	489
453	471
453	466
453	470
455	466
455	2287
455	463
456	2283
457	463
457	462
457	466
458	462
458	2281
458	2283
459	543
459	542
459	463
460	543
460	480
460	478
460	464
460	545
460	484
460	485
461	543
461	545
461	542
461	465
461	1956
462	542
462	466
463	467
463	487
464	468
464	545
464	478
464	546
464	487
464	476
465	545
465	469
465	1956
465	542
465	470
466	470
466	471
466	1953
467	471
467	476
467	487
467	474
468	474
468	476
468	475
468	545
468	472
468	1952
469	1952
469	1949
469	1953
469	1955
469	1956
469	1948
470	1953
470	1949
470	1952
471	476
472	492
472	1952
472	495
472	1948
472	1949
473	495
473	1945
473	1948
473	497
473	490
473	491
473	492
474	490
474	491
474	492
474	489
475	489
475	490
475	492
475	488
475	491
475	493
475	487
476	487
476	488
476	489
477	487
477	488
477	490
477	486
478	486
478	487
478	545
478	546
478	484
478	485
479	486
479	487
479	488
479	484
479	485
480	485
480	546
480	484
481	485
492	1952
495	1952
495	1945
495	1948
495	1949
496	1948
497	1945
497	1948
498	1944
498	1948
499	1944
499	507
499	1940
499	506
499	516
499	517
500	1944
500	1947
500	1948
500	2300
501	2300
501	525
501	561
502	506
502	2322
502	525
502	2323
502	576
502	523
502	524
502	507
503	525
503	526
503	563
503	564
503	561
503	562
503	507
503	508
504	508
504	564
504	576
504	565
504	566
504	573
504	574
504	579
504	575
504	523
505	514
505	523
505	575
505	576
505	524
505	577
505	509
505	515
505	516
505	517
505	518
506	514
506	515
506	516
506	1940
506	517
507	564
507	844
507	845
507	515
507	843
507	1670
508	564
508	843
508	1670
508	573
508	566
508	1672
508	844
508	571
508	846
508	845
509	514
509	515
509	843
509	1670
510	1670
510	1668
510	1669
510	1708
510	514
510	515
511	1669
511	1670
511	515
511	1667
511	1668
511	1666
512	1668
512	1669
513	517
513	518
514	518
514	520
515	841
515	1670
516	1937
516	1940
516	1941
516	1933
516	1939
516	1936
517	1940
517	1943
518	523
519	523
519	2321
521	1997
521	1999
521	1768
522	1997
522	1999
522	1968
522	1969
522	1998
522	2320
522	2321
522	2323
522	2322
523	1969
523	1968
523	2323
523	577
523	1966
523	1967
524	1966
524	1967
524	1968
524	2323
524	577
524	576
525	576
525	1966
525	1967
525	2323
525	1965
525	561
525	562
525	2322
525	2324
526	563
526	576
526	562
526	565
526	579
526	1354
526	1368
526	561
526	1965
526	1966
527	1967
527	1965
527	1964
527	1966
527	2043
527	2046
527	562
527	1457
528	1964
528	1965
528	562
528	561
528	1457
529	1963
529	1964
529	2041
529	561
529	1951
529	1965
529	2324
529	2040
530	1963
530	561
530	1951
530	1961
530	1962
531	1961
531	1962
531	1963
531	2039
531	2038
531	2040
532	1961
532	1962
532	1963
532	1951
532	1954
532	1955
532	1950
532	1947
532	2326
533	1961
533	1954
533	1960
533	1958
533	1959
533	1955
533	1962
534	1959
534	2013
534	2038
534	1960
535	1959
535	2015
535	2013
535	2016
535	2329
535	1960
535	2014
536	1959
536	1955
536	1956
536	1958
537	2016
538	2333
539	544
541	545
542	1956
542	546
543	547
544	548
561	1965
562	1366
562	1457
562	1458
563	579
563	1356
563	1458
563	1357
563	1366
564	1357
564	1356
564	573
564	1355
564	1366
565	574
565	579
565	1355
565	1356
565	1357
565	1354
565	1366
565	1367
565	1458
565	572
565	573
566	574
566	1355
566	1356
566	1357
566	572
566	573
566	571
566	1363
566	1672
566	845
566	846
566	584
566	1354
566	1422
567	571
567	572
567	574
567	584
567	575
567	578
567	1773
567	573
567	1772
567	1355
567	1363
568	584
568	849
568	1355
568	852
568	1422
568	1425
569	584
569	852
569	1778
569	1776
569	1701
569	1713
570	1713
570	1701
570	1710
570	1776
570	1778
570	1673
571	1355
571	849
571	1363
571	1673
571	1674
571	1697
571	1701
571	846
571	1672
572	1672
572	1710
572	1776
572	1673
572	1701
572	1703
572	1713
573	1672
573	578
574	578
574	579
574	584
574	1352
574	1354
575	1767
575	1765
575	1766
575	1770
575	1772
575	1773
575	1709
575	1774
575	579
576	580
576	1967
577	1770
577	1771
577	2001
577	1968
577	1767
577	1772
578	1771
578	1772
578	1773
578	1770
578	582
578	584
578	1352
579	1354
579	1352
579	1368
580	1771
580	1772
580	1773
580	1352
581	1368
581	1352
582	1772
582	1352
583	1352
583	1351
583	1353
583	1422
583	1350
583	1354
584	1772
584	1422
584	1352
584	1353
584	1354
584	1355
585	856
585	1350
585	1353
585	1422
586	623
586	856
587	856
587	622
587	623
587	625
587	857
587	624
587	1347
587	1348
587	1336
588	622
588	623
588	592
588	593
588	619
589	622
589	856
589	854
589	855
589	593
590	854
590	594
590	1780
590	1776
590	1777
590	1778
590	1775
591	595
591	1717
591	1780
591	1781
591	854
591	853
591	855
591	1419
591	859
592	622
592	855
592	596
592	1030
592	1034
592	859
593	622
593	597
593	619
593	623
594	1780
594	1781
594	1778
594	598
595	1781
595	1034
595	599
595	859
595	1717
595	1718
596	1034
596	600
596	1031
596	1032
596	615
596	618
596	619
596	622
596	1030
597	615
597	601
597	619
598	602
598	1781
599	1034
599	603
599	1032
599	1031
600	1031
600	615
600	611
600	606
600	614
600	618
600	1032
601	615
601	611
601	612
601	606
603	611
603	1023
603	1031
603	1032
604	999
605	998
605	999
605	1018
605	1019
605	1023
605	1022
605	610
606	610
606	1019
606	1023
606	611
606	614
606	1031
606	999
607	611
607	1000
607	1002
607	1003
608	1002
608	612
609	1002
609	652
609	655
609	613
610	1002
610	1003
610	1020
610	614
610	1000
610	1016
610	1019
611	615
611	1031
612	616
612	650
612	652
612	655
612	646
613	652
613	655
613	1020
613	617
613	639
613	656
613	659
614	659
614	1020
614	618
614	1031
614	1019
614	1023
614	1024
615	619
616	639
616	643
616	646
616	647
616	650
616	652
616	620
617	639
617	659
617	621
617	656
617	635
617	636
617	1031
617	632
617	663
617	1030
617	1024
617	1029
618	1030
618	622
618	1029
618	1031
618	1032
619	643
619	623
620	643
620	642
620	624
620	639
620	638
620	626
620	635
620	625
621	626
621	1028
621	1029
621	1030
621	632
621	625
622	1030
622	1034
623	642
623	643
624	1334
624	638
624	642
624	631
625	857
625	631
625	1346
626	631
626	632
626	635
626	634
626	1333
626	1334
626	638
626	1028
626	1029
627	631
627	1321
627	1346
627	1442
627	857
627	632
627	1027
627	1029
627	1284
628	1284
628	1322
628	1320
628	1321
628	1330
628	632
628	668
629	1029
629	1284
629	1322
629	668
629	667
629	1026
629	633
630	1322
630	1333
630	1330
630	1332
630	634
630	668
631	1333
631	635
631	1332
631	1330
632	663
632	668
632	669
632	1029
632	1024
632	636
632	673
633	668
633	669
633	673
633	637
633	670
633	672
634	638
634	1334
634	1333
634	641
635	639
636	656
636	660
636	673
636	640
636	674
636	677
637	677
637	680
637	641
637	673
637	676
638	1334
638	642
639	643
639	647
639	656
639	644
640	656
640	647
640	677
640	680
640	681
640	644
641	680
642	646
643	647
644	681
644	648
645	649
646	650
646	652
646	651
647	652
647	656
647	681
647	651
648	681
650	1004
651	1004
651	655
652	1004
652	656
653	682
653	657
654	1004
654	1003
654	1174
654	1178
654	658
654	1016
654	1177
654	1181
654	661
654	1182
655	1003
655	1004
655	1002
655	1020
655	659
656	660
656	677
656	678
657	674
657	678
657	1196
657	661
657	1181
657	1182
657	1186
658	1003
658	1016
658	662
658	1017
658	1020
658	1013
658	1181
659	1020
659	663
659	1024
659	1031
660	674
660	677
660	664
660	669
661	674
661	1017
661	1181
661	665
661	1182
661	1185
661	1186
662	1017
662	666
662	1020
662	1024
663	668
663	669
663	1024
663	1029
663	667
664	668
664	669
664	1185
664	674
664	670
664	671
665	1021
665	1045
665	1017
666	1045
666	1026
666	1021
666	1020
666	1024
667	1045
668	1029
668	1026
669	674
669	673
670	674
671	1185
671	1186
671	1189
671	675
671	1192
671	676
672	676
673	677
674	678
674	1186
674	1196
674	1185
675	1186
675	1196
675	1192
675	679
675	1195
676	680
677	681
678	1196
678	682
678	1195
679	1195
682	1196
756	901
756	969
756	760
757	761
757	764
757	920
758	913
758	917
758	969
758	762
758	966
758	970
758	962
759	901
759	763
759	902
760	764
761	917
761	916
761	920
761	913
761	765
761	909
761	912
762	913
762	904
762	909
762	766
762	902
762	906
763	767
764	916
764	920
764	768
765	909
765	912
765	769
765	908
765	770
766	773
766	909
766	770
766	1837
766	902
766	903
767	771
768	912
768	772
768	773
769	912
769	909
769	773
769	908
769	774
770	1837
770	1838
770	1882
770	774
771	775
772	776
772	1821
772	1822
772	1820
773	1821
773	777
773	908
773	906
773	909
773	1836
773	1837
774	778
775	779
776	1821
776	780
776	1820
776	1822
777	1821
777	781
777	1838
777	1836
778	782
779	783
780	1821
780	784
780	787
780	1803
780	1817
780	1838
781	785
781	1800
781	1803
781	1815
781	1838
781	1880
781	1881
782	786
783	787
784	788
784	1800
784	1801
784	1802
784	1803
784	1838
784	791
785	789
785	1877
785	1876
785	1800
785	1860
785	1858
785	1859
786	790
787	791
787	1801
787	1802
787	792
787	1731
788	1731
788	1801
788	1859
788	792
788	1800
788	1857
788	1858
788	793
789	1877
789	793
789	1858
790	794
791	795
791	1731
791	1732
791	1734
791	1802
791	1801
792	1731
792	796
792	1857
792	1858
793	797
793	1858
793	800
794	798
794	1686
794	1731
794	1732
795	1857
795	1905
795	1731
795	1685
795	1686
795	1732
795	799
796	1857
796	1905
796	800
796	1858
797	801
798	802
798	1686
798	1685
799	1905
799	1589
799	804
799	1588
799	1590
799	1591
799	1592
800	1592
802	1639
802	1588
802	1589
802	1590
802	1685
802	1686
802	1688
802	1591
803	1644
803	1639
804	1589
804	1594
804	1591
804	1587
804	1590
804	1646
804	1639
804	1644
804	1645
805	1643
805	1644
805	1645
805	1646
805	1663
805	1661
806	1594
806	1591
806	1663
807	1597
807	1663
807	1620
807	1608
807	1621
807	1662
807	1587
807	1637
807	1646
807	1610
808	1620
808	1621
808	1662
809	1620
809	1621
809	835
809	1619
810	1620
810	1621
810	1665
810	836
810	835
810	838
812	816
814	1931
815	819
816	836
816	821
819	836
819	837
820	837
820	838
820	839
820	1624
820	1604
820	1625
820	1605
820	835
820	836
821	835
821	836
821	837
821	834
821	1576
821	1605
822	834
822	835
822	837
822	1576
822	1605
822	1619
822	1622
822	1575
822	1607
822	833
823	1575
823	1576
823	833
823	834
823	1619
823	832
823	1574
823	1605
824	832
824	833
824	1574
824	1575
824	1576
824	1619
824	831
824	1573
824	1609
825	1573
825	1574
825	832
825	1575
825	1572
826	830
826	1572
826	1573
826	1574
826	831
826	1571
827	1571
827	1572
827	1893
827	1920
828	1571
828	1572
828	1570
828	1614
828	1615
830	1571
830	1614
830	1616
830	1615
830	1613
833	1619
833	1617
833	1618
835	1619
835	1620
835	1621
835	1622
836	1622
837	1622
837	1605
837	1623
837	1624
838	1622
838	1623
838	1665
838	1664
838	1624
839	1624
839	1625
839	1626
839	1623
839	1665
840	1624
840	1625
840	1658
840	1667
840	1623
840	1606
840	1659
840	1660
840	1665
840	1666
840	1626
841	1667
841	1625
841	1658
842	1625
842	1654
842	1658
842	1626
843	1654
843	1658
843	1656
843	1670
843	1672
844	1656
844	1670
844	1672
845	1654
845	1656
845	1672
845	1655
846	1672
846	1357
846	1363
846	1673
846	1674
846	1654
846	1675
847	1357
847	1363
847	1362
847	1358
847	1674
847	1675
848	1362
848	1675
848	1676
848	1363
849	1675
849	1676
849	1363
849	1697
849	1425
849	1355
849	1696
850	1676
850	1696
850	1697
850	1698
850	1402
850	872
850	1400
850	1417
850	1424
851	1697
851	1698
851	1699
851	1716
851	1720
851	1417
851	1418
851	1424
852	1418
852	1417
852	1424
852	1425
852	1419
852	1420
852	1715
852	1716
852	1780
853	1418
853	1419
853	1716
853	1717
853	1780
853	1416
853	1420
854	1420
854	1780
854	1419
855	1420
855	1421
855	1381
855	1419
855	859
855	1382
856	1381
856	1379
856	1446
856	1350
856	1421
856	1348
856	1378
857	1379
857	1446
857	1035
857	1381
857	1382
858	1379
858	1381
858	1446
858	1382
858	1035
858	1384
858	1380
858	1383
858	1414
858	1408
858	1445
858	1447
858	1034
859	1382
859	1383
859	1384
859	1034
859	1035
859	1419
860	1034
860	1384
860	1035
860	1037
860	1412
861	1383
861	1384
861	1385
861	1393
861	1418
861	1386
863	867
863	1393
863	1418
863	1386
863	1389
863	1392
863	1385
864	1389
864	891
864	1392
865	891
865	892
865	1392
865	893
865	895
866	892
866	895
866	896
866	897
866	971
866	1787
867	1787
867	1721
867	1418
867	1742
867	892
868	1721
868	1787
868	892
868	897
868	1742
868	1743
868	1791
868	896
869	1742
869	1743
869	1722
869	1741
869	1721
869	1400
869	892
870	1741
870	1742
870	1743
870	892
870	888
870	1793
870	896
870	897
870	1722
871	892
871	880
871	884
871	1396
871	888
871	1395
871	1793
872	1722
872	1793
872	1741
872	1400
872	1696
872	1723
872	1698
873	880
873	1399
873	881
874	880
874	879
875	879
875	1849
875	1848
876	880
880	884
880	1399
881	1399
881	885
882	886
883	887
883	1399
884	1399
884	1395
884	888
885	889
886	890
887	1395
887	1399
887	891
888	892
888	1395
888	896
888	893
888	894
888	895
889	894
889	893
890	1392
891	1395
891	1389
891	1392
892	896
892	1395
892	897
894	899
895	971
896	1791
896	971
897	971
897	1787
897	1743
897	1791
897	904
897	1790
897	1742
898	971
898	1790
898	1791
898	902
899	971
899	1791
900	971
900	969
900	970
900	904
900	905
900	972
901	969
901	970
902	970
902	909
903	1788
903	1789
904	1788
904	1789
904	1787
904	1790
904	972
904	909
905	972
905	909
905	910
905	1788
905	970
905	978
905	1834
905	1835
906	910
906	1834
906	1788
906	1837
906	1819
906	1835
906	1836
907	1834
907	982
907	911
908	912
908	1820
908	1819
908	1836
908	913
909	913
910	914
910	978
910	979
910	982
910	972
910	973
911	915
911	982
912	916
913	917
913	966
914	962
914	963
914	966
914	979
914	983
914	918
914	919
915	919
915	920
916	920
917	962
917	966
918	962
918	959
959	963
959	980
959	983
959	964
960	980
960	964
960	976
960	965
961	965
962	966
963	976
963	979
963	980
963	983
963	967
964	975
964	976
964	974
964	968
965	969
966	970
966	979
967	979
967	973
967	974
967	975
970	974
972	978
973	978
973	979
973	977
973	981
975	979
976	980
977	981
978	982
978	985
979	983
980	984
981	985
982	1834
982	986
998	1018
998	1015
998	1014
999	1015
1000	1015
1000	1009
1000	1011
1000	1016
1001	1009
1001	1007
1001	1008
1001	1174
1002	1007
1002	1174
1003	1008
1003	1173
1003	1174
1003	1178
1007	1174
1008	1174
1008	1172
1008	1173
1008	1177
1009	1174
1009	1177
1010	1173
1010	1174
1010	1177
1010	1176
1010	1180
1011	1177
1011	1180
1011	1015
1011	1016
1012	1180
1012	1016
1012	1177
1013	1180
1013	1177
1013	1181
1013	1017
1013	1183
1013	1184
1014	1018
1014	1021
1014	1042
1015	1019
1016	1181
1016	1177
1016	1020
1017	1021
1017	1181
1018	1042
1018	1022
1019	1023
1019	1024
1020	1024
1021	1042
1021	1045
1021	1043
1022	1042
1022	1040
1022	1038
1023	1031
1023	1032
1023	1030
1024	1030
1024	1031
1024	1032
1024	1029
1024	1038
1025	1030
1025	1031
1025	1032
1025	1033
1025	1036
1025	1038
1025	1029
1026	1285
1026	1284
1026	1287
1027	1285
1027	1036
1027	1283
1027	1442
1027	1443
1027	1444
1027	1259
1027	1035
1027	1260
1027	1261
1028	1036
1028	1033
1029	1285
1029	1284
1030	1034
1032	1036
1035	1444
1035	1384
1036	1444
1043	1263
1043	1265
1043	1287
1044	1287
1045	1287
1162	1166
1164	1203
1164	1207
1165	1203
1166	1203
1166	1207
1167	1203
1167	1204
1167	1207
1167	1201
1167	1208
1169	1204
1169	1200
1169	1208
1170	1200
1170	1208
1170	1204
1171	1208
1171	1175
1171	1200
1171	1176
1171	1212
1171	1204
1171	1205
1171	1197
1171	1199
1171	1179
1172	1200
1172	1178
1172	1176
1173	1178
1174	1178
1175	1197
1175	1200
1175	1199
1175	1179
1176	1212
1176	1180
1177	1181
1178	1182
1178	1197
1179	1197
1179	1193
1179	1183
1179	1212
1179	1200
1179	1205
1179	1208
1179	1209
1180	1212
1180	1184
1181	1185
1181	1186
1182	1186
1182	1193
1182	1196
1182	1197
1183	1209
1183	1188
1183	1212
1183	1187
1186	1193
1186	1192
1186	1196
1188	1209
1189	1193
1189	1209
1190	1202
1190	1206
1190	1194
1190	1205
1191	1202
1191	1195
1192	1196
1193	1205
1193	1197
1194	1205
1194	1200
1194	1202
1199	1204
1200	1204
1200	1205
1200	1208
1201	1205
1202	1206
1203	1207
1204	1208
1205	1209
1206	1210
1206	1211
1207	1211
1208	1212
1208	1213
1209	1213
1210	1214
1210	1215
1211	1215
1211	1216
1212	1216
1254	1278
1254	1279
1255	1410
1255	1278
1256	1410
1256	1408
1256	1409
1256	1445
1256	1411
1257	1411
1257	1278
1257	1410
1257	1280
1257	1409
1257	1440
1257	1445
1258	1411
1258	1440
1258	1445
1258	1409
1258	1412
1258	1443
1258	1444
1258	1278
1258	1280
1259	1440
1259	1280
1259	1443
1259	1442
1259	1275
1259	1281
1259	1282
1259	1283
1259	1285
1259	1286
1260	1275
1260	1283
1260	1274
1260	1273
1260	1280
1261	1275
1261	1282
1261	1283
1261	1285
1261	1286
1261	1274
1262	1275
1262	1282
1262	1286
1262	1287
1262	1274
1262	1269
1262	1273
1262	1288
1262	1294
1262	1267
1263	1274
1263	1287
1264	1287
1264	1268
1264	1288
1264	1272
1264	1273
1264	1274
1264	1269
1264	1270
1265	1287
1267	1287
1267	1288
1268	1288
1268	1289
1268	1292
1269	1288
1269	1292
1269	1273
1269	1276
1269	1282
1269	1294
1269	1295
1269	1293
1270	1276
1271	1276
1271	1277
1272	1277
1273	1277
1273	1294
1273	1282
1273	1278
1274	1278
1274	1280
1275	1280
1275	1281
1275	1282
1275	1294
1275	1279
1276	1294
1276	1280
1280	1317
1280	1440
1280	1294
1281	1294
1281	1295
1281	1296
1281	1317
1281	1315
1282	1294
1282	1295
1282	1296
1282	1286
1282	1288
1282	1292
1282	1317
1283	1317
1283	1443
1283	1442
1283	1295
1284	1320
1284	1322
1284	1295
1285	1442
1286	1295
1286	1292
1288	1292
1288	1295
1289	1295
1290	1295
1296	1323
1296	1317
1296	1315
1296	1312
1296	1318
1296	1324
1296	1311
1297	1312
1297	1323
1298	1323
1298	1324
1298	1311
1299	1312
1299	1319
1299	1324
1299	1311
1299	1305
1299	1310
1299	1327
1299	1323
1299	1326
1300	1311
1300	1326
1300	1323
1300	1325
1301	1310
1301	1327
1301	1305
1301	1309
1301	1311
1301	1326
1302	1326
1302	1327
1303	1327
1303	1339
1303	1341
1304	1339
1304	1340
1304	1341
1304	1309
1304	1310
1305	1327
1305	1340
1305	1341
1305	1310
1305	1312
1305	1313
1305	1319
1305	1342
1305	1343
1306	1341
1306	1342
1306	1313
1307	1313
1307	1314
1308	1314
1309	1314
1310	1342
1310	1314
1310	1319
1311	1315
1312	1317
1312	1319
1312	1342
1312	1318
1312	1323
1312	1324
1313	1342
1313	1317
1313	1374
1313	1435
1313	1437
1316	1437
1316	1438
1316	1439
1316	1440
1317	1439
1317	1440
1317	1442
1317	1443
1317	1342
1318	1440
1318	1441
1318	1342
1318	1345
1318	1346
1318	1439
1318	1343
1318	1347
1318	1323
1319	1342
1319	1323
1319	1324
1319	1327
1319	1329
1319	1340
1319	1343
1319	1346
1320	1346
1320	1442
1320	1324
1321	1329
1321	1330
1321	1346
1321	1442
1321	1325
1322	1330
1324	1329
1324	1328
1324	1330
1325	1329
1325	1330
1325	1331
1327	1340
1327	1338
1327	1339
1328	1340
1328	1332
1328	1338
1328	1343
1328	1347
1329	1340
1329	1343
1329	1347
1331	1338
1331	1335
1331	1347
1332	1347
1332	1337
1332	1338
1333	1347
1334	1347
1335	1347
1336	1347
1336	1349
1336	1348
1337	1347
1338	1347
1338	1343
1340	1344
1340	1347
1341	1372
1341	1376
1342	1439
1343	1347
1343	1349
1344	1349
1344	1376
1344	1351
1344	1348
1345	1376
1345	1441
1345	1447
1345	1379
1345	1446
1345	1439
1345	1448
1345	1450
1346	1441
1346	1446
1346	1442
1348	1446
1349	1376
1349	1377
1350	1376
1350	1377
1350	1378
1350	1379
1350	1421
1350	1422
1350	1423
1351	1376
1351	1377
1351	1378
1351	1367
1351	1368
1351	1369
1351	1371
1351	1375
1351	1370
1351	1422
1352	1367
1352	1368
1352	1422
1352	1366
1352	1369
1353	1366
1353	1367
1353	1368
1353	1365
1353	1422
1353	1377
1353	1378
1353	1423
1353	1461
1354	1365
1354	1366
1354	1422
1354	1368
1354	1367
1354	1364
1355	1422
1355	1364
1355	1365
1355	1363
1355	1425
1356	1363
1356	1364
1356	1366
1356	1362
1357	1362
1357	1363
1357	1364
1357	1366
1357	1460
1358	1362
1358	1363
1358	1366
1358	1460
1358	1427
1359	1366
1359	1460
1360	1460
1360	1427
1360	1428
1360	1473
1360	1462
1361	1427
1361	1460
1361	1473
1361	1474
1363	1425
1364	1425
1365	1425
1365	1426
1365	1427
1365	1460
1365	1461
1365	1422
1365	1423
1365	1377
1365	1459
1366	1459
1366	1460
1366	1461
1366	1458
1367	1456
1367	1459
1367	1461
1367	1455
1367	1457
1367	1377
1367	1371
1367	1458
1368	1458
1368	1457
1369	1457
1369	1375
1369	1455
1369	1456
1370	1457
1370	1455
1370	1456
1370	2042
1370	1375
1371	1455
1371	1456
1371	1375
1371	1377
1371	1451
1371	1453
1371	1454
1372	1454
1372	1451
1372	1455
1373	1454
1373	1451
1373	1453
1373	1435
1373	1452
1374	1451
1374	1435
1374	1450
1374	1452
1375	1451
1375	1455
1375	1434
1375	1449
1375	1450
1376	1449
1376	1450
1376	1439
1376	1447
1376	1448
1377	1449
1377	1450
1377	1434
1377	1455
1377	1461
1377	1423
1377	1451
1378	1423
1378	1449
1378	1421
1378	1447
1378	1448
1379	1421
1379	1447
1379	1448
1379	1446
1379	1445
1379	1449
1379	1423
1380	1447
1380	1448
1380	1421
1380	1423
1380	1449
1380	1414
1380	1424
1380	1404
1380	1405
1380	1406
1380	1416
1380	1403
1380	1408
1381	1421
1381	1420
1381	1415
1381	1416
1381	1419
1381	1424
1382	1414
1382	1415
1382	1416
1382	1419
1382	1420
1383	1415
1383	1419
1383	1393
1383	1418
1383	1408
1383	1413
1383	1414
1384	1408
1384	1413
1384	1414
1384	1412
1384	1445
1385	1412
1385	1413
1385	1415
1385	1389
1385	1393
1385	1390
1385	1414
1385	1411
1386	1411
1386	1412
1386	1390
1386	1392
1386	1413
1387	1411
1387	1413
1387	1391
1387	1410
1387	1407
1387	1409
1387	1412
1388	1392
1389	1393
1389	1418
1389	1394
1390	1405
1390	1413
1390	1394
1391	1395
1392	1396
1393	1397
1393	1405
1393	1415
1393	1418
1394	1405
1394	1398
1395	1399
1396	1400
1397	1402
1397	1403
1397	1405
1397	1404
1397	1417
1397	1415
1397	1418
1397	1401
1398	1403
1400	1698
1400	1722
1401	1471
1401	1472
1401	1474
1402	1474
1402	1417
1403	1474
1403	1417
1404	1417
1404	1424
1404	1415
1404	1416
1404	1474
1404	1414
1405	1413
1405	1414
1405	1415
1405	1467
1405	1417
1406	1413
1406	1414
1406	1467
1406	1447
1406	1438
1406	1463
1406	1465
1406	1436
1406	1437
1406	1466
1406	1412
1407	1412
1407	1413
1407	1438
1407	1447
1408	1412
1408	1413
1408	1414
1408	1438
1408	1447
1408	1445
1408	1446
1409	1445
1409	1413
1414	1447
1415	1419
1416	1420
1416	1421
1416	1424
1417	1424
1418	1721
1418	1424
1418	1716
1418	1717
1419	1717
1419	1424
1420	1424
1421	1425
1423	1449
1423	1461
1423	1463
1425	1461
1426	1461
1426	1462
1426	1465
1427	1460
1427	1461
1427	1462
1427	1474
1427	1473
1427	1463
1427	1465
1428	1473
1428	1474
1428	1472
1428	1464
1428	1469
1428	1471
1428	1462
1429	1462
1429	1464
1429	1465
1430	1464
1431	1452
1432	1462
1432	1464
1432	1452
1432	1463
1432	1453
1433	1462
1433	1463
1433	1452
1433	1453
1433	1455
1433	1460
1433	1461
1433	1459
1433	1450
1433	1451
1433	1454
1434	1452
1434	1462
1434	1450
1434	1451
1434	1449
1434	1463
1434	1453
1434	1455
1435	1449
1435	1450
1435	1463
1435	1464
1435	1452
1435	1451
1435	1448
1436	1463
1436	1448
1436	1449
1436	1450
1436	1447
1437	1447
1437	1448
1437	1450
1437	1446
1438	1446
1438	1447
1438	1445
1439	1445
1439	1446
1439	1448
1439	1447
1439	1450
1439	1444
1440	1444
1440	1445
1441	1446
1448	1463
1449	1463
1451	1455
1452	1464
1453	1459
1455	1459
1455	1461
1456	2040
1457	2040
1464	1469
1565	1887
1565	1861
1565	1924
1565	1873
1565	1875
1565	1860
1565	1877
1566	1924
1566	1925
1566	1923
1567	1923
1567	1924
1567	1889
1567	1922
1567	1910
1567	1887
1567	1907
1567	1908
1567	1909
1567	1873
1567	1861
1567	1903
1568	1922
1568	1923
1568	1614
1568	1921
1569	1891
1569	1922
1569	1921
1569	1920
1569	1893
1570	1921
1570	1922
1570	1923
1570	1615
1570	1614
1571	1921
1571	1614
1571	1615
1571	1617
1571	1919
1571	1920
1572	1919
1572	1920
1572	1893
1572	1918
1573	1919
1573	1921
1573	1617
1573	1598
1573	1609
1573	1917
1573	1918
1574	1917
1574	1918
1574	1578
1574	1916
1575	1916
1575	1917
1575	1581
1575	1605
1575	1600
1575	1607
1575	1609
1575	1919
1575	1619
1576	1605
1577	1605
1577	1917
1577	1603
1577	1581
1577	1602
1578	1916
1578	1917
1578	1915
1579	1603
1579	1631
1579	1602
1579	1914
1579	1917
1580	1914
1580	1915
1580	1917
1580	1899
1580	1601
1580	1602
1580	1603
1581	1914
1581	1915
1581	1917
1581	1601
1581	1602
1581	1600
1581	1913
1581	1918
1581	1919
1581	1609
1581	1899
1582	1601
1582	1602
1582	1632
1582	1899
1582	1633
1582	1850
1582	1631
1582	1852
1582	1900
1582	1913
1583	1601
1583	1632
1583	1633
1583	1634
1583	1852
1583	1900
1583	1635
1583	1599
1583	1600
1583	1913
1584	1900
1584	1599
1584	1600
1584	1635
1584	1913
1584	1901
1584	1902
1584	1911
1584	1912
1584	1598
1584	1919
1585	1598
1585	1599
1585	1635
1585	1902
1585	1637
1585	1900
1585	1636
1585	1648
1585	1634
1585	1681
1585	1682
1585	1597
1586	1902
1586	1903
1586	1597
1586	1598
1586	1596
1586	1904
1586	1611
1586	1909
1586	1910
1586	1911
1586	1637
1587	1597
1587	1598
1587	1637
1587	1646
1587	1905
1588	1905
1588	1857
1588	1902
1588	1903
1588	1904
1588	1855
1588	1798
1588	1856
1589	1637
1589	1639
1589	1646
1589	1638
1589	1683
1589	1688
1589	1594
1590	1905
1590	1594
1590	1595
1590	1596
1590	1597
1591	1595
1595	1611
1595	1610
1595	1612
1596	1610
1596	1611
1596	1904
1596	1906
1596	1908
1596	1909
1596	1609
1597	1609
1597	1610
1597	1637
1597	1620
1597	1611
1598	1609
1598	1637
1598	1611
1598	1607
1598	1911
1598	1610
1598	1617
1598	1921
1598	1919
1598	1608
1599	1637
1599	1607
1599	1608
1599	1609
1599	1606
1599	1635
1599	1648
1600	1606
1600	1607
1600	1609
1600	1913
1600	1919
1600	1605
1600	1635
1600	1608
1600	1648
1601	1605
1601	1606
1601	1634
1601	1632
1601	1650
1601	1635
1601	1648
1601	1633
1602	1632
1602	1631
1602	1633
1603	1631
1603	1632
1603	1627
1603	1630
1604	1630
1604	1632
1604	1624
1604	1625
1604	1631
1604	1626
1604	1627
1604	1628
1604	1623
1605	1632
1605	1623
1605	1624
1605	1622
1606	1622
1606	1623
1606	1660
1606	1635
1606	1648
1606	1650
1606	1632
1606	1621
1607	1621
1607	1622
1607	1619
1608	1619
1608	1621
1608	1620
1608	1637
1608	1648
1608	1623
1608	1662
1608	1618
1609	1618
1609	1619
1609	1620
1609	1617
1609	1919
1610	1617
1610	1618
1610	1620
1610	1616
1611	1616
1611	1617
1611	1909
1611	1921
1611	1911
1611	1618
1612	1616
1612	1617
1612	1618
1612	1921
1615	1921
1615	1923
1616	1921
1617	1921
1621	1665
1621	1662
1622	1665
1623	1660
1623	1665
1623	1661
1623	1662
1625	1632
1625	1630
1625	1654
1625	1658
1627	1654
1629	1653
1629	1654
1630	1653
1630	1654
1630	1656
1630	1658
1631	1653
1631	1654
1631	1651
1631	1652
1632	1651
1632	1652
1632	1650
1632	1656
1632	1658
1632	1654
1633	1651
1633	1652
1633	1679
1633	1850
1633	1678
1633	1677
1633	1653
1633	1696
1633	1852
1633	1900
1634	1651
1634	1678
1634	1679
1634	1649
1634	1680
1634	1681
1634	1852
1634	1650
1634	1657
1635	1681
1635	1648
1635	1649
1635	1650
1636	1648
1636	1649
1636	1650
1636	1681
1636	1682
1636	1683
1636	1691
1636	1647
1637	1683
1637	1647
1637	1648
1637	1646
1637	1662
1638	1647
1638	1683
1638	1688
1638	1705
1638	1648
1638	1645
1638	1646
1639	1688
1639	1645
1639	1646
1639	1647
1639	1644
1639	1686
1639	1689
1639	1705
1640	1645
1640	1647
1640	1689
1640	1705
1640	1644
1640	1706
1641	1688
1641	1689
1641	1706
1641	1687
1642	1706
1645	1663
1645	1661
1645	1664
1646	1661
1646	1663
1646	1662
1646	1660
1647	1660
1647	1661
1647	1662
1647	1659
1647	1705
1647	1668
1647	1683
1648	1660
1648	1662
1648	1658
1648	1659
1649	1683
1649	1658
1649	1659
1649	1657
1649	1681
1649	1691
1650	1657
1650	1658
1650	1660
1650	1659
1650	1681
1650	1656
1651	1656
1651	1657
1651	1678
1651	1680
1651	1681
1652	1656
1652	1678
1652	1676
1652	1677
1653	1677
1654	1658
1654	1674
1655	1674
1655	1676
1655	1677
1655	1678
1655	1671
1655	1672
1655	1673
1656	1671
1656	1672
1656	1673
1656	1670
1656	1678
1657	1671
1657	1672
1657	1674
1657	1678
1657	1691
1657	1703
1657	1669
1657	1670
1657	1681
1657	1680
1657	1693
1658	1669
1658	1670
1658	1667
1658	1681
1659	1667
1659	1669
1659	1670
1659	1666
1659	1668
1659	1671
1659	1705
1660	1666
1660	1667
1660	1668
1660	1665
1661	1666
1661	1668
1661	1665
1664	1668
1669	1705
1669	1708
1669	1706
1670	1708
1671	1703
1671	1691
1671	1708
1671	1709
1671	1705
1671	1704
1672	1703
1673	1701
1673	1703
1673	1697
1674	1697
1674	1695
1674	1701
1674	1678
1674	1693
1674	1703
1674	1699
1675	1695
1675	1697
1675	1701
1676	1695
1676	1697
1676	1696
1677	1696
1677	1694
1677	1695
1678	1694
1678	1695
1678	1693
1679	1694
1679	1695
1679	1696
1679	1850
1679	1724
1679	1725
1679	1723
1679	1849
1679	1852
1680	1694
1680	1725
1680	1850
1680	1852
1680	1726
1680	1727
1680	1728
1680	1795
1680	1796
1680	1692
1680	1693
1681	1692
1681	1693
1681	1691
1681	1694
1682	1691
1682	1692
1682	1729
1682	1727
1682	1728
1682	1726
1682	1797
1682	1798
1682	1690
1683	1729
1683	1690
1683	1691
1683	1687
1683	1688
1683	1705
1684	1688
1684	1690
1684	1692
1684	1729
1684	1733
1684	1750
1684	1702
1684	1732
1685	1729
1685	1733
1685	1731
1685	1730
1685	1732
1686	1732
1686	1733
1686	1731
1687	1763
1688	1705
1689	1705
1689	1704
1689	1706
1689	1763
1689	1702
1689	1703
1690	1763
1690	1702
1690	1703
1690	1704
1690	1729
1690	1750
1690	1759
1690	1711
1690	1762
1691	1702
1691	1703
1691	1705
1691	1701
1692	1701
1692	1702
1692	1729
1692	1736
1692	1700
1692	1727
1692	1714
1693	1700
1693	1701
1693	1703
1693	1699
1694	1699
1694	1700
1694	1724
1694	1726
1694	1701
1694	1727
1694	1738
1694	1725
1695	1699
1695	1700
1695	1724
1695	1723
1696	1723
1696	1724
1697	1701
1698	1723
1698	1724
1698	1720
1698	1722
1698	1721
1698	1714
1698	1715
1698	1716
1699	1724
1699	1714
1699	1715
1699	1713
1700	1713
1700	1714
1700	1724
1700	1720
1700	1738
1700	1748
1700	1726
1700	1727
1700	1736
1700	1737
1700	1712
1701	1712
1701	1713
1701	1710
1701	1729
1702	1710
1702	1712
1702	1714
1702	1711
1702	1755
1702	1729
1702	1750
1702	1759
1702	1709
1703	1709
1703	1710
1703	1711
1703	1708
1704	1709
1704	1710
1704	1711
1704	1762
1704	1708
1704	1759
1704	1763
1706	1763
1707	1762
1707	1763
1707	1765
1707	1767
1709	1774
1709	1762
1709	1765
1710	1776
1710	1778
1710	1762
1710	1774
1711	1774
1711	1758
1711	1759
1711	1762
1711	1755
1711	1775
1711	1776
1711	1777
1712	1776
1712	1777
1712	1755
1712	1779
1713	1777
1713	1778
1713	1779
1713	1776
1714	1779
1714	1748
1714	1749
1714	1755
1714	1729
1714	1736
1714	1750
1714	1720
1715	1778
1715	1779
1715	1780
1715	1720
1716	1720
1716	1780
1716	1721
1717	1780
1717	1781
1717	1721
1718	1780
1718	1781
1718	1782
1718	1746
1718	1748
1719	1746
1719	1782
1719	1742
1719	1744
1720	1748
1720	1742
1720	1744
1720	1724
1720	1738
1720	1746
1720	1740
1721	1742
1721	1787
1722	1742
1722	1741
1722	1740
1723	1741
1723	1849
1723	1739
1723	1740
1723	1742
1724	1739
1724	1740
1724	1741
1724	1738
1725	1739
1725	1740
1725	1794
1725	1795
1725	1741
1725	1793
1725	1849
1725	1850
1725	1796
1725	1852
1726	1739
1726	1794
1726	1795
1726	1796
1726	1797
1726	1852
1726	1798
1726	1737
1726	1738
1727	1737
1727	1738
1727	1736
1727	1798
1728	1736
1728	1737
1728	1799
1728	1796
1728	1797
1728	1798
1728	1735
1729	1735
1729	1736
1729	1733
1729	1750
1729	1799
1730	1735
1730	1736
1730	1799
1730	1801
1730	1734
1731	1799
1731	1801
1731	1859
1731	1857
1733	1750
1733	1751
1734	1751
1734	1826
1734	1802
1734	1825
1734	1748
1734	1749
1734	1750
1735	1748
1735	1749
1735	1750
1735	1747
1735	1799
1735	1783
1735	1825
1735	1802
1735	1826
1736	1747
1736	1748
1736	1799
1736	1750
1736	1746
1736	1783
1737	1799
1737	1746
1737	1747
1737	1797
1737	1804
1737	1745
1737	1784
1737	1786
1737	1816
1738	1746
1738	1747
1738	1748
1738	1744
1738	1745
1738	1797
1739	1744
1739	1745
1739	1796
1739	1797
1739	1794
1739	1795
1740	1744
1740	1745
1740	1794
1740	1792
1740	1793
1741	1793
1741	1794
1741	1849
1741	1792
1742	1746
1742	1787
1743	1793
1743	1794
1743	1790
1743	1792
1743	1791
1743	1787
1743	1786
1744	1794
1744	1786
1744	1787
1744	1785
1745	1786
1745	1789
1745	1816
1745	1790
1745	1797
1745	1804
1745	1806
1745	1794
1745	1784
1745	1785
1746	1784
1746	1785
1746	1782
1746	1786
1747	1782
1747	1784
1747	1783
1747	1799
1747	1804
1747	1825
1747	1816
1747	1818
1747	1781
1748	1781
1748	1782
1748	1755
1748	1779
1748	1783
1748	1780
1749	1783
1749	1826
1749	1825
1749	1828
1749	1754
1749	1755
1750	1755
1750	1756
1750	1759
1751	1756
1751	1826
1752	1756
1752	1757
1753	1757
1754	1758
1754	1777
1754	1778
1754	1779
1754	1781
1754	1761
1755	1777
1755	1779
1755	1759
1756	1760
1757	1761
1758	1774
1758	1775
1758	1777
1758	1762
1759	1763
1760	1764
1761	1774
1761	1777
1761	1765
1762	1774
1765	1774
1765	1770
1765	1772
1765	1773
1766	1770
1768	1999
1768	2000
1769	2000
1770	1774
1770	2001
1771	2001
1782	1830
1783	1830
1783	1828
1784	1829
1784	1830
1784	1832
1784	1828
1784	1834
1784	1816
1784	1818
1784	1819
1784	1835
1785	1830
1785	1832
1785	1833
1786	1816
1786	1835
1786	1818
1786	1832
1786	1833
1786	1834
1788	1833
1788	1837
1788	1835
1789	1837
1789	1806
1789	1814
1789	1816
1789	1835
1789	1840
1790	1808
1790	1810
1790	1794
1790	1806
1790	1807
1790	1814
1790	1812
1791	1808
1791	1810
1792	1810
1792	1808
1792	1809
1793	1809
1793	1849
1793	1807
1793	1808
1794	1807
1794	1808
1794	1806
1795	1807
1795	1808
1795	1850
1795	1851
1795	1852
1795	1809
1795	1848
1795	1849
1795	1846
1796	1807
1796	1852
1796	1851
1796	1853
1796	1805
1796	1806
1797	1805
1797	1806
1797	1807
1797	1853
1797	1804
1797	1816
1798	1804
1798	1805
1798	1855
1798	1862
1798	1853
1798	1854
1798	1803
1799	1803
1799	1804
1799	1859
1799	1825
1799	1805
1799	1855
1800	1805
1800	1855
1800	1859
1800	1815
1800	1876
1801	1859
1802	1825
1802	1824
1802	1816
1802	1817
1802	1818
1803	1816
1803	1817
1803	1815
1803	1838
1804	1815
1804	1816
1804	1814
1804	1817
1804	1818
1804	1825
1805	1813
1805	1814
1805	1815
1805	1853
1805	1862
1805	1841
1805	1855
1805	1876
1806	1813
1806	1814
1806	1816
1806	1853
1806	1812
1807	1853
1807	1812
1807	1813
1807	1851
1807	1843
1807	1864
1807	1846
1807	1852
1807	1865
1807	1848
1808	1812
1808	1843
1808	1846
1808	1848
1809	1843
1809	1846
1809	1848
1809	1849
1809	1847
1810	1843
1810	1840
1811	1846
1811	1843
1811	1844
1811	1845
1811	1847
1811	1841
1811	1842
1812	1843
1812	1841
1812	1842
1812	1840
1813	1840
1813	1841
1813	1843
1813	1874
1813	1862
1813	1853
1813	1864
1813	1839
1813	1842
1814	1839
1814	1840
1814	1837
1814	1841
1815	1839
1815	1838
1815	1841
1815	1836
1815	1837
1816	1836
1816	1837
1816	1838
1816	1835
1817	1835
1817	1836
1817	1838
1817	1821
1817	1823
1817	1822
1817	1834
1818	1834
1818	1835
1818	1825
1818	1823
1818	1828
1818	1832
1818	1824
1819	1832
1819	1834
1819	1835
1819	1836
1819	1823
1820	1836
1821	1836
1822	1827
1823	1827
1823	1828
1823	1832
1824	1828
1828	1832
1838	1880
1838	1881
1839	1881
1839	1882
1840	1881
1840	1882
1840	1885
1841	1879
1841	1881
1841	1882
1841	1884
1841	1885
1841	1874
1841	1862
1841	1876
1842	1881
1842	1882
1842	1885
1842	1872
1842	1874
1842	1886
1843	1872
1843	1874
1843	1864
1843	1866
1843	1865
1844	1872
1844	1870
1844	1866
1845	1866
1845	1867
1845	1868
1845	1870
1845	1872
1846	1866
1846	1867
1846	1865
1846	1851
1847	1867
1848	1867
1848	1899
1848	1866
1848	1897
1849	1899
1850	1899
1850	1900
1851	1899
1851	1865
1851	1866
1851	1898
1851	1867
1851	1897
1852	1898
1852	1899
1852	1900
1852	1864
1852	1865
1852	1901
1853	1900
1853	1863
1853	1901
1853	1864
1853	1874
1853	1862
1854	1862
1854	1863
1854	1901
1854	1900
1854	1902
1854	1903
1854	1910
1854	1861
1855	1861
1855	1862
1855	1859
1855	1876
1855	1903
1856	1861
1856	1903
1856	1904
1856	1905
1856	1906
1856	1907
1856	1860
1857	1904
1857	1905
1858	1905
1858	1907
1858	1906
1859	1876
1859	1877
1860	1876
1860	1877
1860	1907
1860	1874
1860	1875
1861	1874
1861	1875
1861	1876
1861	1873
1861	1903
1861	1907
1862	1873
1862	1874
1862	1876
1862	1885
1862	1872
1863	1903
1863	1872
1863	1873
1863	1901
1863	1902
1863	1910
1863	1874
1864	1872
1864	1873
1864	1901
1864	1874
1864	1870
1864	1871
1864	1898
1865	1899
1865	1869
1865	1871
1865	1898
1865	1872
1866	1870
1866	1898
1866	1872
1866	1896
1866	1897
1867	1897
1867	1898
1867	1895
1867	1896
1868	1895
1868	1891
1868	1894
1868	1896
1869	1897
1869	1898
1869	1894
1869	1914
1869	1889
1869	1890
1870	1888
1870	1889
1870	1890
1871	1888
1871	1889
1871	1890
1871	1898
1871	1887
1871	1901
1871	1910
1871	1912
1871	1922
1872	1887
1872	1888
1872	1886
1873	1887
1873	1889
1873	1903
1873	1910
1873	1885
1873	1886
1874	1885
1874	1886
1875	1885
1875	1887
1875	1879
1875	1884
1875	1886
1876	1885
1879	1884
1879	1885
1879	1883
1880	1884
1881	1885
1889	1922
1890	1922
1891	1920
1891	1922
1893	1920
1893	1916
1894	1920
1894	1916
1894	1898
1894	1914
1894	1918
1895	1916
1896	1916
1896	1914
1896	1915
1897	1914
1897	1915
1897	1916
1897	1913
1898	1913
1898	1914
1898	1912
1898	1920
1899	1913
1899	1914
1899	1915
1900	1913
1900	1911
1900	1912
1901	1911
1901	1912
1901	1910
1902	1910
1902	1911
1902	1909
1903	1909
1903	1910
1903	1907
1904	1908
1904	1909
1907	1924
1908	1924
1908	1926
1908	1921
1908	1923
1908	1922
1909	1922
1909	1923
1909	1921
1910	1922
1910	1923
1910	1920
1910	1921
1911	1920
1911	1921
1911	1922
1911	1919
1912	1919
1912	1920
1912	1922
1912	1918
1913	1918
1913	1919
1913	1920
1914	1918
1914	1920
1916	1920
1930	1934
1931	1935
1932	1936
1933	1937
1934	1938
1934	1941
1935	1939
1936	1940
1937	1941
1938	1942
1939	1943
1939	2266
1939	1946
1940	1944
1941	1945
1942	1946
1943	2300
1943	2266
1943	1947
1944	1948
1945	1949
1946	2267
1946	2266
1946	1950
1947	2297
1947	2300
1947	2298
1947	2326
1947	1951
1947	1963
1947	2324
1948	1952
1949	1953
1950	1957
1950	2297
1950	1954
1950	2298
1950	1958
1950	2295
1950	2296
1950	1961
1950	1963
1950	2326
1951	1963
1951	1955
1952	1956
1953	1957
1953	1958
1954	1958
1954	1961
1956	2331
1957	2294
1957	2295
1957	2329
1957	2330
1957	2331
1957	2334
1958	2329
1958	2331
1958	2330
1958	2328
1958	2294
1958	2295
1958	2296
1958	2298
1959	2329
1959	2330
1959	2331
1959	2332
1959	2333
1960	2329
1960	2330
1960	2328
1960	2012
1960	2013
1960	2327
1961	2327
1961	2328
1961	2326
1961	2296
1961	2329
1962	2326
1962	2327
1962	2041
1962	2012
1962	2039
1962	2040
1962	2011
1962	2013
1962	2325
1963	2325
1963	2326
1963	2324
1963	2041
1964	2324
1964	2325
1964	2041
1964	2043
1964	2323
1964	2042
1965	2323
1965	2324
1966	2323
1966	2325
1966	1970
1966	2319
1966	1994
1966	1995
1966	2006
1967	2004
1967	2046
1968	1995
1968	1996
1968	1997
1968	1998
1968	2004
1968	2323
1968	2001
1968	1999
1968	2000
1969	2323
1969	2320
1969	1996
1969	1997
1969	2321
1969	1995
1969	1998
1970	2319
1970	2320
1970	2321
1970	1995
1970	1996
1970	1997
1970	1994
1970	2304
1970	2305
1971	1995
1971	1997
1971	2052
1971	2053
1971	2304
1971	1996
1971	2054
1971	2107
1971	2321
1971	2055
1971	2305
1972	1995
1972	2053
1972	2319
1972	2055
1972	2305
1972	1993
1972	1994
1972	2054
1972	2056
1972	2057
1973	2057
1973	2305
1973	1993
1973	1994
1973	1992
1973	2306
1973	2307
1973	2317
1973	2319
1973	2325
1973	2056
1974	1992
1974	1993
1974	1994
1974	2317
1974	2057
1974	2307
1974	2056
1974	2058
1974	2250
1974	2305
1974	2306
1974	2308
1974	1991
1975	2307
1975	2308
1975	1991
1975	1992
1975	2309
1975	2310
1975	2317
1975	2315
1975	2316
1975	2327
1975	1990
1975	2010
1975	2012
1975	2058
1976	1990
1976	1991
1976	2058
1976	2063
1976	1992
1976	1993
1976	2007
1976	2066
1976	2080
1976	2310
1976	2311
1977	2310
1977	2311
1977	2058
1977	2063
1977	2060
1978	1991
1978	2063
1978	2080
1978	1989
1978	1990
1979	2311
1979	1989
1979	1990
1979	2310
1980	1989
1980	1987
1980	1988
1981	1988
1981	1989
1981	1987
1981	2014
1981	1990
1981	2311
1981	2312
1982	1987
1982	1988
1982	1989
1985	2014
1986	2016
1986	2013
1986	2012
1986	2014
1987	2012
1987	2013
1987	2014
1987	2010
1987	2011
1988	2011
1988	2012
1988	2013
1988	2014
1988	2312
1988	2010
1989	2010
1989	2011
1989	2012
1989	2009
1990	2010
1990	2012
1990	2309
1990	2311
1990	2312
1990	2310
1990	2008
1990	2009
1991	2008
1991	2009
1991	2007
1991	2044
1991	2080
1991	2045
1991	2010
1992	2007
1992	2008
1992	2325
1992	2041
1992	2327
1992	2307
1992	2317
1992	2009
1992	2010
1992	2006
1993	2006
1993	2007
1993	2056
1993	2005
1993	2066
1993	2058
1994	2005
1994	2006
1994	2008
1994	2317
1994	2319
1994	2325
1994	2053
1994	2056
1995	2005
1995	2053
1995	2004
1995	2006
1996	2053
1996	2003
1996	2004
1996	2005
1996	2002
1996	2052
1996	2051
1997	2052
1997	2054
1998	2003
1998	2052
1998	2002
2001	2049
2001	2051
2002	2048
2002	2049
2002	2050
2003	2049
2003	2051
2003	2052
2003	2053
2003	2047
2003	2048
2004	2047
2004	2048
2004	2049
2004	2046
2004	2087
2005	2047
2005	2049
2005	2053
2005	2048
2005	2056
2005	2066
2005	2067
2005	2068
2005	2078
2005	2045
2005	2046
2006	2045
2006	2046
2006	2047
2006	2043
2007	2043
2007	2045
2007	2047
2007	2066
2007	2080
2007	2044
2008	2042
2008	2043
2008	2044
2008	2045
2008	2041
2008	2325
2009	2042
2009	2043
2009	2044
2009	2040
2009	2041
2010	2041
2010	2042
2010	2325
2010	2327
2011	2040
2011	2041
2011	2039
2011	2042
2011	2038
2012	2039
2012	2312
2012	2309
2012	2315
2012	2327
2013	2038
2013	2039
2013	2312
2014	2312
2041	2325
2041	2327
2043	2086
2044	2085
2044	2086
2045	2085
2045	2086
2045	2084
2045	2087
2045	2080
2045	2083
2046	2084
2046	2085
2046	2086
2046	2087
2046	2083
2047	2087
2047	2094
2047	2078
2047	2080
2047	2083
2047	2084
2047	2096
2047	2085
2048	2087
2048	2094
2048	2093
2048	2088
2048	2091
2048	2092
2048	2078
2049	2078
2049	2069
2049	2070
2049	2071
2049	2053
2049	2068
2049	2076
2050	2070
2050	2071
2050	2072
2050	2076
2051	2070
2051	2071
2051	2072
2052	2070
2052	2071
2052	2105
2052	2068
2052	2069
2053	2069
2053	2070
2053	2068
2054	2069
2054	2071
2054	2070
2054	2106
2054	2107
2054	2105
2055	2069
2055	2107
2055	2109
2055	2305
2055	2108
2055	2158
2055	2248
2055	2304
2055	2247
2055	2067
2055	2068
2056	2067
2056	2068
2056	2109
2056	2066
2057	2067
2057	2109
2057	2111
2057	2248
2057	2305
2057	2250
2057	2306
2057	2307
2057	2065
2057	2066
2058	2111
2058	2065
2058	2066
2058	2067
2058	2062
2058	2063
2058	2310
2059	2063
2059	2065
2059	2066
2059	2111
2059	2112
2059	2116
2059	2117
2059	2118
2059	2133
2060	2111
2060	2112
2060	2113
2061	2116
2061	2114
2061	2112
2061	2113
2061	2111
2061	2115
2063	2080
2064	2080
2064	2081
2064	2079
2064	2078
2065	2078
2065	2079
2065	2080
2065	2077
2065	2111
2065	2133
2066	2078
2066	2080
2066	2111
2066	2076
2066	2077
2067	2111
2067	2076
2067	2077
2067	2109
2067	2119
2067	2078
2068	2076
2068	2109
2068	2078
2068	2074
2068	2075
2069	2074
2069	2075
2069	2106
2069	2107
2069	2109
2069	2108
2069	2121
2069	2073
2069	2102
2069	2122
2069	2076
2070	2074
2070	2075
2070	2106
2070	2076
2070	2105
2071	2105
2072	2098
2072	2105
2073	2102
2073	2104
2073	2100
2073	2103
2073	2101
2074	2099
2074	2100
2074	2101
2074	2098
2074	2102
2074	2142
2075	2098
2075	2099
2075	2109
2075	2102
2075	2108
2075	2121
2075	2131
2075	2097
2076	2097
2076	2098
2076	2095
2076	2096
2076	2099
2077	2095
2077	2097
2077	2099
2077	2111
2077	2119
2077	2133
2077	2096
2078	2096
2078	2094
2079	2083
2079	2096
2080	2084
2082	2096
2082	2094
2083	2094
2083	2096
2084	2094
2084	2092
2087	2094
2095	2141
2096	2141
2097	2141
2097	2139
2097	2140
2097	2143
2097	2133
2097	2136
2098	2141
2098	2142
2098	2143
2099	2143
2099	2131
2099	2119
2099	2142
2100	2131
2100	2143
2100	2144
2100	2142
2100	2145
2101	2131
2101	2129
2101	2145
2101	2148
2101	2125
2101	2127
2102	2125
2102	2127
2102	2123
2102	2108
2102	2121
2102	2131
2102	2122
2102	2128
2102	2129
2103	2123
2103	2125
2103	2127
2104	2123
2104	2125
2104	2124
2104	2126
2104	2122
2105	2123
2105	2124
2105	2155
2106	2122
2106	2123
2106	2156
2107	2122
2107	2156
2107	2157
2107	2158
2108	2122
2108	2156
2108	2157
2108	2158
2108	2159
2108	2119
2108	2120
2108	2121
2109	2159
2109	2119
2109	2120
2109	2121
2109	2160
2110	2119
2110	2120
2110	2159
2110	2160
2110	2161
2110	2118
2111	2118
2111	2119
2111	2117
2111	2133
2111	2161
2112	2116
2112	2118
2112	2119
2112	2161
2112	2162
2112	2163
2112	2165
2112	2166
2112	2168
2113	2161
2113	2162
2113	2163
2114	2163
2114	2166
2114	2164
2114	2162
2114	2165
2115	2166
2116	2134
2117	2134
2117	2132
2117	2133
2117	2131
2118	2130
2118	2131
2118	2132
2118	2161
2118	2146
2119	2130
2119	2131
2119	2161
2119	2129
2120	2161
2120	2129
2120	2130
2120	2159
2120	2160
2120	2169
2120	2128
2121	2128
2121	2129
2121	2131
2121	2159
2121	2127
2121	2156
2122	2127
2122	2128
2122	2156
2122	2157
2122	2158
2122	2159
2123	2127
2123	2156
2123	2154
2123	2155
2124	2155
2124	2156
2124	2154
2125	2129
2125	2150
2126	2155
2126	2152
2126	2154
2126	2156
2126	2150
2126	2153
2126	2149
2127	2156
2127	2149
2127	2150
2127	2148
2128	2148
2128	2149
2128	2150
2128	2169
2128	2152
2128	2156
2128	2159
2128	2171
2128	2181
2128	2147
2129	2147
2129	2148
2129	2145
2129	2149
2130	2145
2130	2147
2130	2146
2130	2149
2130	2161
2130	2169
2130	2183
2130	2144
2131	2144
2131	2146
2131	2143
2132	2146
2132	2136
2132	2143
2133	2137
2136	2140
2136	2143
2147	2188
2148	2188
2149	2188
2149	2181
2149	2190
2149	2169
2149	2182
2149	2187
2149	2183
2150	2181
2150	2188
2150	2189
2151	2188
2151	2189
2151	2179
2151	2181
2151	2191
2151	2175
2152	2175
2152	2156
2152	2173
2152	2171
2152	2178
2152	2179
2152	2177
2152	2181
2153	2173
2153	2175
2154	2175
2154	2173
2154	2174
2154	2201
2155	2174
2155	2172
2155	2173
2155	2175
2155	2202
2156	2172
2156	2173
2156	2171
2157	2172
2157	2173
2157	2174
2157	2202
2157	2203
2157	2247
2158	2172
2158	2202
2158	2203
2158	2204
2158	2205
2158	2247
2158	2170
2158	2171
2159	2205
2159	2170
2159	2171
2159	2169
2159	2172
2160	2169
2160	2170
2160	2205
2160	2207
2160	2206
2160	2168
2161	2168
2161	2169
2161	2165
2161	2166
2161	2167
2161	2183
2161	2207
2162	2168
2162	2169
2162	2207
2162	2208
2162	2211
2162	2212
2162	2214
2162	2229
2162	2166
2163	2207
2163	2208
2163	2209
2164	2212
2165	2212
2166	2184
2166	2183
2167	2183
2167	2182
2167	2184
2167	2181
2168	2181
2168	2182
2168	2180
2168	2207
2168	2229
2169	2181
2169	2182
2169	2207
2169	2183
2169	2179
2169	2180
2170	2207
2170	2178
2170	2179
2170	2180
2170	2181
2170	2205
2171	2178
2171	2179
2171	2181
2171	2205
2171	2177
2172	2177
2172	2178
2172	2202
2172	2204
2172	2203
2172	2217
2172	2218
2172	2205
2173	2177
2173	2178
2173	2202
2173	2200
2173	2201
2174	2201
2174	2202
2174	2203
2175	2179
2176	2201
2176	2202
2176	2198
2176	2200
2176	2196
2176	2199
2176	2195
2176	2197
2177	2202
2177	2195
2177	2196
2177	2197
2177	2194
2178	2195
2178	2197
2178	2202
2178	2227
2178	2205
2178	2215
2178	2217
2178	2232
2178	2193
2178	2194
2179	2193
2179	2194
2179	2191
2179	2195
2180	2191
2180	2193
2180	2192
2180	2215
2180	2229
2180	2195
2180	2232
2181	2190
2181	2191
2181	2192
2181	2187
2181	2188
2181	2189
2182	2192
2182	2187
2185	2190
2185	2192
2193	2232
2193	2230
2193	2229
2194	2232
2195	2227
2195	2232
2196	2227
2197	2227
2197	2235
2197	2202
2197	2217
2197	2221
2198	2202
2198	2235
2198	2219
2198	2221
2198	2217
2198	2223
2198	2225
2198	2218
2198	2227
2199	2221
2199	2235
2200	2221
2200	2219
2200	2220
2201	2220
2201	2218
2201	2219
2201	2221
2202	2218
2202	2219
2202	2220
2202	2217
2203	2218
2203	2219
2203	2246
2203	2247
2203	2220
2203	2245
2204	2218
2204	2246
2204	2247
2204	2248
2204	2249
2204	2216
2204	2217
2205	2248
2205	2249
2205	2216
2205	2217
2205	2215
2205	2250
2206	2215
2206	2216
2206	2217
2206	2249
2206	2250
2206	2251
2206	2259
2206	2214
2207	2214
2207	2215
2207	2212
2207	2229
2207	2251
2208	2214
2208	2251
2208	2252
2208	2255
2208	2256
2208	2258
2209	2251
2209	2252
2209	2255
2209	2253
2210	2255
2210	2256
2210	2252
2210	2253
2210	2254
2211	2256
2212	2229
2213	2229
2213	2228
2213	2230
2213	2227
2214	2227
2214	2228
2214	2226
2214	2251
2214	2256
2214	2229
2215	2227
2215	2251
2215	2229
2215	2232
2215	2225
2215	2226
2216	2251
2216	2224
2216	2225
2216	2226
2216	2227
2216	2249
2216	2259
2217	2224
2217	2225
2217	2249
2217	2227
2217	2223
2218	2249
2218	2223
2218	2224
2218	2246
2219	2223
2219	2224
2219	2246
2219	2244
2219	2245
2220	2245
2220	2246
2221	2246
2221	2235
2222	2245
2222	2242
2222	2244
2222	2246
2222	2243
2222	2239
2222	2240
2223	2246
2223	2239
2223	2242
2223	2238
2223	2235
2223	2240
2224	2238
2224	2239
2224	2249
2224	2259
2224	2261
2224	2242
2224	2246
2224	2271
2224	2235
2224	2237
2225	2237
2225	2238
2225	2235
2226	2235
2226	2237
2226	2239
2226	2251
2226	2236
2226	2273
2226	2234
2227	2234
2227	2235
2227	2236
2227	2231
2227	2232
2227	2233
2228	2232
2228	2234
2228	2236
2236	2276
2237	2273
2237	2276
2237	2291
2238	2291
2239	2291
2239	2271
2239	2272
2239	2259
2239	2273
2240	2291
2241	2271
2241	2269
2241	2292
2241	2289
2241	2291
2241	2265
2242	2271
2242	2265
2242	2269
2242	2246
2242	2261
2242	2262
2242	2267
2242	2268
2243	2265
2244	2265
2244	2264
2245	2264
2245	2262
2245	2263
2245	2265
2246	2262
2246	2263
2246	2264
2246	2261
2247	2262
2247	2263
2247	2303
2247	2304
2247	2264
2247	2302
2248	2262
2248	2304
2248	2305
2248	2306
2248	2260
2248	2261
2249	2260
2249	2261
2249	2306
2249	2259
2250	2259
2250	2260
2250	2306
2250	2307
2250	2308
2250	2305
2250	2258
2251	2258
2251	2259
2251	2255
2251	2256
2251	2257
2251	2273
2251	2308
2252	2258
2252	2259
2252	2308
2252	2313
2252	2314
2253	2308
2253	2310
2253	2309
2253	2313
2253	2258
2253	2314
2254	2313
2254	2314
2254	2312
2254	2309
2254	2310
2254	2311
2255	2314
2256	2273
2257	2273
2257	2272
2257	2274
2257	2271
2258	2271
2258	2272
2258	2314
2258	2308
2258	2270
2258	2293
2258	2330
2258	2273
2259	2270
2259	2271
2259	2308
2259	2273
2259	2269
2260	2308
2260	2269
2260	2270
2260	2271
2260	2268
2260	2306
2260	2316
2261	2268
2261	2269
2261	2271
2261	2267
2262	2306
2262	2267
2262	2268
2262	2303
2262	2305
2263	2267
2263	2303
2263	2301
2263	2302
2264	2302
2264	2303
2265	2303
2265	2269
2266	2302
2266	2299
2266	2301
2266	2303
2266	2297
2266	2300
2266	2296
2267	2303
2267	2296
2267	2297
2267	2295
2267	2299
2268	2295
2268	2296
2268	2299
2268	2303
2268	2318
2268	2306
2268	2316
2268	2328
2268	2294
2269	2294
2269	2295
2269	2292
2270	2292
2270	2294
2270	2293
2270	2330
2270	2308
2270	2291
2271	2291
2271	2292
2271	2293
2271	2289
2272	2291
2272	2293
2272	2290
2272	2276
2274	2278
2275	2290
2275	2291
2275	2293
2276	2291
2276	2290
2277	2290
2277	2291
2278	2290
2280	2284
2280	2285
2280	2288
2280	2290
2281	2285
2282	2286
2283	2287
2284	2288
2287	2295
2293	2330
2293	2334
2293	2314
2294	2330
2294	2334
2294	2331
2294	2328
2296	2328
2296	2318
2296	2326
2296	2303
2298	2326
2298	2322
2298	2324
2299	2322
2299	2320
2299	2324
2299	2303
2299	2318
2299	2328
2299	2325
2299	2326
2300	2322
2300	2324
2301	2320
2301	2322
2301	2321
2302	2321
2302	2319
2302	2320
2302	2322
2303	2319
2303	2320
2303	2321
2303	2318
2304	2319
2304	2320
2304	2321
2305	2319
2305	2317
2305	2318
2306	2317
2306	2318
2306	2319
2306	2316
2307	2316
2307	2317
2307	2315
2308	2315
2308	2316
2308	2313
2308	2314
2308	2328
2309	2313
2309	2315
2309	2317
2309	2327
2312	2329
2313	2329
2313	2332
2313	2335
2314	2329
2314	2335
2314	2330
2314	2332
2314	2331
2314	2334
2314	2328
2315	2329
2315	2328
2315	2330
2315	2327
2316	2327
2316	2328
2316	2326
2317	2326
2317	2327
2317	2325
2318	2325
2318	2326
2318	2327
2318	2328
2318	2324
2319	2324
2319	2325
2320	2324
2329	2335
2330	2335
2330	2334
2331	2335
