61	60	62	63	-207.852331	0.478011	1.673040	0.300000	1
60	62	63	64	-125.211760	0.478011	1.673040	0.300000	1
60	62	63	65	-356.304842	0.478011	1.673040	0.300000	2
62	63	65	66	-336.387350	0.478011	1.673040	0.300000	2
64	63	65	66	-211.609028	0.478011	1.673040	0.300000	1
63	65	66	67	-134.808289	0.478011	1.673040	0.300000	1
63	65	66	68	-5.726124	0.478011	1.673040	0.300000	2
65	66	68	69	-336.312534	0.478011	1.673040	0.300000	2
67	66	68	69	-209.248365	0.478011	1.673040	0.300000	1
66	68	69	70	-122.787810	0.478011	1.673040	0.300000	1
66	68	69	71	-2.823707	0.478011	1.673040	0.300000	2
68	69	71	72	-330.672496	0.478011	1.673040	0.300000	2
70	69	71	72	-219.285484	0.478011	1.673040	0.300000	1
69	71	72	73	-133.942728	0.478011	1.673040	0.300000	1
69	71	72	74	-355.461778	0.478011	1.673040	0.300000	2
71	72	74	75	-340.154759	0.478011	1.673040	0.300000	2
73	72	74	75	-201.467599	0.478011	1.673040	0.300000	1
72	74	75	76	-128.439246	0.478011	1.673040	0.300000	1
72	74	75	77	-5.828067	0.478011	1.673040	0.300000	2
74	75	77	78	-331.226013	0.478011	1.673040	0.300000	2
76	75	77	78	-216.959881	0.478011	1.673040	0.300000	1
75	77	78	79	-132.923913	0.478011	1.673040	0.300000	1
75	77	78	80	-357.182821	0.478011	1.673040	0.300000	2
77	78	80	81	-336.963834	0.478011	1.673040	0.300000	2
79	78	80	81	-203.362924	0.478011	1.673040	0.300000	1
78	80	81	82	-134.547290	0.478011	1.673040	0.300000	1
78	80	81	83	-6.120501	0.478011	1.673040	0.300000	2
80	81	83	84	-336.185610	0.478011	1.673040	0.300000	2
82	81	83	84	-209.253188	0.478011	1.673040	0.300000	1
81	83	84	85	-122.789966	0.478011	1.673040	0.300000	1
81	83	84	86	-358.847812	0.478011	1.673040	0.300000	2
83	84	86	87	-335.535363	0.478011	1.673040	0.300000	2
85	84	86	87	-218.776053	0.478011	1.673040	0.300000	1
84	86	87	88	-125.622264	0.478011	1.673040	0.300000	1
84	86	87	89	-2.993717	0.478011	1.673040	0.300000	2
86	87	89	90	-331.652984	0.478011	1.673040	0.300000	2
88	87	89	90	-219.027382	0.478011	1.673040	0.300000	1
87	89	90	91	-127.167095	0.478011	1.673040	0.300000	1
87	89	90	92	-357.660114	0.478011	1.673040	0.300000	2
89	90	92	93	-336.629931	0.478011	1.673040	0.300000	2
91	90	92	93	-211.604253	0.478011	1.673040	0.300000	1
90	92	93	94	-134.811621	0.478011	1.673040	0.300000	1
90	92	93	95	-5.730289	0.478011	1.673040	0.300000	2
92	93	95	96	-336.317290	0.478011	1.673040	0.300000	2
94	93	95	96	-209.248255	0.478011	1.673040	0.300000	1
93	95	96	97	-122.786663	0.478011	1.673040	0.300000	1
93	95	96	98	-358.854515	0.478011	1.673040	0.300000	2
95	96	98	99	-335.534610	0.478011	1.673040	0.300000	2
97	96	98	99	-218.782719	0.478011	1.673040	0.300000	1
96	98	99	100	-125.619209	0.478011	1.673040	0.300000	1
96	98	99	101	-1.600637	0.478011	1.673040	0.300000	2
98	99	101	102	-335.278769	0.478011	1.673040	0.300000	2
100	99	101	102	-218.776309	0.478011	1.673040	0.300000	1
99	101	102	103	-125.625953	0.478011	1.673040	0.300000	1
99	101	102	104	-2.233456	0.478011	1.673040	0.300000	2
101	102	104	105	-332.220214	0.478011	1.673040	0.300000	2
103	102	104	105	-216.955864	0.478011	1.673040	0.300000	1
102	104	105	106	-132.924802	0.478011	1.673040	0.300000	1
102	104	105	107	-3.959786	0.478011	1.673040	0.300000	2
104	105	107	108	-333.864711	0.478011	1.673040	0.300000	2
106	105	107	108	-207.857336	0.478011	1.673040	0.300000	1
105	107	108	109	-125.213471	0.478011	1.673040	0.300000	1
105	107	108	110	-356.293736	0.478011	1.673040	0.300000	2
107	108	110	111	-336.383635	0.478011	1.673040	0.300000	2
109	108	110	111	-211.595539	0.478011	1.673040	0.300000	1
108	110	111	112	-134.817757	0.478011	1.673040	0.300000	1
108	110	111	113	-6.270035	0.478011	1.673040	0.300000	2
110	111	113	114	-332.983295	0.478011	1.673040	0.300000	2
112	111	113	114	-207.851848	0.478011	1.673040	0.300000	1
111	113	114	115	-125.214880	0.478011	1.673040	0.300000	1
111	113	114	116	-357.539650	0.478011	1.673040	0.300000	2
113	114	116	117	-336.069195	0.478011	1.673040	0.300000	2
115	114	116	117	-214.387352	0.478011	1.673040	0.300000	1
114	116	117	118	-135.453176	0.478011	1.673040	0.300000	1
114	116	117	119	-350.455590	0.478011	1.673040	0.300000	2
116	117	119	120	-339.511127	0.478011	1.673040	0.300000	2
118	117	119	120	-197.080020	0.478011	1.673040	0.300000	1
117	119	120	121	-134.483814	0.478011	1.673040	0.300000	1
123	122	124	125	-197.080549	0.478011	1.673040	0.300000	1
122	124	125	126	-134.482146	0.478011	1.673040	0.300000	1
122	124	125	127	-7.947070	0.478011	1.673040	0.300000	2
124	125	127	128	-333.787632	0.478011	1.673040	0.300000	2
126	125	127	128	-214.381919	0.478011	1.673040	0.300000	1
125	127	128	129	-135.451740	0.478011	1.673040	0.300000	1
125	127	128	130	-357.697093	0.478011	1.673040	0.300000	2
127	128	130	131	-339.028140	0.478011	1.673040	0.300000	2
129	128	130	131	-201.465866	0.478011	1.673040	0.300000	1
128	130	131	132	-128.442943	0.478011	1.673040	0.300000	1
128	130	131	133	-9.030096	0.478011	1.673040	0.300000	2
130	131	133	134	-329.476804	0.478011	1.673040	0.300000	2
132	131	133	134	-219.282768	0.478011	1.673040	0.300000	1
131	133	134	135	-133.950243	0.478011	1.673040	0.300000	1
131	133	134	136	-355.457587	0.478011	1.673040	0.300000	2
133	134	136	137	-340.165678	0.478011	1.673040	0.300000	2
135	134	136	137	-201.472475	0.478011	1.673040	0.300000	1
134	136	137	138	-128.441879	0.478011	1.673040	0.300000	1
134	136	137	139	-5.834851	0.478011	1.673040	0.300000	2
136	137	139	140	-331.217401	0.478011	1.673040	0.300000	2
138	137	139	140	-216.955805	0.478011	1.673040	0.300000	1
137	139	140	141	-132.924203	0.478011	1.673040	0.300000	1
137	139	140	142	-357.279456	0.478011	1.673040	0.300000	2
139	140	142	143	-336.849872	0.478011	1.673040	0.300000	2
141	140	142	143	-203.330419	0.478011	1.673040	0.300000	1
140	142	143	144	-134.604639	0.478011	1.673040	0.300000	1
140	142	143	145	-0.295303	0.478011	1.673040	0.300000	2
142	143	145	146	-335.555377	0.478011	1.673040	0.300000	2
144	143	145	146	-203.326343	0.478011	1.673040	0.300000	1
143	145	146	147	-134.604844	0.478011	1.673040	0.300000	1
143	145	146	148	-6.167063	0.478011	1.673040	0.300000	2
145	146	148	149	-336.194139	0.478011	1.673040	0.300000	2
147	146	148	149	-209.247578	0.478011	1.673040	0.300000	1
146	148	149	150	-122.794867	0.478011	1.673040	0.300000	1
146	148	149	151	-2.824073	0.478011	1.673040	0.300000	2
148	149	151	152	-330.676801	0.478011	1.673040	0.300000	2
150	149	151	152	-219.287250	0.478011	1.673040	0.300000	1
149	151	152	153	-133.942602	0.478011	1.673040	0.300000	1
149	151	152	154	-349.890130	0.478011	1.673040	0.300000	2
151	152	154	155	-339.773062	0.478011	1.673040	0.300000	2
153	152	154	155	-196.649278	0.478011	1.673040	0.300000	1
152	154	155	156	-138.905750	0.478011	1.673040	0.300000	1
152	154	155	157	-5.347241	0.478011	1.673040	0.300000	2
154	155	157	158	-334.458741	0.478011	1.673040	0.300000	2
156	155	157	158	-203.327540	0.478011	1.673040	0.300000	1
155	157	158	159	-134.606937	0.478011	1.673040	0.300000	1
155	157	158	160	-6.174965	0.478011	1.673040	0.300000	2
157	158	160	161	-336.194328	0.478011	1.673040	0.300000	2
159	158	160	161	-209.253636	0.478011	1.673040	0.300000	1
158	160	161	162	-122.782633	0.478011	1.673040	0.300000	1
158	160	161	163	-358.754252	0.478011	1.673040	0.300000	2
160	161	163	164	-335.637689	0.478011	1.673040	0.300000	2
162	161	163	164	-218.816282	0.478011	1.673040	0.300000	1
161	163	164	165	-125.569218	0.478011	1.673040	0.300000	1
161	163	164	166	-2.184142	0.478011	1.673040	0.300000	2
163	164	166	167	-332.216125	0.478011	1.673040	0.300000	2
165	164	166	167	-216.959647	0.478011	1.673040	0.300000	1
164	166	167	168	-132.919633	0.478011	1.673040	0.300000	1
164	166	167	169	-3.961604	0.478011	1.673040	0.300000	2
166	167	169	170	-333.862754	0.478011	1.673040	0.300000	2
168	167	169	170	-207.862162	0.478011	1.673040	0.300000	1
167	169	170	171	-125.206741	0.478011	1.673040	0.300000	1
167	169	170	172	-356.299733	0.478011	1.673040	0.300000	2
169	170	172	173	-336.387087	0.478011	1.673040	0.300000	2
171	170	172	173	-211.609948	0.478011	1.673040	0.300000	1
170	172	173	174	-134.801813	0.478011	1.673040	0.300000	1
170	172	173	175	-5.730610	0.478011	1.673040	0.300000	2
172	173	175	176	-336.310696	0.478011	1.673040	0.300000	2
174	173	175	176	-209.255804	0.478011	1.673040	0.300000	1
173	175	176	177	-122.787027	0.478011	1.673040	0.300000	1
173	175	176	178	-2.822485	0.478011	1.673040	0.300000	2
175	176	178	179	-330.669210	0.478011	1.673040	0.300000	2
177	176	178	179	-219.287562	0.478011	1.673040	0.300000	1
176	178	179	180	-133.943022	0.478011	1.673040	0.300000	1
176	178	179	181	-355.459450	0.478011	1.673040	0.300000	2
178	179	181	182	-340.159864	0.478011	1.673040	0.300000	2
180	179	181	182	-201.475077	0.478011	1.673040	0.300000	1
179	181	182	183	-128.436638	0.478011	1.673040	0.300000	1
