61	60	62	114.229453	105.640535
60	62	63	94.460161	110.898662
62	63	64	105.069570	105.640535
62	63	65	119.057982	71.701721
64	63	65	113.818855	49.235182
63	65	66	95.109331	65.248566
65	66	67	107.530201	49.235182
65	66	68	119.636907	71.701721
67	66	68	111.935486	88.432122
66	68	69	95.229634	35.133843
68	69	70	99.441786	88.432122
68	69	71	111.714506	71.701721
70	69	71	113.392972	49.235182
69	71	72	93.998418	65.248566
71	72	73	111.732845	49.235182
71	72	74	124.733990	71.701721
73	72	74	111.137419	105.640535
72	74	75	97.644876	110.898662
74	75	76	98.580824	105.640535
74	75	77	117.085876	71.701721
76	75	77	113.986407	28.680688
75	77	78	94.884284	54.971319
77	78	79	108.412474	28.680688
77	78	80	122.372287	71.701721
79	78	80	113.879029	109.942639
78	80	81	94.780136	84.847036
80	81	82	108.828330	109.942639
80	81	83	117.420531	71.701721
82	81	83	111.934212	88.432122
81	83	84	95.228866	35.133843
83	84	85	99.438917	88.432122
83	84	86	119.313356	71.701721
85	84	86	113.576887	109.942639
84	86	87	95.147461	84.847036
86	87	88	98.270291	109.942639
86	87	89	113.856363	71.701721
88	87	89	115.456033	91.539197
87	89	90	93.062924	105.640535
89	90	91	103.856219	91.539197
89	90	92	121.229790	71.701721
91	90	92	113.827887	49.235182
90	92	93	95.106516	65.248566
92	93	94	107.534238	49.235182
92	93	95	119.644032	71.701721
94	93	95	111.927844	88.432122
93	95	96	95.233023	35.133843
95	96	97	99.441830	88.432122
95	96	98	119.304849	71.701721
97	96	98	113.571138	109.942639
96	98	99	95.150316	84.847036
98	99	100	98.263985	109.942639
98	99	101	121.092929	71.701721
100	99	101	113.570756	109.942639
99	101	102	95.150552	84.847036
101	102	103	98.268413	109.942639
101	102	104	119.014403	71.701721
103	102	104	113.987868	28.680688
102	104	105	94.885339	54.971319
104	105	106	108.416337	28.680688
104	105	107	114.670772	71.701721
106	105	107	114.224530	105.640535
105	107	108	94.467202	110.898662
107	108	109	105.065860	105.640535
107	108	110	119.068300	71.701721
109	108	110	113.824651	49.235182
108	110	111	95.110800	65.248566
110	111	112	107.531234	49.235182
110	111	113	115.085199	71.701721
112	111	113	114.234030	105.640535
111	113	114	94.459163	110.898662
113	114	115	105.068119	105.640535
113	114	116	113.232939	71.701721
115	114	116	116.088809	66.443595
114	116	117	92.238576	114.244742
116	117	118	110.591796	66.443595
116	117	119	121.198329	71.701721
118	117	119	118.275668	80.305927
117	119	120	92.656882	54.493308
119	120	121	103.133018	80.305927
123	122	124	118.266412	80.305927
122	124	125	92.667658	54.493308
124	125	126	103.133671	80.305927
124	125	127	113.689365	71.701721
126	125	127	116.078281	66.443595
125	127	128	92.245174	114.244742
127	128	129	110.593043	66.443595
127	128	130	125.429352	71.701721
129	128	130	111.146747	105.640535
128	130	131	97.639227	110.898662
130	131	132	98.581105	105.640535
130	131	133	111.501969	71.701721
132	131	133	113.398006	49.235182
131	133	134	93.998846	65.248566
133	134	135	111.729234	49.235182
133	134	136	124.729447	71.701721
135	134	136	111.150113	105.640535
134	136	137	97.640527	110.898662
136	137	138	98.576414	105.640535
136	137	139	117.090783	71.701721
138	137	139	113.983541	28.680688
137	139	140	94.893136	54.971319
139	140	141	108.412933	28.680688
139	140	142	122.355408	71.701721
141	140	142	113.831338	109.942639
140	142	143	94.835457	84.847036
142	143	144	108.815036	109.942639
142	143	145	120.687710	71.701721
144	143	145	113.829337	109.942639
143	145	146	94.829491	84.847036
145	146	147	108.827507	109.942639
145	146	148	117.443464	71.701721
147	146	148	111.928773	88.432122
146	148	149	95.236423	35.133843
148	149	150	99.439171	88.432122
148	149	151	111.718432	71.701721
150	149	151	113.398586	49.235182
149	151	152	93.998327	65.248566
151	152	153	111.727828	49.235182
151	152	154	123.932031	71.701721
153	152	154	114.665419	91.539197
152	154	155	94.974132	105.640535
154	155	156	108.058102	91.539197
154	155	157	120.795099	71.701721
156	155	157	113.833302	109.942639
155	157	158	94.831377	84.847036
157	158	159	108.824329	109.942639
157	158	160	117.445399	71.701721
159	158	160	111.925594	88.432122
158	160	161	95.230242	35.133843
160	161	162	99.437692	88.432122
160	161	163	119.329036	71.701721
162	161	163	113.637683	109.942639
161	163	164	95.097379	84.847036
163	164	165	98.271538	109.942639
163	164	166	119.000054	71.701721
165	164	166	113.986244	28.680688
164	166	167	94.884369	54.971319
166	167	168	108.414967	28.680688
166	167	169	114.667957	71.701721
168	167	169	114.221915	105.640535
167	169	170	94.466287	110.898662
169	170	171	105.064962	105.640535
169	170	172	119.064873	71.701721
171	170	172	113.818071	49.235182
170	172	173	95.110713	65.248566
172	173	174	107.528285	49.235182
172	173	175	119.636780	71.701721
174	173	175	111.929275	88.432122
173	175	176	95.227769	35.133843
175	176	177	99.438439	88.432122
175	176	178	111.708567	71.701721
177	176	178	113.397127	49.235182
176	178	179	94.000170	65.248566
178	179	180	111.726645	49.235182
178	179	181	124.731601	71.701721
180	179	181	111.145668	105.640535
179	181	182	97.640800	110.898662
181	182	183	98.575007	105.640535
