60	61	4.863572	0.143403	0.000000	14.340344
60	62	3.018211	0.143403	0.000000	14.340344
62	63	3.703992	0.143403	0.000000	14.340344
63	64	4.299573	0.143403	0.000000	14.340344
63	65	4.385882	0.143403	0.000000	14.340344
65	66	3.753522	0.143403	0.000000	14.340344
66	67	4.863588	0.143403	0.000000	14.340344
66	68	3.286939	0.143403	0.000000	14.340344
68	69	3.728822	0.143403	0.000000	14.340344
69	70	4.378828	0.143403	0.000000	14.340344
69	71	4.391522	0.143403	0.000000	14.340344
71	72	3.716186	0.143403	0.000000	14.340344
72	73	4.973485	0.143403	0.000000	14.340344
72	74	3.285100	0.143403	0.000000	14.340344
74	75	3.759679	0.143403	0.000000	14.340344
75	76	4.378482	0.143403	0.000000	14.340344
75	77	4.191349	0.143403	0.000000	14.340344
77	78	3.751737	0.143403	0.000000	14.340344
78	79	4.863577	0.143403	0.000000	14.340344
78	80	3.685790	0.143403	0.000000	14.340344
80	81	3.744606	0.143403	0.000000	14.340344
81	82	4.863547	0.143403	0.000000	14.340344
81	83	3.287196	0.143403	0.000000	14.340344
83	84	3.729065	0.143403	0.000000	14.340344
84	85	4.378879	0.143403	0.000000	14.340344
84	86	3.870349	0.143403	0.000000	14.340344
86	87	3.759062	0.143403	0.000000	14.340344
87	88	4.378739	0.143403	0.000000	14.340344
87	89	3.707371	0.143403	0.000000	14.340344
89	90	3.710516	0.143403	0.000000	14.340344
90	91	4.299535	0.143403	0.000000	14.340344
90	92	4.385590	0.143403	0.000000	14.340344
92	93	3.753482	0.143403	0.000000	14.340344
93	94	4.863568	0.143403	0.000000	14.340344
93	95	3.287234	0.143403	0.000000	14.340344
95	96	3.728588	0.143403	0.000000	14.340344
96	97	4.378719	0.143403	0.000000	14.340344
96	98	3.870627	0.143403	0.000000	14.340344
98	99	3.759142	0.143403	0.000000	14.340344
99	100	4.378867	0.143403	0.000000	14.340344
99	101	3.870729	0.143403	0.000000	14.340344
101	102	3.759089	0.143403	0.000000	14.340344
102	103	4.378849	0.143403	0.000000	14.340344
102	104	4.191441	0.143403	0.000000	14.340344
104	105	3.751590	0.143403	0.000000	14.340344
105	106	4.863871	0.143403	0.000000	14.340344
105	107	3.018190	0.143403	0.000000	14.340344
107	108	3.703814	0.143403	0.000000	14.340344
108	109	4.299838	0.143403	0.000000	14.340344
108	110	4.385674	0.143403	0.000000	14.340344
110	111	3.753659	0.143403	0.000000	14.340344
111	112	4.863687	0.143403	0.000000	14.340344
111	113	3.018202	0.143403	0.000000	14.340344
113	114	3.704145	0.143403	0.000000	14.340344
114	115	4.299408	0.143403	0.000000	14.340344
114	116	4.676006	0.143403	0.000000	14.340344
116	117	3.685906	0.143403	0.000000	14.340344
117	118	4.973352	0.143403	0.000000	14.340344
117	119	3.256339	0.143403	0.000000	14.340344
119	120	3.700278	0.143403	0.000000	14.340344
120	121	4.299870	0.143403	0.000000	14.340344
122	123	4.973443	0.143403	0.000000	14.340344
122	124	3.256274	0.143403	0.000000	14.340344
124	125	3.699810	0.143403	0.000000	14.340344
125	126	4.299765	0.143403	0.000000	14.340344
125	127	4.675890	0.143403	0.000000	14.340344
127	128	3.685558	0.143403	0.000000	14.340344
128	129	4.973278	0.143403	0.000000	14.340344
128	130	3.285159	0.143403	0.000000	14.340344
130	131	3.759860	0.143403	0.000000	14.340344
131	132	4.378629	0.143403	0.000000	14.340344
131	133	4.391506	0.143403	0.000000	14.340344
133	134	3.716403	0.143403	0.000000	14.340344
134	135	4.973583	0.143403	0.000000	14.340344
134	136	3.284810	0.143403	0.000000	14.340344
136	137	3.759974	0.143403	0.000000	14.340344
137	138	4.379032	0.143403	0.000000	14.340344
137	139	4.190962	0.143403	0.000000	14.340344
139	140	3.751521	0.143403	0.000000	14.340344
140	141	4.863586	0.143403	0.000000	14.340344
140	142	3.689393	0.143403	0.000000	14.340344
142	143	3.745071	0.143403	0.000000	14.340344
143	144	4.863800	0.143403	0.000000	14.340344
143	145	3.689657	0.143403	0.000000	14.340344
145	146	3.744812	0.143403	0.000000	14.340344
146	147	4.863638	0.143403	0.000000	14.340344
146	148	3.287462	0.143403	0.000000	14.340344
148	149	3.728832	0.143403	0.000000	14.340344
149	150	4.378808	0.143403	0.000000	14.340344
149	151	4.391285	0.143403	0.000000	14.340344
151	152	3.716173	0.143403	0.000000	14.340344
152	153	4.973530	0.143403	0.000000	14.340344
152	154	3.735528	0.143403	0.000000	14.340344
154	155	3.739988	0.143403	0.000000	14.340344
155	156	4.863696	0.143403	0.000000	14.340344
155	157	3.689538	0.143403	0.000000	14.340344
157	158	3.744883	0.143403	0.000000	14.340344
158	159	4.863831	0.143403	0.000000	14.340344
158	160	3.287466	0.143403	0.000000	14.340344
160	161	3.728842	0.143403	0.000000	14.340344
161	162	4.378855	0.143403	0.000000	14.340344
161	163	3.866122	0.143403	0.000000	14.340344
163	164	3.758696	0.143403	0.000000	14.340344
164	165	4.378950	0.143403	0.000000	14.340344
164	166	4.191338	0.143403	0.000000	14.340344
166	167	3.751416	0.143403	0.000000	14.340344
167	168	4.863639	0.143403	0.000000	14.340344
167	169	3.018360	0.143403	0.000000	14.340344
169	170	3.703956	0.143403	0.000000	14.340344
170	171	4.299718	0.143403	0.000000	14.340344
170	172	4.385636	0.143403	0.000000	14.340344
172	173	3.753397	0.143403	0.000000	14.340344
173	174	4.863511	0.143403	0.000000	14.340344
173	175	3.287541	0.143403	0.000000	14.340344
175	176	3.729030	0.143403	0.000000	14.340344
176	177	4.378766	0.143403	0.000000	14.340344
176	178	4.391252	0.143403	0.000000	14.340344
178	179	3.716160	0.143403	0.000000	14.340344
179	180	4.973571	0.143403	0.000000	14.340344
179	181	3.285010	0.143403	0.000000	14.340344
181	182	3.760044	0.143403	0.000000	14.340344
182	183	4.378795	0.143403	0.000000	14.340344
