698 518 616 37 -1.0 -64.0 -64.0 -64.0
699 519 617 37 -1.0 -64.0 -64.0 -49.0
700 520 618 37 -1.0 -64.0 -64.0 -34.0
701 521 619 37 -1.0 -64.0 -64.0 -19.0
702 522 620 37 -1.0 -64.0 -64.0 -4.0
703 523 621 37 -1.0 -64.0 -64.0 11.0
704 524 622 37 -1.0 -64.0 -64.0 26.0
705 525 623 37 -1.0 -64.0 -64.0 41.0
706 526 624 37 -1.0 -64.0 -64.0 56.0
707 527 625 37 -1.0 -64.0 -64.0 71.0
708 528 626 37 -1.0 -64.0 -64.0 86.0
709 529 627 37 -1.0 -64.0 -64.0 101.0
710 530 628 37 -1.0 -64.0 -49.0 -64.0
711 531 629 37 -1.0 -64.0 -49.0 -49.0
712 532 630 37 -1.0 -64.0 -49.0 -34.0
713 533 631 37 -1.0 -64.0 -49.0 -19.0
714 534 632 37 -1.0 -64.0 -49.0 -4.0
715 535 633 37 -1.0 -64.0 -49.0 11.0
716 536 634 37 -1.0 -64.0 -49.0 26.0
717 537 635 37 -1.0 -64.0 -49.0 41.0
718 538 636 37 -1.0 -64.0 -49.0 56.0
719 539 637 37 -1.0 -64.0 -49.0 71.0
720 540 638 37 -1.0 -64.0 -49.0 86.0
721 541 639 37 -1.0 -64.0 -49.0 101.0
722 542 640 37 -1.0 -64.0 -34.0 -64.0
723 543 641 37 -1.0 -64.0 -34.0 -49.0
724 544 642 37 -1.0 -64.0 -34.0 -34.0
725 545 643 37 -1.0 -64.0 -34.0 -19.0
726 546 644 37 -1.0 -64.0 -34.0 -4.0
727 547 645 37 -1.0 -64.0 -34.0 11.0
728 548 646 37 -1.0 -64.0 -34.0 26.0
729 549 647 37 -1.0 -64.0 -34.0 41.0
730 550 648 37 -1.0 -64.0 -34.0 56.0
731 551 649 37 -1.0 -64.0 -34.0 71.0
732 552 650 37 -1.0 -64.0 -34.0 86.0
733 553 651 37 -1.0 -64.0 -34.0 101.0
734 554 652 37 -1.0 -64.0 -19.0 -64.0
735 555 653 37 -1.0 -64.0 -19.0 -49.0
736 556 654 37 -1.0 -64.0 -19.0 -34.0
737 557 655 37 -1.0 -64.0 -19.0 -19.0
738 558 656 37 -1.0 -64.0 -19.0 -4.0
739 559 657 37 -1.0 -64.0 -19.0 11.0
740 560 658 37 -1.0 -64.0 -19.0 26.0
741 561 659 37 -1.0 -64.0 -19.0 41.0
742 562 660 37 -1.0 -64.0 -19.0 56.0
743 563 661 37 -1.0 -64.0 -19.0 71.0
744 564 662 37 -1.0 -64.0 -19.0 86.0
745 565 663 37 -1.0 -64.0 -19.0 101.0
746 566 664 37 -1.0 -64.0 -4.0 -64.0
747 567 665 37 -1.0 -64.0 -4.0 -49.0
748 568 666 37 -1.0 -64.0 -4.0 -34.0
749 569 667 37 -1.0 -64.0 -4.0 -19.0
750 570 668 37 -1.0 -64.0 -4.0 -4.0
751 571 669 37 -1.0 -64.0 -4.0 11.0
752 572 670 37 -1.0 -64.0 -4.0 26.0
753 573 671 37 -1.0 -64.0 -4.0 41.0
754 574 672 37 -1.0 -64.0 -4.0 56.0
755 575 673 37 -1.0 -64.0 -4.0 71.0
756 576 674 37 -1.0 -64.0 -4.0 86.0
757 577 675 37 -1.0 -64.0 -4.0 101.0
758 578 676 37 -1.0 -64.0 11.0 -64.0
759 579 677 37 -1.0 -64.0 11.0 -49.0
760 580 678 37 -1.0 -64.0 11.0 -34.0
761 581 679 37 -1.0 -64.0 11.0 -19.0
762 582 680 37 -1.0 -64.0 11.0 -4.0
763 583 681 37 -1.0 -64.0 11.0 11.0
764 584 682 37 -1.0 -64.0 11.0 26.0
765 585 683 37 -1.0 -64.0 11.0 41.0
766 586 684 37 -1.0 -64.0 11.0 56.0
767 587 685 37 -1.0 -64.0 11.0 71.0
768 588 686 37 -1.0 -64.0 11.0 86.0
769 589 687 37 -1.0 -64.0 11.0 101.0
770 590 688 37 -1.0 -64.0 26.0 -64.0
771 591 689 37 -1.0 -64.0 26.0 -49.0
772 592 690 37 -1.0 -64.0 26.0 -34.0
773 593 691 37 -1.0 -64.0 26.0 -19.0
774 594 692 37 -1.0 -64.0 26.0 -4.0
775 595 693 37 -1.0 -64.0 26.0 11.0
776 596 694 37 -1.0 -64.0 26.0 26.0
777 597 695 37 -1.0 -64.0 26.0 41.0
778 598 696 37 -1.0 -64.0 26.0 56.0
779 599 697 37 -1.0 -64.0 26.0 71.0
780 600 698 37 -1.0 -64.0 26.0 86.0
781 601 699 37 -1.0 -64.0 26.0 101.0
782 602 700 37 -1.0 -64.0 41.0 -64.0
783 603 701 37 -1.0 -64.0 41.0 -49.0
784 604 702 37 -1.0 -64.0 41.0 -34.0
785 605 703 37 -1.0 -64.0 41.0 -19.0
786 606 704 37 -1.0 -64.0 41.0 -4.0
787 607 705 37 -1.0 -64.0 41.0 11.0
788 608 706 37 -1.0 -64.0 41.0 26.0
789 609 707 37 -1.0 -64.0 41.0 41.0
790 610 708 37 -1.0 -64.0 41.0 56.0
791 611 709 37 -1.0 -64.0 41.0 71.0
792 612 710 37 -1.0 -64.0 41.0 86.0
793 613 711 37 -1.0 -64.0 41.0 101.0
794 614 712 37 -1.0 -64.0 56.0 -64.0
795 615 713 37 -1.0 -64.0 56.0 -49.0
796 616 714 37 -1.0 -64.0 56.0 -34.0
797 617 715 37 -1.0 -64.0 56.0 -19.0
798 618 716 37 -1.0 -64.0 56.0 -4.0
799 619 717 37 -1.0 -64.0 56.0 11.0
800 620 718 37 -1.0 -64.0 56.0 26.0
801 621 719 37 -1.0 -64.0 56.0 41.0
802 622 720 37 -1.0 -64.0 56.0 56.0
803 623 721 37 -1.0 -64.0 56.0 71.0
804 624 722 37 -1.0 -64.0 56.0 86.0
805 625 723 37 -1.0 -64.0 56.0 101.0
806 626 724 37 -1.0 -64.0 71.0 -64.0
807 627 725 37 -1.0 -64.0 71.0 -49.0
808 628 726 37 -1.0 -64.0 71.0 -34.0
809 629 727 37 -1.0 -64.0 71.0 -19.0
810 630 728 37 -1.0 -64.0 71.0 -4.0
811 631 729 37 -1.0 -64.0 71.0 11.0
812 632 730 37 -1.0 -64.0 71.0 26.0
813 633 731 37 -1.0 -64.0 71.0 41.0
814 634 732 37 -1.0 -64.0 71.0 56.0
815 635 733 37 -1.0 -64.0 71.0 71.0
816 636 734 37 -1.0 -64.0 71.0 86.0
817 637 735 37 -1.0 -64.0 71.0 101.0
818 638 736 37 -1.0 -64.0 86.0 -64.0
819 639 737 37 -1.0 -64.0 86.0 -49.0
820 640 738 37 -1.0 -64.0 86.0 -34.0
821 641 739 37 -1.0 -64.0 86.0 -19.0
822 642 740 37 -1.0 -64.0 86.0 -4.0
823 643 741 37 -1.0 -64.0 86.0 11.0
824 644 742 37 -1.0 -64.0 86.0 26.0
825 645 743 37 -1.0 -64.0 86.0 41.0
826 646 744 37 -1.0 -64.0 86.0 56.0
827 647 745 37 -1.0 -64.0 86.0 71.0
828 648 746 37 -1.0 -64.0 86.0 86.0
829 649 747 37 -1.0 -64.0 86.0 101.0
830 650 748 37 -1.0 -64.0 101.0 -64.0
831 651 749 37 -1.0 -64.0 101.0 -49.0
832 652 750 37 -1.0 -64.0 101.0 -34.0
833 653 751 37 -1.0 -64.0 101.0 -19.0
834 654 752 37 -1.0 -64.0 101.0 -4.0
835 655 753 37 -1.0 -64.0 101.0 11.0
836 656 754 37 -1.0 -64.0 101.0 26.0
837 657 755 37 -1.0 -64.0 101.0 41.0
838 658 756 37 -1.0 -64.0 101.0 56.0
839 659 757 37 -1.0 -64.0 101.0 71.0
840 660 758 37 -1.0 -64.0 101.0 86.0
841 661 759 37 -1.0 -64.0 101.0 101.0
842 662 760 37 -1.0 -49.0 -64.0 -64.0
843 663 761 37 -1.0 -49.0 -64.0 -49.0
844 664 762 37 -1.0 -49.0 -64.0 -34.0
845 665 763 37 -1.0 -49.0 -64.0 -19.0
846 666 764 37 -1.0 -49.0 -64.0 -4.0
847 667 765 37 -1.0 -49.0 -64.0 11.0
848 668 766 37 -1.0 -49.0 -64.0 26.0
849 669 767 37 -1.0 -49.0 -64.0 41.0
850 670 768 37 -1.0 -49.0 -64.0 56.0
851 671 769 37 -1.0 -49.0 -64.0 71.0
852 672 770 37 -1.0 -49.0 -64.0 86.0
853 673 771 37 -1.0 -49.0 -64.0 101.0
854 674 772 37 -1.0 -49.0 -49.0 -64.0
855 675 773 37 -1.0 -49.0 -49.0 -49.0
856 676 774 37 -1.0 -49.0 -49.0 -34.0
857 677 775 37 -1.0 -49.0 -49.0 -19.0
858 678 776 37 -1.0 -49.0 -49.0 -4.0
859 679 777 37 -1.0 -49.0 -49.0 11.0
860 680 778 37 -1.0 -49.0 -49.0 26.0
861 681 779 37 -1.0 -49.0 -49.0 41.0
862 682 780 37 -1.0 -49.0 -49.0 56.0
863 683 781 37 -1.0 -49.0 -49.0 71.0
864 684 782 37 -1.0 -49.0 -49.0 86.0
865 685 783 37 -1.0 -49.0 -49.0 101.0
866 686 784 37 -1.0 -49.0 -34.0 -64.0
867 687 785 37 -1.0 -49.0 -34.0 -49.0
868 688 786 37 -1.0 -49.0 -34.0 -34.0
869 689 787 37 -1.0 -49.0 -34.0 -19.0
870 690 788 37 -1.0 -49.0 -34.0 -4.0
871 691 789 37 -1.0 -49.0 -34.0 11.0
872 692 790 37 -1.0 -49.0 -34.0 26.0
873 693 791 37 -1.0 -49.0 -34.0 41.0
874 694 792 37 -1.0 -49.0 -34.0 56.0
875 695 793 37 -1.0 -49.0 -34.0 71.0
876 696 794 37 -1.0 -49.0 -34.0 86.0
877 697 795 37 -1.0 -49.0 -34.0 101.0
878 698 796 37 -1.0 -49.0 -19.0 -64.0
879 699 797 37 -1.0 -49.0 -19.0 -49.0
880 700 798 37 -1.0 -49.0 -19.0 -34.0
881 701 799 37 -1.0 -49.0 -19.0 -19.0
882 702 800 37 -1.0 -49.0 -19.0 -4.0
883 703 801 37 -1.0 -49.0 -19.0 11.0
884 704 802 37 -1.0 -49.0 -19.0 26.0
885 705 803 37 -1.0 -49.0 -19.0 41.0
886 706 804 37 -1.0 -49.0 -19.0 56.0
887 707 805 37 -1.0 -49.0 -19.0 71.0
888 708 806 37 -1.0 -49.0 -19.0 86.0
889 709 807 37 -1.0 -49.0 -19.0 101.0
890 710 808 37 -1.0 -49.0 -4.0 -64.0
891 711 809 37 -1.0 -49.0 -4.0 -49.0
892 712 810 37 -1.0 -49.0 -4.0 -34.0
893 713 811 37 -1.0 -49.0 -4.0 -19.0
894 714 812 37 -1.0 -49.0 -4.0 -4.0
895 715 813 37 -1.0 -49.0 -4.0 11.0
896 716 814 37 -1.0 -49.0 -4.0 26.0
897 717 815 37 -1.0 -49.0 -4.0 41.0
898 718 816 37 -1.0 -49.0 -4.0 56.0
899 719 817 37 -1.0 -49.0 -4.0 71.0
900 720 818 37 -1.0 -49.0 -4.0 86.0
901 721 819 37 -1.0 -49.0 -4.0 101.0
902 722 820 37 -1.0 -49.0 11.0 -64.0
903 723 821 37 -1.0 -49.0 11.0 -49.0
904 724 822 37 -1.0 -49.0 11.0 -34.0
905 725 823 37 -1.0 -49.0 11.0 -19.0
906 726 824 37 -1.0 -49.0 11.0 -4.0
907 727 825 37 -1.0 -49.0 11.0 11.0
908 728 826 37 -1.0 -49.0 11.0 26.0
909 729 827 37 -1.0 -49.0 11.0 41.0
910 730 828 37 -1.0 -49.0 11.0 56.0
911 731 829 37 -1.0 -49.0 11.0 71.0
912 732 830 37 -1.0 -49.0 11.0 86.0
913 733 831 37 -1.0 -49.0 11.0 101.0
914 734 832 37 -1.0 -49.0 26.0 -64.0
915 735 833 37 -1.0 -49.0 26.0 -49.0
916 736 834 37 -1.0 -49.0 26.0 -34.0
917 737 835 37 -1.0 -49.0 26.0 -19.0
918 738 836 37 -1.0 -49.0 26.0 -4.0
919 739 837 37 -1.0 -49.0 26.0 11.0
920 740 838 37 -1.0 -49.0 26.0 26.0
921 741 839 37 -1.0 -49.0 26.0 41.0
922 742 840 37 -1.0 -49.0 26.0 56.0
923 743 841 37 -1.0 -49.0 26.0 71.0
924 744 842 37 -1.0 -49.0 26.0 86.0
925 745 843 37 -1.0 -49.0 26.0 101.0
926 746 844 37 -1.0 -49.0 41.0 -64.0
927 747 845 37 -1.0 -49.0 41.0 -49.0
928 748 846 37 -1.0 -49.0 41.0 -34.0
929 749 847 37 -1.0 -49.0 41.0 -19.0
930 750 848 37 -1.0 -49.0 41.0 -4.0
931 751 849 37 -1.0 -49.0 41.0 11.0
932 752 850 37 -1.0 -49.0 41.0 26.0
933 753 851 37 -1.0 -49.0 41.0 41.0
934 754 852 37 -1.0 -49.0 41.0 56.0
935 755 853 37 -1.0 -49.0 41.0 71.0
936 756 854 37 -1.0 -49.0 41.0 86.0
937 757 855 37 -1.0 -49.0 41.0 101.0
938 758 856 37 -1.0 -49.0 56.0 -64.0
939 759 857 37 -1.0 -49.0 56.0 -49.0
940 760 858 37 -1.0 -49.0 56.0 -34.0
941 761 859 37 -1.0 -49.0 56.0 -19.0
942 762 860 37 -1.0 -49.0 56.0 -4.0
943 763 861 37 -1.0 -49.0 56.0 11.0
944 764 862 37 -1.0 -49.0 56.0 26.0
945 765 863 37 -1.0 -49.0 56.0 41.0
946 766 864 37 -1.0 -49.0 56.0 56.0
947 767 865 37 -1.0 -49.0 56.0 71.0
948 768 866 37 -1.0 -49.0 56.0 86.0
949 769 867 37 -1.0 -49.0 56.0 101.0
950 770 868 37 -1.0 -49.0 71.0 -64.0
951 771 869 37 -1.0 -49.0 71.0 -49.0
952 772 870 37 -1.0 -49.0 71.0 -34.0
953 773 871 37 -1.0 -49.0 71.0 -19.0
954 774 872 37 -1.0 -49.0 71.0 -4.0
955 775 873 37 -1.0 -49.0 71.0 11.0
956 776 874 37 -1.0 -49.0 71.0 26.0
957 777 875 37 -1.0 -49.0 71.0 41.0
958 778 876 37 -1.0 -49.0 71.0 56.0
959 779 877 37 -1.0 -49.0 71.0 71.0
960 780 878 37 -1.0 -49.0 71.0 86.0
961 781 879 37 -1.0 -49.0 71.0 101.0
962 782 880 37 -1.0 -49.0 86.0 -64.0
963 783 881 37 -1.0 -49.0 86.0 -49.0
964 784 882 37 -1.0 -49.0 86.0 -34.0
965 785 883 37 -1.0 -49.0 86.0 -19.0
966 786 884 37 -1.0 -49.0 86.0 -4.0
967 787 885 37 -1.0 -49.0 86.0 11.0
968 788 886 37 -1.0 -49.0 86.0 26.0
969 789 887 37 -1.0 -49.0 86.0 41.0
970 790 888 37 -1.0 -49.0 86.0 56.0
971 791 889 37 -1.0 -49.0 86.0 71.0
972 792 890 37 -1.0 -49.0 86.0 86.0
973 793 891 37 -1.0 -49.0 86.0 101.0
974 794 892 37 -1.0 -49.0 101.0 -64.0
975 795 893 37 -1.0 -49.0 101.0 -49.0
976 796 894 37 -1.0 -49.0 101.0 -34.0
977 797 895 37 -1.0 -49.0 101.0 -19.0
978 798 896 37 -1.0 -49.0 101.0 -4.0
979 799 897 37 -1.0 -49.0 101.0 11.0
980 800 898 37 -1.0 -49.0 101.0 26.0
981 801 899 37 -1.0 -49.0 101.0 41.0
982 802 900 37 -1.0 -49.0 101.0 56.0
983 803 901 37 -1.0 -49.0 101.0 71.0
984 804 902 37 -1.0 -49.0 101.0 86.0
985 805 903 37 -1.0 -49.0 101.0 101.0
986 806 904 37 -1.0 -34.0 -64.0 -64.0
987 807 905 37 -1.0 -34.0 -64.0 -49.0
988 808 906 37 -1.0 -34.0 -64.0 -34.0
989 809 907 37 -1.0 -34.0 -64.0 -19.0
990 810 908 37 -1.0 -34.0 -64.0 -4.0
991 811 909 37 -1.0 -34.0 -64.0 11.0
992 812 910 37 -1.0 -34.0 -64.0 26.0
993 813 911 37 -1.0 -34.0 -64.0 41.0
994 814 912 37 -1.0 -34.0 -64.0 56.0
995 815 913 37 -1.0 -34.0 -64.0 71.0
996 816 914 37 -1.0 -34.0 -64.0 86.0
997 817 915 37 -1.0 -34.0 -64.0 101.0
998 818 916 37 -1.0 -34.0 -49.0 -64.0
999 819 917 37 -1.0 -34.0 -49.0 -49.0
1000 820 918 37 -1.0 -34.0 -49.0 -34.0
1001 821 919 37 -1.0 -34.0 -49.0 -19.0
1002 822 920 37 -1.0 -34.0 -49.0 -4.0
1003 823 921 37 -1.0 -34.0 -49.0 11.0
1004 824 922 37 -1.0 -34.0 -49.0 26.0
1005 825 923 37 -1.0 -34.0 -49.0 41.0
1006 826 924 37 -1.0 -34.0 -49.0 56.0
1007 827 925 37 -1.0 -34.0 -49.0 71.0
1008 828 926 37 -1.0 -34.0 -49.0 86.0
1009 829 927 37 -1.0 -34.0 -49.0 101.0
1010 830 928 37 -1.0 -34.0 -34.0 -64.0
1011 831 929 37 -1.0 -34.0 -34.0 -49.0
1012 832 930 37 -1.0 -34.0 -34.0 -34.0
1013 833 931 37 -1.0 -34.0 -34.0 -19.0
1014 834 932 37 -1.0 -34.0 -34.0 -4.0
1015 835 933 37 -1.0 -34.0 -34.0 11.0
1016 836 934 37 -1.0 -34.0 -34.0 26.0
1017 837 935 37 -1.0 -34.0 -34.0 41.0
1018 838 936 37 -1.0 -34.0 -34.0 56.0
1019 839 937 37 -1.0 -34.0 -34.0 71.0
1020 840 938 37 -1.0 -34.0 -34.0 86.0
1021 841 939 37 -1.0 -34.0 -34.0 101.0
1022 842 940 37 -1.0 -34.0 -19.0 -64.0
1023 843 941 37 -1.0 -34.0 -19.0 -49.0
1024 844 942 37 -1.0 -34.0 -19.0 -34.0
1025 845 943 37 -1.0 -34.0 -19.0 -19.0
1026 846 944 37 -1.0 -34.0 -19.0 -4.0
1027 847 945 37 -1.0 -34.0 -19.0 11.0
1028 848 946 37 -1.0 -34.0 -19.0 26.0
1029 849 947 37 -1.0 -34.0 -19.0 41.0
1030 850 948 37 -1.0 -34.0 -19.0 56.0
1031 851 949 37 -1.0 -34.0 -19.0 71.0
1032 852 950 37 -1.0 -34.0 -19.0 86.0
1033 853 951 37 -1.0 -34.0 -19.0 101.0
1034 854 952 37 -1.0 -34.0 -4.0 -64.0
1035 855 953 37 -1.0 -34.0 -4.0 -49.0
1036 856 954 37 -1.0 -34.0 -4.0 -34.0
1037 857 955 37 -1.0 -34.0 -4.0 -19.0
1038 858 956 37 -1.0 -34.0 -4.0 -4.0
1039 859 957 37 -1.0 -34.0 -4.0 11.0
1040 860 958 37 -1.0 -34.0 -4.0 26.0
1041 861 959 37 -1.0 -34.0 -4.0 41.0
1042 862 960 37 -1.0 -34.0 -4.0 56.0
1043 863 961 37 -1.0 -34.0 -4.0 71.0
1044 864 962 37 -1.0 -34.0 -4.0 86.0
1045 865 963 37 -1.0 -34.0 -4.0 101.0
1046 866 964 37 -1.0 -34.0 11.0 -64.0
1047 867 965 37 -1.0 -34.0 11.0 -49.0
1048 868 966 37 -1.0 -34.0 11.0 -34.0
1049 869 967 37 -1.0 -34.0 11.0 -19.0
1050 870 968 37 -1.0 -34.0 11.0 -4.0
1051 871 969 37 -1.0 -34.0 11.0 11.0
1052 872 970 37 -1.0 -34.0 11.0 26.0
1053 873 971 37 -1.0 -34.0 11.0 41.0
1054 874 972 37 -1.0 -34.0 11.0 56.0
1055 875 973 37 -1.0 -34.0 11.0 71.0
1056 876 974 37 -1.0 -34.0 11.0 86.0
1057 877 975 37 -1.0 -34.0 11.0 101.0
1058 878 976 37 -1.0 -34.0 26.0 -64.0
1059 879 977 37 -1.0 -34.0 26.0 -49.0
1060 880 978 37 -1.0 -34.0 26.0 -34.0
1061 881 979 37 -1.0 -34.0 26.0 -19.0
1062 882 980 37 -1.0 -34.0 26.0 -4.0
1063 883 981 37 -1.0 -34.0 26.0 11.0
1064 884 982 37 -1.0 -34.0 26.0 26.0
1065 885 983 37 -1.0 -34.0 26.0 41.0
1066 886 984 37 -1.0 -34.0 26.0 56.0
1067 887 985 37 -1.0 -34.0 26.0 71.0
1068 888 986 37 -1.0 -34.0 26.0 86.0
1069 889 987 37 -1.0 -34.0 26.0 101.0
1070 890 988 37 -1.0 -34.0 41.0 -64.0
1071 891 989 37 -1.0 -34.0 41.0 -49.0
1072 892 990 37 -1.0 -34.0 41.0 -34.0
1073 893 991 37 -1.0 -34.0 41.0 -19.0
1074 894 992 37 -1.0 -34.0 41.0 -4.0
1075 895 993 37 -1.0 -34.0 41.0 11.0
1076 896 994 37 -1.0 -34.0 41.0 26.0
1077 897 995 37 -1.0 -34.0 41.0 41.0
1078 898 996 37 -1.0 -34.0 41.0 56.0
1079 899 997 37 -1.0 -34.0 41.0 71.0
1080 900 998 37 -1.0 -34.0 41.0 86.0
1081 901 999 37 -1.0 -34.0 41.0 101.0
1082 902 1000 37 -1.0 -34.0 56.0 -64.0
1083 903 1001 37 -1.0 -34.0 56.0 -49.0
1084 904 1002 37 -1.0 -34.0 56.0 -34.0
1085 905 1003 37 -1.0 -34.0 56.0 -19.0
1086 906 1004 37 -1.0 -34.0 56.0 -4.0
1087 907 1005 37 -1.0 -34.0 56.0 11.0
1088 908 1006 37 -1.0 -34.0 56.0 26.0
1089 909 1007 37 -1.0 -34.0 56.0 41.0
1090 910 1008 37 -1.0 -34.0 56.0 56.0
1091 911 1009 37 -1.0 -34.0 56.0 71.0
1092 912 1010 37 -1.0 -34.0 56.0 86.0
1093 913 1011 37 -1.0 -34.0 56.0 101.0
1094 914 1012 37 -1.0 -34.0 71.0 -64.0
1095 915 1013 37 -1.0 -34.0 71.0 -49.0
1096 916 1014 37 -1.0 -34.0 71.0 -34.0
1097 917 1015 37 -1.0 -34.0 71.0 -19.0
1098 918 1016 37 -1.0 -34.0 71.0 -4.0
1099 919 1017 37 -1.0 -34.0 71.0 11.0
1100 920 1018 37 -1.0 -34.0 71.0 26.0
1101 921 1019 37 -1.0 -34.0 71.0 41.0
1102 922 1020 37 -1.0 -34.0 71.0 56.0
1103 923 1021 37 -1.0 -34.0 71.0 71.0
1104 924 1022 37 -1.0 -34.0 71.0 86.0
1105 925 1023 37 -1.0 -34.0 71.0 101.0
1106 926 1024 37 -1.0 -34.0 86.0 -64.0
1107 927 1025 37 -1.0 -34.0 86.0 -49.0
1108 928 1026 37 -1.0 -34.0 86.0 -34.0
1109 929 1027 37 -1.0 -34.0 86.0 -19.0
1110 930 1028 37 -1.0 -34.0 86.0 -4.0
1111 931 1029 37 -1.0 -34.0 86.0 11.0
1112 932 1030 37 -1.0 -34.0 86.0 26.0
1113 933 1031 37 -1.0 -34.0 86.0 41.0
1114 934 1032 37 -1.0 -34.0 86.0 56.0
1115 935 1033 37 -1.0 -34.0 86.0 71.0
1116 936 1034 37 -1.0 -34.0 86.0 86.0
1117 937 1035 37 -1.0 -34.0 86.0 101.0
1118 938 1036 37 -1.0 -34.0 101.0 -64.0
1119 939 1037 37 -1.0 -34.0 101.0 -49.0
1120 940 1038 37 -1.0 -34.0 101.0 -34.0
1121 941 1039 37 -1.0 -34.0 101.0 -19.0
1122 942 1040 37 -1.0 -34.0 101.0 -4.0
1123 943 1041 37 -1.0 -34.0 101.0 11.0
1124 944 1042 37 -1.0 -34.0 101.0 26.0
1125 945 1043 37 -1.0 -34.0 101.0 41.0
1126 946 1044 37 -1.0 -34.0 101.0 56.0
1127 947 1045 37 -1.0 -34.0 101.0 71.0
1128 948 1046 37 -1.0 -34.0 101.0 86.0
1129 949 1047 37 -1.0 -34.0 101.0 101.0
1130 950 1048 37 -1.0 -19.0 -64.0 -64.0
1131 951 1049 37 -1.0 -19.0 -64.0 -49.0
1132 952 1050 37 -1.0 -19.0 -64.0 -34.0
1133 953 1051 37 -1.0 -19.0 -64.0 -19.0
1134 954 1052 37 -1.0 -19.0 -64.0 -4.0
1135 955 1053 37 -1.0 -19.0 -64.0 11.0
1136 956 1054 37 -1.0 -19.0 -64.0 26.0
1137 957 1055 37 -1.0 -19.0 -64.0 41.0
1138 958 1056 37 -1.0 -19.0 -64.0 56.0
1139 959 1057 37 -1.0 -19.0 -64.0 71.0
1140 960 1058 37 -1.0 -19.0 -64.0 86.0
1141 961 1059 37 -1.0 -19.0 -64.0 101.0
1142 962 1060 37 -1.0 -19.0 -49.0 -64.0
1143 963 1061 37 -1.0 -19.0 -49.0 -49.0
1144 964 1062 37 -1.0 -19.0 -49.0 -34.0
1145 965 1063 37 -1.0 -19.0 -49.0 -19.0
1146 966 1064 37 -1.0 -19.0 -49.0 -4.0
1147 967 1065 37 -1.0 -19.0 -49.0 11.0
1148 968 1066 37 -1.0 -19.0 -49.0 26.0
1149 969 1067 37 -1.0 -19.0 -49.0 41.0
1150 970 1068 37 -1.0 -19.0 -49.0 56.0
1151 971 1069 37 -1.0 -19.0 -49.0 71.0
1152 972 1070 37 -1.0 -19.0 -49.0 86.0
1153 973 1071 37 -1.0 -19.0 -49.0 101.0
1154 974 1072 37 -1.0 -19.0 -34.0 -64.0
1155 975 1073 37 -1.0 -19.0 -34.0 -49.0
1156 976 1074 37 -1.0 -19.0 -34.0 -34.0
1157 977 1075 37 -1.0 -19.0 -34.0 -19.0
1158 978 1076 37 -1.0 -19.0 -34.0 -4.0
1159 979 1077 37 -1.0 -19.0 -34.0 11.0
1160 980 1078 37 -1.0 -19.0 -34.0 26.0
1161 981 1079 37 -1.0 -19.0 -34.0 41.0
1162 982 1080 37 -1.0 -19.0 -34.0 56.0
1163 983 1081 37 -1.0 -19.0 -34.0 71.0
1164 984 1082 37 -1.0 -19.0 -34.0 86.0
1165 985 1083 37 -1.0 -19.0 -34.0 101.0
1166 986 1084 37 -1.0 -19.0 -19.0 -64.0
1167 987 1085 37 -1.0 -19.0 -19.0 -49.0
1168 988 1086 37 -1.0 -19.0 -19.0 -34.0
1169 989 1087 37 -1.0 -19.0 -19.0 -19.0
1170 990 1088 37 -1.0 -19.0 -19.0 -4.0
1171 991 1089 37 -1.0 -19.0 -19.0 11.0
1172 992 1090 37 -1.0 -19.0 -19.0 26.0
1173 993 1091 37 -1.0 -19.0 -19.0 41.0
1174 994 1092 37 -1.0 -19.0 -19.0 56.0
1175 995 1093 37 -1.0 -19.0 -19.0 71.0
1176 996 1094 37 -1.0 -19.0 -19.0 86.0
1177 997 1095 37 -1.0 -19.0 -19.0 101.0
1178 998 1096 37 -1.0 -19.0 -4.0 -64.0
1179 999 1097 37 -1.0 -19.0 -4.0 -49.0
