698 535 37 -1.0 -64.0 -64.0 -64.0
699 536 37 -1.0 -64.0 -64.0 -49.0
700 537 37 -1.0 -64.0 -64.0 -34.0
701 538 37 -1.0 -64.0 -64.0 -19.0
702 539 37 -1.0 -64.0 -64.0 -4.0
703 540 37 -1.0 -64.0 -64.0 11.0
704 541 37 -1.0 -64.0 -64.0 26.0
705 542 37 -1.0 -64.0 -64.0 41.0
706 543 37 -1.0 -64.0 -64.0 56.0
707 544 37 -1.0 -64.0 -64.0 71.0
708 545 37 -1.0 -64.0 -64.0 86.0
709 546 37 -1.0 -64.0 -64.0 101.0
710 547 37 -1.0 -64.0 -49.0 -64.0
711 548 37 -1.0 -64.0 -49.0 -49.0
712 549 37 -1.0 -64.0 -49.0 -34.0
713 550 37 -1.0 -64.0 -49.0 -19.0
714 551 37 -1.0 -64.0 -49.0 -4.0
715 552 37 -1.0 -64.0 -49.0 11.0
716 553 37 -1.0 -64.0 -49.0 26.0
717 554 37 -1.0 -64.0 -49.0 41.0
718 555 37 -1.0 -64.0 -49.0 56.0
719 556 37 -1.0 -64.0 -49.0 71.0
720 557 37 -1.0 -64.0 -49.0 86.0
721 558 37 -1.0 -64.0 -49.0 101.0
722 559 37 -1.0 -64.0 -34.0 -64.0
723 560 37 -1.0 -64.0 -34.0 -49.0
724 561 37 -1.0 -64.0 -34.0 -34.0
725 562 37 -1.0 -64.0 -34.0 -19.0
726 563 37 -1.0 -64.0 -34.0 -4.0
727 564 37 -1.0 -64.0 -34.0 11.0
728 565 37 -1.0 -64.0 -34.0 26.0
729 566 37 -1.0 -64.0 -34.0 41.0
730 567 37 -1.0 -64.0 -34.0 56.0
731 568 37 -1.0 -64.0 -34.0 71.0
732 569 37 -1.0 -64.0 -34.0 86.0
733 570 37 -1.0 -64.0 -34.0 101.0
734 571 37 -1.0 -64.0 -19.0 -64.0
735 572 37 -1.0 -64.0 -19.0 -49.0
736 573 37 -1.0 -64.0 -19.0 -34.0
737 574 37 -1.0 -64.0 -19.0 -19.0
738 575 37 -1.0 -64.0 -19.0 -4.0
739 576 37 -1.0 -64.0 -19.0 11.0
740 577 37 -1.0 -64.0 -19.0 26.0
741 578 37 -1.0 -64.0 -19.0 41.0
742 579 37 -1.0 -64.0 -19.0 56.0
743 580 37 -1.0 -64.0 -19.0 71.0
744 581 37 -1.0 -64.0 -19.0 86.0
745 582 37 -1.0 -64.0 -19.0 101.0
746 583 37 -1.0 -64.0 -4.0 -64.0
747 584 37 -1.0 -64.0 -4.0 -49.0
748 585 37 -1.0 -64.0 -4.0 -34.0
749 586 37 -1.0 -64.0 -4.0 -19.0
750 587 37 -1.0 -64.0 -4.0 -4.0
751 588 37 -1.0 -64.0 -4.0 11.0
752 589 37 -1.0 -64.0 -4.0 26.0
753 590 37 -1.0 -64.0 -4.0 41.0
754 591 37 -1.0 -64.0 -4.0 56.0
755 592 37 -1.0 -64.0 -4.0 71.0
756 593 37 -1.0 -64.0 -4.0 86.0
757 594 37 -1.0 -64.0 -4.0 101.0
758 595 37 -1.0 -64.0 11.0 -64.0
759 596 37 -1.0 -64.0 11.0 -49.0
760 597 37 -1.0 -64.0 11.0 -34.0
761 598 37 -1.0 -64.0 11.0 -19.0
762 599 37 -1.0 -64.0 11.0 -4.0
763 600 37 -1.0 -64.0 11.0 11.0
764 601 37 -1.0 -64.0 11.0 26.0
765 602 37 -1.0 -64.0 11.0 41.0
766 603 37 -1.0 -64.0 11.0 56.0
767 604 37 -1.0 -64.0 11.0 71.0
768 605 37 -1.0 -64.0 11.0 86.0
769 606 37 -1.0 -64.0 11.0 101.0
770 607 37 -1.0 -64.0 26.0 -64.0
771 608 37 -1.0 -64.0 26.0 -49.0
772 609 37 -1.0 -64.0 26.0 -34.0
773 610 37 -1.0 -64.0 26.0 -19.0
774 611 37 -1.0 -64.0 26.0 -4.0
775 612 37 -1.0 -64.0 26.0 11.0
776 613 37 -1.0 -64.0 26.0 26.0
777 614 37 -1.0 -64.0 26.0 41.0
778 615 37 -1.0 -64.0 26.0 56.0
779 616 37 -1.0 -64.0 26.0 71.0
780 617 37 -1.0 -64.0 26.0 86.0
781 618 37 -1.0 -64.0 26.0 101.0
782 619 37 -1.0 -64.0 41.0 -64.0
783 620 37 -1.0 -64.0 41.0 -49.0
784 621 37 -1.0 -64.0 41.0 -34.0
785 622 37 -1.0 -64.0 41.0 -19.0
786 623 37 -1.0 -64.0 41.0 -4.0
787 624 37 -1.0 -64.0 41.0 11.0
788 625 37 -1.0 -64.0 41.0 26.0
789 626 37 -1.0 -64.0 41.0 41.0
790 627 37 -1.0 -64.0 41.0 56.0
791 628 37 -1.0 -64.0 41.0 71.0
792 629 37 -1.0 -64.0 41.0 86.0
793 630 37 -1.0 -64.0 41.0 101.0
794 631 37 -1.0 -64.0 56.0 -64.0
795 632 37 -1.0 -64.0 56.0 -49.0
796 633 37 -1.0 -64.0 56.0 -34.0
797 634 37 -1.0 -64.0 56.0 -19.0
798 635 37 -1.0 -64.0 56.0 -4.0
799 636 37 -1.0 -64.0 56.0 11.0
800 637 37 -1.0 -64.0 56.0 26.0
801 638 37 -1.0 -64.0 56.0 41.0
802 639 37 -1.0 -64.0 56.0 56.0
803 640 37 -1.0 -64.0 56.0 71.0
804 641 37 -1.0 -64.0 56.0 86.0
805 642 37 -1.0 -64.0 56.0 101.0
806 643 37 -1.0 -64.0 71.0 -64.0
807 644 37 -1.0 -64.0 71.0 -49.0
808 645 37 -1.0 -64.0 71.0 -34.0
809 646 37 -1.0 -64.0 71.0 -19.0
810 647 37 -1.0 -64.0 71.0 -4.0
811 648 37 -1.0 -64.0 71.0 11.0
812 649 37 -1.0 -64.0 71.0 26.0
813 650 37 -1.0 -64.0 71.0 41.0
814 651 37 -1.0 -64.0 71.0 56.0
815 652 37 -1.0 -64.0 71.0 71.0
816 653 37 -1.0 -64.0 71.0 86.0
817 654 37 -1.0 -64.0 71.0 101.0
818 655 37 -1.0 -64.0 86.0 -64.0
819 656 37 -1.0 -64.0 86.0 -49.0
820 657 37 -1.0 -64.0 86.0 -34.0
821 658 37 -1.0 -64.0 86.0 -19.0
822 659 37 -1.0 -64.0 86.0 -4.0
823 660 37 -1.0 -64.0 86.0 11.0
824 661 37 -1.0 -64.0 86.0 26.0
825 662 37 -1.0 -64.0 86.0 41.0
826 663 37 -1.0 -64.0 86.0 56.0
827 664 37 -1.0 -64.0 86.0 71.0
828 665 37 -1.0 -64.0 86.0 86.0
829 666 37 -1.0 -64.0 86.0 101.0
830 667 37 -1.0 -64.0 101.0 -64.0
831 668 37 -1.0 -64.0 101.0 -49.0
832 669 37 -1.0 -64.0 101.0 -34.0
833 670 37 -1.0 -64.0 101.0 -19.0
834 671 37 -1.0 -64.0 101.0 -4.0
835 672 37 -1.0 -64.0 101.0 11.0
836 673 37 -1.0 -64.0 101.0 26.0
837 674 37 -1.0 -64.0 101.0 41.0
838 675 37 -1.0 -64.0 101.0 56.0
839 676 37 -1.0 -64.0 101.0 71.0
840 677 37 -1.0 -64.0 101.0 86.0
841 678 37 -1.0 -64.0 101.0 101.0
842 679 37 -1.0 -49.0 -64.0 -64.0
843 680 37 -1.0 -49.0 -64.0 -49.0
844 681 37 -1.0 -49.0 -64.0 -34.0
845 682 37 -1.0 -49.0 -64.0 -19.0
846 683 37 -1.0 -49.0 -64.0 -4.0
847 684 37 -1.0 -49.0 -64.0 11.0
848 685 37 -1.0 -49.0 -64.0 26.0
849 686 37 -1.0 -49.0 -64.0 41.0
850 687 37 -1.0 -49.0 -64.0 56.0
851 688 37 -1.0 -49.0 -64.0 71.0
852 689 37 -1.0 -49.0 -64.0 86.0
853 690 37 -1.0 -49.0 -64.0 101.0
854 691 37 -1.0 -49.0 -49.0 -64.0
855 692 37 -1.0 -49.0 -49.0 -49.0
856 693 37 -1.0 -49.0 -49.0 -34.0
857 694 37 -1.0 -49.0 -49.0 -19.0
858 695 37 -1.0 -49.0 -49.0 -4.0
859 696 37 -1.0 -49.0 -49.0 11.0
860 697 37 -1.0 -49.0 -49.0 26.0
861 698 37 -1.0 -49.0 -49.0 41.0
862 699 37 -1.0 -49.0 -49.0 56.0
863 700 37 -1.0 -49.0 -49.0 71.0
864 701 37 -1.0 -49.0 -49.0 86.0
865 702 37 -1.0 -49.0 -49.0 101.0
866 703 37 -1.0 -49.0 -34.0 -64.0
867 704 37 -1.0 -49.0 -34.0 -49.0
868 705 37 -1.0 -49.0 -34.0 -34.0
869 706 37 -1.0 -49.0 -34.0 -19.0
870 707 37 -1.0 -49.0 -34.0 -4.0
871 708 37 -1.0 -49.0 -34.0 11.0
872 709 37 -1.0 -49.0 -34.0 26.0
873 710 37 -1.0 -49.0 -34.0 41.0
874 711 37 -1.0 -49.0 -34.0 56.0
875 712 37 -1.0 -49.0 -34.0 71.0
876 713 37 -1.0 -49.0 -34.0 86.0
877 714 37 -1.0 -49.0 -34.0 101.0
878 715 37 -1.0 -49.0 -19.0 -64.0
879 716 37 -1.0 -49.0 -19.0 -49.0
880 717 37 -1.0 -49.0 -19.0 -34.0
881 718 37 -1.0 -49.0 -19.0 -19.0
882 719 37 -1.0 -49.0 -19.0 -4.0
883 720 37 -1.0 -49.0 -19.0 11.0
884 721 37 -1.0 -49.0 -19.0 26.0
885 722 37 -1.0 -49.0 -19.0 41.0
886 723 37 -1.0 -49.0 -19.0 56.0
887 724 37 -1.0 -49.0 -19.0 71.0
888 725 37 -1.0 -49.0 -19.0 86.0
889 726 37 -1.0 -49.0 -19.0 101.0
890 727 37 -1.0 -49.0 -4.0 -64.0
891 728 37 -1.0 -49.0 -4.0 -49.0
892 729 37 -1.0 -49.0 -4.0 -34.0
893 730 37 -1.0 -49.0 -4.0 -19.0
894 731 37 -1.0 -49.0 -4.0 -4.0
895 732 37 -1.0 -49.0 -4.0 11.0
896 733 37 -1.0 -49.0 -4.0 26.0
897 734 37 -1.0 -49.0 -4.0 41.0
898 735 37 -1.0 -49.0 -4.0 56.0
899 736 37 -1.0 -49.0 -4.0 71.0
900 737 37 -1.0 -49.0 -4.0 86.0
901 738 37 -1.0 -49.0 -4.0 101.0
902 739 37 -1.0 -49.0 11.0 -64.0
903 740 37 -1.0 -49.0 11.0 -49.0
904 741 37 -1.0 -49.0 11.0 -34.0
905 742 37 -1.0 -49.0 11.0 -19.0
906 743 37 -1.0 -49.0 11.0 -4.0
907 744 37 -1.0 -49.0 11.0 11.0
908 745 37 -1.0 -49.0 11.0 26.0
909 746 37 -1.0 -49.0 11.0 41.0
910 747 37 -1.0 -49.0 11.0 56.0
911 748 37 -1.0 -49.0 11.0 71.0
912 749 37 -1.0 -49.0 11.0 86.0
913 750 37 -1.0 -49.0 11.0 101.0
914 751 37 -1.0 -49.0 26.0 -64.0
915 752 37 -1.0 -49.0 26.0 -49.0
916 753 37 -1.0 -49.0 26.0 -34.0
917 754 37 -1.0 -49.0 26.0 -19.0
918 755 37 -1.0 -49.0 26.0 -4.0
919 756 37 -1.0 -49.0 26.0 11.0
920 757 37 -1.0 -49.0 26.0 26.0
921 758 37 -1.0 -49.0 26.0 41.0
922 759 37 -1.0 -49.0 26.0 56.0
923 760 37 -1.0 -49.0 26.0 71.0
924 761 37 -1.0 -49.0 26.0 86.0
925 762 37 -1.0 -49.0 26.0 101.0
926 763 37 -1.0 -49.0 41.0 -64.0
927 764 37 -1.0 -49.0 41.0 -49.0
928 765 37 -1.0 -49.0 41.0 -34.0
929 766 37 -1.0 -49.0 41.0 -19.0
930 767 37 -1.0 -49.0 41.0 -4.0
931 768 37 -1.0 -49.0 41.0 11.0
932 769 37 -1.0 -49.0 41.0 26.0
933 770 37 -1.0 -49.0 41.0 41.0
934 771 37 -1.0 -49.0 41.0 56.0
935 772 37 -1.0 -49.0 41.0 71.0
936 773 37 -1.0 -49.0 41.0 86.0
937 774 37 -1.0 -49.0 41.0 101.0
938 775 37 -1.0 -49.0 56.0 -64.0
939 776 37 -1.0 -49.0 56.0 -49.0
940 777 37 -1.0 -49.0 56.0 -34.0
941 778 37 -1.0 -49.0 56.0 -19.0
942 779 37 -1.0 -49.0 56.0 -4.0
943 780 37 -1.0 -49.0 56.0 11.0
944 781 37 -1.0 -49.0 56.0 26.0
945 782 37 -1.0 -49.0 56.0 41.0
946 783 37 -1.0 -49.0 56.0 56.0
947 784 37 -1.0 -49.0 56.0 71.0
948 785 37 -1.0 -49.0 56.0 86.0
949 786 37 -1.0 -49.0 56.0 101.0
950 787 37 -1.0 -49.0 71.0 -64.0
951 788 37 -1.0 -49.0 71.0 -49.0
952 789 37 -1.0 -49.0 71.0 -34.0
953 790 37 -1.0 -49.0 71.0 -19.0
954 791 37 -1.0 -49.0 71.0 -4.0
955 792 37 -1.0 -49.0 71.0 11.0
956 793 37 -1.0 -49.0 71.0 26.0
957 794 37 -1.0 -49.0 71.0 41.0
958 795 37 -1.0 -49.0 71.0 56.0
959 796 37 -1.0 -49.0 71.0 71.0
960 797 37 -1.0 -49.0 71.0 86.0
961 798 37 -1.0 -49.0 71.0 101.0
962 799 37 -1.0 -49.0 86.0 -64.0
963 800 37 -1.0 -49.0 86.0 -49.0
964 801 37 -1.0 -49.0 86.0 -34.0
965 802 37 -1.0 -49.0 86.0 -19.0
966 803 37 -1.0 -49.0 86.0 -4.0
967 804 37 -1.0 -49.0 86.0 11.0
968 805 37 -1.0 -49.0 86.0 26.0
969 806 37 -1.0 -49.0 86.0 41.0
970 807 37 -1.0 -49.0 86.0 56.0
971 808 37 -1.0 -49.0 86.0 71.0
972 809 37 -1.0 -49.0 86.0 86.0
973 810 37 -1.0 -49.0 86.0 101.0
974 811 37 -1.0 -49.0 101.0 -64.0
975 812 37 -1.0 -49.0 101.0 -49.0
976 813 37 -1.0 -49.0 101.0 -34.0
977 814 37 -1.0 -49.0 101.0 -19.0
978 815 37 -1.0 -49.0 101.0 -4.0
979 816 37 -1.0 -49.0 101.0 11.0
980 817 37 -1.0 -49.0 101.0 26.0
981 818 37 -1.0 -49.0 101.0 41.0
982 819 37 -1.0 -49.0 101.0 56.0
983 820 37 -1.0 -49.0 101.0 71.0
984 821 37 -1.0 -49.0 101.0 86.0
985 822 37 -1.0 -49.0 101.0 101.0
986 823 37 -1.0 -34.0 -64.0 -64.0
987 824 37 -1.0 -34.0 -64.0 -49.0
988 825 37 -1.0 -34.0 -64.0 -34.0
989 826 37 -1.0 -34.0 -64.0 -19.0
990 827 37 -1.0 -34.0 -64.0 -4.0
991 828 37 -1.0 -34.0 -64.0 11.0
992 829 37 -1.0 -34.0 -64.0 26.0
993 830 37 -1.0 -34.0 -64.0 41.0
994 831 37 -1.0 -34.0 -64.0 56.0
995 832 37 -1.0 -34.0 -64.0 71.0
996 833 37 -1.0 -34.0 -64.0 86.0
997 834 37 -1.0 -34.0 -64.0 101.0
998 835 37 -1.0 -34.0 -49.0 -64.0
999 836 37 -1.0 -34.0 -49.0 -49.0
1000 837 37 -1.0 -34.0 -49.0 -34.0
1001 838 37 -1.0 -34.0 -49.0 -19.0
1002 839 37 -1.0 -34.0 -49.0 -4.0
1003 840 37 -1.0 -34.0 -49.0 11.0
1004 841 37 -1.0 -34.0 -49.0 26.0
1005 842 37 -1.0 -34.0 -49.0 41.0
1006 843 37 -1.0 -34.0 -49.0 56.0
1007 844 37 -1.0 -34.0 -49.0 71.0
1008 845 37 -1.0 -34.0 -49.0 86.0
1009 846 37 -1.0 -34.0 -49.0 101.0
1010 847 37 -1.0 -34.0 -34.0 -64.0
1011 848 37 -1.0 -34.0 -34.0 -49.0
1012 849 37 -1.0 -34.0 -34.0 -34.0
1013 850 37 -1.0 -34.0 -34.0 -19.0
1014 851 37 -1.0 -34.0 -34.0 -4.0
1015 852 37 -1.0 -34.0 -34.0 11.0
1016 853 37 -1.0 -34.0 -34.0 26.0
1017 854 37 -1.0 -34.0 -34.0 41.0
1018 855 37 -1.0 -34.0 -34.0 56.0
1019 856 37 -1.0 -34.0 -34.0 71.0
1020 857 37 -1.0 -34.0 -34.0 86.0
1021 858 37 -1.0 -34.0 -34.0 101.0
1022 859 37 -1.0 -34.0 -19.0 -64.0
1023 860 37 -1.0 -34.0 -19.0 -49.0
1024 861 37 -1.0 -34.0 -19.0 -34.0
1025 862 37 -1.0 -34.0 -19.0 -19.0
1026 863 37 -1.0 -34.0 -19.0 -4.0
1027 864 37 -1.0 -34.0 -19.0 11.0
1028 865 37 -1.0 -34.0 -19.0 26.0
1029 866 37 -1.0 -34.0 -19.0 41.0
1030 867 37 -1.0 -34.0 -19.0 56.0
1031 868 37 -1.0 -34.0 -19.0 71.0
1032 869 37 -1.0 -34.0 -19.0 86.0
1033 870 37 -1.0 -34.0 -19.0 101.0
1034 871 37 -1.0 -34.0 -4.0 -64.0
1035 872 37 -1.0 -34.0 -4.0 -49.0
1036 873 37 -1.0 -34.0 -4.0 -34.0
1037 874 37 -1.0 -34.0 -4.0 -19.0
1038 875 37 -1.0 -34.0 -4.0 -4.0
1039 876 37 -1.0 -34.0 -4.0 11.0
1040 877 37 -1.0 -34.0 -4.0 26.0
1041 878 37 -1.0 -34.0 -4.0 41.0
1042 879 37 -1.0 -34.0 -4.0 56.0
1043 880 37 -1.0 -34.0 -4.0 71.0
1044 881 37 -1.0 -34.0 -4.0 86.0
1045 882 37 -1.0 -34.0 -4.0 101.0
1046 883 37 -1.0 -34.0 11.0 -64.0
1047 884 37 -1.0 -34.0 11.0 -49.0
1048 885 37 -1.0 -34.0 11.0 -34.0
1049 886 37 -1.0 -34.0 11.0 -19.0
1050 887 37 -1.0 -34.0 11.0 -4.0
1051 888 37 -1.0 -34.0 11.0 11.0
1052 889 37 -1.0 -34.0 11.0 26.0
1053 890 37 -1.0 -34.0 11.0 41.0
1054 891 37 -1.0 -34.0 11.0 56.0
1055 892 37 -1.0 -34.0 11.0 71.0
1056 893 37 -1.0 -34.0 11.0 86.0
1057 894 37 -1.0 -34.0 11.0 101.0
1058 895 37 -1.0 -34.0 26.0 -64.0
1059 896 37 -1.0 -34.0 26.0 -49.0
1060 897 37 -1.0 -34.0 26.0 -34.0
1061 898 37 -1.0 -34.0 26.0 -19.0
1062 899 37 -1.0 -34.0 26.0 -4.0
1063 900 37 -1.0 -34.0 26.0 11.0
1064 901 37 -1.0 -34.0 26.0 26.0
1065 902 37 -1.0 -34.0 26.0 41.0
1066 903 37 -1.0 -34.0 26.0 56.0
1067 904 37 -1.0 -34.0 26.0 71.0
1068 905 37 -1.0 -34.0 26.0 86.0
1069 906 37 -1.0 -34.0 26.0 101.0
1070 907 37 -1.0 -34.0 41.0 -64.0
1071 908 37 -1.0 -34.0 41.0 -49.0
1072 909 37 -1.0 -34.0 41.0 -34.0
1073 910 37 -1.0 -34.0 41.0 -19.0
1074 911 37 -1.0 -34.0 41.0 -4.0
1075 912 37 -1.0 -34.0 41.0 11.0
1076 913 37 -1.0 -34.0 41.0 26.0
1077 914 37 -1.0 -34.0 41.0 41.0
1078 915 37 -1.0 -34.0 41.0 56.0
1079 916 37 -1.0 -34.0 41.0 71.0
1080 917 37 -1.0 -34.0 41.0 86.0
1081 918 37 -1.0 -34.0 41.0 101.0
1082 919 37 -1.0 -34.0 56.0 -64.0
1083 920 37 -1.0 -34.0 56.0 -49.0
1084 921 37 -1.0 -34.0 56.0 -34.0
1085 922 37 -1.0 -34.0 56.0 -19.0
1086 923 37 -1.0 -34.0 56.0 -4.0
1087 924 37 -1.0 -34.0 56.0 11.0
1088 925 37 -1.0 -34.0 56.0 26.0
1089 926 37 -1.0 -34.0 56.0 41.0
1090 927 37 -1.0 -34.0 56.0 56.0
1091 928 37 -1.0 -34.0 56.0 71.0
1092 929 37 -1.0 -34.0 56.0 86.0
1093 930 37 -1.0 -34.0 56.0 101.0
1094 931 37 -1.0 -34.0 71.0 -64.0
1095 932 37 -1.0 -34.0 71.0 -49.0
1096 933 37 -1.0 -34.0 71.0 -34.0
1097 934 37 -1.0 -34.0 71.0 -19.0
1098 935 37 -1.0 -34.0 71.0 -4.0
1099 936 37 -1.0 -34.0 71.0 11.0
1100 937 37 -1.0 -34.0 71.0 26.0
1101 938 37 -1.0 -34.0 71.0 41.0
1102 939 37 -1.0 -34.0 71.0 56.0
1103 940 37 -1.0 -34.0 71.0 71.0
1104 941 37 -1.0 -34.0 71.0 86.0
1105 942 37 -1.0 -34.0 71.0 101.0
1106 943 37 -1.0 -34.0 86.0 -64.0
1107 944 37 -1.0 -34.0 86.0 -49.0
1108 945 37 -1.0 -34.0 86.0 -34.0
1109 946 37 -1.0 -34.0 86.0 -19.0
1110 947 37 -1.0 -34.0 86.0 -4.0
1111 948 37 -1.0 -34.0 86.0 11.0
1112 949 37 -1.0 -34.0 86.0 26.0
1113 950 37 -1.0 -34.0 86.0 41.0
1114 951 37 -1.0 -34.0 86.0 56.0
1115 952 37 -1.0 -34.0 86.0 71.0
1116 953 37 -1.0 -34.0 86.0 86.0
1117 954 37 -1.0 -34.0 86.0 101.0
1118 955 37 -1.0 -34.0 101.0 -64.0
1119 956 37 -1.0 -34.0 101.0 -49.0
1120 957 37 -1.0 -34.0 101.0 -34.0
1121 958 37 -1.0 -34.0 101.0 -19.0
1122 959 37 -1.0 -34.0 101.0 -4.0
1123 960 37 -1.0 -34.0 101.0 11.0
1124 961 37 -1.0 -34.0 101.0 26.0
1125 962 37 -1.0 -34.0 101.0 41.0
1126 963 37 -1.0 -34.0 101.0 56.0
1127 964 37 -1.0 -34.0 101.0 71.0
1128 965 37 -1.0 -34.0 101.0 86.0
1129 966 37 -1.0 -34.0 101.0 101.0
1130 967 37 -1.0 -19.0 -64.0 -64.0
1131 968 37 -1.0 -19.0 -64.0 -49.0
1132 969 37 -1.0 -19.0 -64.0 -34.0
1133 970 37 -1.0 -19.0 -64.0 -19.0
1134 971 37 -1.0 -19.0 -64.0 -4.0
1135 972 37 -1.0 -19.0 -64.0 11.0
1136 973 37 -1.0 -19.0 -64.0 26.0
1137 974 37 -1.0 -19.0 -64.0 41.0
1138 975 37 -1.0 -19.0 -64.0 56.0
1139 976 37 -1.0 -19.0 -64.0 71.0
1140 977 37 -1.0 -19.0 -64.0 86.0
1141 978 37 -1.0 -19.0 -64.0 101.0
1142 979 37 -1.0 -19.0 -49.0 -64.0
1143 980 37 -1.0 -19.0 -49.0 -49.0
1144 981 37 -1.0 -19.0 -49.0 -34.0
1145 982 37 -1.0 -19.0 -49.0 -19.0
1146 983 37 -1.0 -19.0 -49.0 -4.0
1147 984 37 -1.0 -19.0 -49.0 11.0
1148 985 37 -1.0 -19.0 -49.0 26.0
1149 986 37 -1.0 -19.0 -49.0 41.0
1150 987 37 -1.0 -19.0 -49.0 56.0
1151 988 37 -1.0 -19.0 -49.0 71.0
1152 989 37 -1.0 -19.0 -49.0 86.0
1153 990 37 -1.0 -19.0 -49.0 101.0
1154 991 37 -1.0 -19.0 -34.0 -64.0
1155 992 37 -1.0 -19.0 -34.0 -49.0
1156 993 37 -1.0 -19.0 -34.0 -34.0
1157 994 37 -1.0 -19.0 -34.0 -19.0
1158 995 37 -1.0 -19.0 -34.0 -4.0
1159 996 37 -1.0 -19.0 -34.0 11.0
1160 997 37 -1.0 -19.0 -34.0 26.0
1161 998 37 -1.0 -19.0 -34.0 41.0
1162 999 37 -1.0 -19.0 -34.0 56.0
1163 1000 37 -1.0 -19.0 -34.0 71.0
1164 1001 37 -1.0 -19.0 -34.0 86.0
1165 1002 37 -1.0 -19.0 -34.0 101.0
1166 1003 37 -1.0 -19.0 -19.0 -64.0
1167 1004 37 -1.0 -19.0 -19.0 -49.0
1168 1005 37 -1.0 -19.0 -19.0 -34.0
1169 1006 37 -1.0 -19.0 -19.0 -19.0
1170 1007 37 -1.0 -19.0 -19.0 -4.0
1171 1008 37 -1.0 -19.0 -19.0 11.0
1172 1009 37 -1.0 -19.0 -19.0 26.0
1173 1010 37 -1.0 -19.0 -19.0 41.0
1174 1011 37 -1.0 -19.0 -19.0 56.0
1175 1012 37 -1.0 -19.0 -19.0 71.0
1176 1013 37 -1.0 -19.0 -19.0 86.0
1177 1014 37 -1.0 -19.0 -19.0 101.0
1178 1015 37 -1.0 -19.0 -4.0 -64.0
1179 1016 37 -1.0 -19.0 -4.0 -49.0
