184 21 35 1.0 -84.0 -84.0 -84.0
185 22 35 1.0 -84.0 -84.0 -69.0
186 23 35 1.0 -84.0 -84.0 -54.0
187 24 35 1.0 -84.0 -84.0 -39.0
188 25 35 1.0 -84.0 -84.0 -24.0
189 26 35 1.0 -84.0 -84.0 -9.0
190 27 35 1.0 -84.0 -84.0 6.0
191 28 35 1.0 -84.0 -84.0 21.0
192 29 35 1.0 -84.0 -84.0 36.0
193 30 35 1.0 -84.0 -84.0 51.0
194 31 35 1.0 -84.0 -84.0 66.0
195 32 35 1.0 -84.0 -84.0 81.0
196 33 35 1.0 -84.0 -69.0 -84.0
197 34 35 1.0 -84.0 -69.0 -69.0
198 35 35 1.0 -84.0 -69.0 -54.0
199 36 35 1.0 -84.0 -69.0 -39.0
200 37 35 1.0 -84.0 -69.0 -24.0
201 38 35 1.0 -84.0 -69.0 -9.0
202 39 35 1.0 -84.0 -69.0 6.0
203 40 35 1.0 -84.0 -69.0 21.0
204 41 35 1.0 -84.0 -69.0 36.0
205 42 35 1.0 -84.0 -69.0 51.0
206 43 35 1.0 -84.0 -69.0 66.0
207 44 35 1.0 -84.0 -69.0 81.0
208 45 35 1.0 -84.0 -54.0 -84.0
209 46 35 1.0 -84.0 -54.0 -69.0
210 47 35 1.0 -84.0 -54.0 -54.0
211 48 35 1.0 -84.0 -54.0 -39.0
212 49 35 1.0 -84.0 -54.0 -24.0
213 50 35 1.0 -84.0 -54.0 -9.0
214 51 35 1.0 -84.0 -54.0 6.0
215 52 35 1.0 -84.0 -54.0 21.0
216 53 35 1.0 -84.0 -54.0 36.0
217 54 35 1.0 -84.0 -54.0 51.0
218 55 35 1.0 -84.0 -54.0 66.0
219 56 35 1.0 -84.0 -54.0 81.0
220 57 35 1.0 -84.0 -39.0 -84.0
221 58 35 1.0 -84.0 -39.0 -69.0
222 59 35 1.0 -84.0 -39.0 -54.0
223 60 35 1.0 -84.0 -39.0 -39.0
224 61 35 1.0 -84.0 -39.0 -24.0
225 62 35 1.0 -84.0 -39.0 -9.0
226 63 35 1.0 -84.0 -39.0 6.0
227 64 35 1.0 -84.0 -39.0 21.0
228 65 35 1.0 -84.0 -39.0 36.0
229 66 35 1.0 -84.0 -39.0 51.0
230 67 35 1.0 -84.0 -39.0 66.0
231 68 35 1.0 -84.0 -39.0 81.0
232 69 35 1.0 -84.0 -24.0 -84.0
233 70 35 1.0 -84.0 -24.0 -69.0
234 71 35 1.0 -84.0 -24.0 -54.0
235 72 35 1.0 -84.0 -24.0 -39.0
236 73 35 1.0 -84.0 -24.0 -24.0
237 74 35 1.0 -84.0 -24.0 -9.0
238 75 35 1.0 -84.0 -24.0 6.0
239 76 35 1.0 -84.0 -24.0 21.0
240 77 35 1.0 -84.0 -24.0 36.0
241 78 35 1.0 -84.0 -24.0 51.0
242 79 35 1.0 -84.0 -24.0 66.0
243 80 35 1.0 -84.0 -24.0 81.0
244 81 35 1.0 -84.0 -9.0 -84.0
245 82 35 1.0 -84.0 -9.0 -69.0
246 83 35 1.0 -84.0 -9.0 -54.0
247 84 35 1.0 -84.0 -9.0 -39.0
248 85 35 1.0 -84.0 -9.0 -24.0
249 86 35 1.0 -84.0 -9.0 -9.0
250 87 35 1.0 -84.0 -9.0 6.0
251 88 35 1.0 -84.0 -9.0 21.0
252 89 35 1.0 -84.0 -9.0 36.0
253 90 35 1.0 -84.0 -9.0 51.0
254 91 35 1.0 -84.0 -9.0 66.0
255 92 35 1.0 -84.0 -9.0 81.0
256 93 35 1.0 -84.0 6.0 -84.0
257 94 35 1.0 -84.0 6.0 -69.0
258 95 35 1.0 -84.0 6.0 -54.0
259 96 35 1.0 -84.0 6.0 -39.0
260 97 35 1.0 -84.0 6.0 -24.0
261 98 35 1.0 -84.0 6.0 -9.0
262 99 35 1.0 -84.0 6.0 6.0
263 100 35 1.0 -84.0 6.0 21.0
264 101 35 1.0 -84.0 6.0 36.0
265 102 35 1.0 -84.0 6.0 51.0
266 103 35 1.0 -84.0 6.0 66.0
267 104 35 1.0 -84.0 6.0 81.0
268 105 35 1.0 -84.0 21.0 -84.0
269 106 35 1.0 -84.0 21.0 -69.0
270 107 35 1.0 -84.0 21.0 -54.0
271 108 35 1.0 -84.0 21.0 -39.0
272 109 35 1.0 -84.0 21.0 -24.0
273 110 35 1.0 -84.0 21.0 -9.0
274 111 35 1.0 -84.0 21.0 6.0
275 112 35 1.0 -84.0 21.0 21.0
276 113 35 1.0 -84.0 21.0 36.0
277 114 35 1.0 -84.0 21.0 51.0
278 115 35 1.0 -84.0 21.0 66.0
279 116 35 1.0 -84.0 21.0 81.0
280 117 35 1.0 -84.0 36.0 -84.0
281 118 35 1.0 -84.0 36.0 -69.0
282 119 35 1.0 -84.0 36.0 -54.0
283 120 35 1.0 -84.0 36.0 -39.0
284 121 35 1.0 -84.0 36.0 -24.0
285 122 35 1.0 -84.0 36.0 -9.0
286 123 35 1.0 -84.0 36.0 6.0
287 124 35 1.0 -84.0 36.0 21.0
288 125 35 1.0 -84.0 36.0 36.0
289 126 35 1.0 -84.0 36.0 51.0
290 127 35 1.0 -84.0 36.0 66.0
291 128 35 1.0 -84.0 36.0 81.0
292 129 35 1.0 -84.0 51.0 -84.0
293 130 35 1.0 -84.0 51.0 -69.0
294 131 35 1.0 -84.0 51.0 -54.0
295 132 35 1.0 -84.0 51.0 -39.0
296 133 35 1.0 -84.0 51.0 -24.0
297 134 35 1.0 -84.0 51.0 -9.0
298 135 35 1.0 -84.0 51.0 6.0
299 136 35 1.0 -84.0 51.0 21.0
300 137 35 1.0 -84.0 51.0 36.0
301 138 35 1.0 -84.0 51.0 51.0
302 139 35 1.0 -84.0 51.0 66.0
303 140 35 1.0 -84.0 51.0 81.0
304 141 35 1.0 -84.0 66.0 -84.0
305 142 35 1.0 -84.0 66.0 -69.0
306 143 35 1.0 -84.0 66.0 -54.0
307 144 35 1.0 -84.0 66.0 -39.0
308 145 35 1.0 -84.0 66.0 -24.0
309 146 35 1.0 -84.0 66.0 -9.0
310 147 35 1.0 -84.0 66.0 6.0
311 148 35 1.0 -84.0 66.0 21.0
312 149 35 1.0 -84.0 66.0 36.0
313 150 35 1.0 -84.0 66.0 51.0
314 151 35 1.0 -84.0 66.0 66.0
315 152 35 1.0 -84.0 66.0 81.0
316 153 35 1.0 -84.0 81.0 -84.0
317 154 35 1.0 -84.0 81.0 -69.0
318 155 35 1.0 -84.0 81.0 -54.0
319 156 35 1.0 -84.0 81.0 -39.0
320 157 35 1.0 -84.0 81.0 -24.0
321 158 35 1.0 -84.0 81.0 -9.0
322 159 35 1.0 -84.0 81.0 6.0
323 160 35 1.0 -84.0 81.0 21.0
324 161 35 1.0 -84.0 81.0 36.0
325 162 35 1.0 -84.0 81.0 51.0
326 163 35 1.0 -84.0 81.0 66.0
327 164 35 1.0 -84.0 81.0 81.0
328 165 35 1.0 -69.0 -84.0 -84.0
329 166 35 1.0 -69.0 -84.0 -69.0
330 167 35 1.0 -69.0 -84.0 -54.0
331 168 35 1.0 -69.0 -84.0 -39.0
332 169 35 1.0 -69.0 -84.0 -24.0
333 170 35 1.0 -69.0 -84.0 -9.0
334 171 35 1.0 -69.0 -84.0 6.0
335 172 35 1.0 -69.0 -84.0 21.0
336 173 35 1.0 -69.0 -84.0 36.0
337 174 35 1.0 -69.0 -84.0 51.0
338 175 35 1.0 -69.0 -84.0 66.0
339 176 35 1.0 -69.0 -84.0 81.0
340 177 35 1.0 -69.0 -69.0 -84.0
341 178 35 1.0 -69.0 -69.0 -69.0
342 179 35 1.0 -69.0 -69.0 -54.0
343 180 35 1.0 -69.0 -69.0 -39.0
344 181 35 1.0 -69.0 -69.0 -24.0
345 182 35 1.0 -69.0 -69.0 -9.0
346 183 35 1.0 -69.0 -69.0 6.0
347 184 35 1.0 -69.0 -69.0 21.0
348 185 35 1.0 -69.0 -69.0 36.0
349 186 35 1.0 -69.0 -69.0 51.0
350 187 35 1.0 -69.0 -69.0 66.0
351 188 35 1.0 -69.0 -69.0 81.0
352 189 35 1.0 -69.0 -54.0 -84.0
353 190 35 1.0 -69.0 -54.0 -69.0
354 191 35 1.0 -69.0 -54.0 -54.0
355 192 35 1.0 -69.0 -54.0 -39.0
356 193 35 1.0 -69.0 -54.0 -24.0
357 194 35 1.0 -69.0 -54.0 -9.0
358 195 35 1.0 -69.0 -54.0 6.0
359 196 35 1.0 -69.0 -54.0 21.0
360 197 35 1.0 -69.0 -54.0 36.0
361 198 35 1.0 -69.0 -54.0 51.0
362 199 35 1.0 -69.0 -54.0 66.0
363 200 35 1.0 -69.0 -54.0 81.0
364 201 35 1.0 -69.0 -39.0 -84.0
365 202 35 1.0 -69.0 -39.0 -69.0
366 203 35 1.0 -69.0 -39.0 -54.0
367 204 35 1.0 -69.0 -39.0 -39.0
368 205 35 1.0 -69.0 -39.0 -24.0
369 206 35 1.0 -69.0 -39.0 -9.0
370 207 35 1.0 -69.0 -39.0 6.0
371 208 35 1.0 -69.0 -39.0 21.0
372 209 35 1.0 -69.0 -39.0 36.0
373 210 35 1.0 -69.0 -39.0 51.0
374 211 35 1.0 -69.0 -39.0 66.0
375 212 35 1.0 -69.0 -39.0 81.0
376 213 35 1.0 -69.0 -24.0 -84.0
377 214 35 1.0 -69.0 -24.0 -69.0
378 215 35 1.0 -69.0 -24.0 -54.0
379 216 35 1.0 -69.0 -24.0 -39.0
380 217 35 1.0 -69.0 -24.0 -24.0
381 218 35 1.0 -69.0 -24.0 -9.0
382 219 35 1.0 -69.0 -24.0 6.0
383 220 35 1.0 -69.0 -24.0 21.0
384 221 35 1.0 -69.0 -24.0 36.0
385 222 35 1.0 -69.0 -24.0 51.0
386 223 35 1.0 -69.0 -24.0 66.0
387 224 35 1.0 -69.0 -24.0 81.0
388 225 35 1.0 -69.0 -9.0 -84.0
389 226 35 1.0 -69.0 -9.0 -69.0
390 227 35 1.0 -69.0 -9.0 -54.0
391 228 35 1.0 -69.0 -9.0 -39.0
392 229 35 1.0 -69.0 -9.0 -24.0
393 230 35 1.0 -69.0 -9.0 -9.0
394 231 35 1.0 -69.0 -9.0 6.0
395 232 35 1.0 -69.0 -9.0 21.0
396 233 35 1.0 -69.0 -9.0 36.0
397 234 35 1.0 -69.0 -9.0 51.0
398 235 35 1.0 -69.0 -9.0 66.0
399 236 35 1.0 -69.0 -9.0 81.0
400 237 35 1.0 -69.0 6.0 -84.0
401 238 35 1.0 -69.0 6.0 -69.0
402 239 35 1.0 -69.0 6.0 -54.0
403 240 35 1.0 -69.0 6.0 -39.0
404 241 35 1.0 -69.0 6.0 -24.0
405 242 35 1.0 -69.0 6.0 -9.0
406 243 35 1.0 -69.0 6.0 6.0
407 244 35 1.0 -69.0 6.0 21.0
408 245 35 1.0 -69.0 6.0 36.0
409 246 35 1.0 -69.0 6.0 51.0
410 247 35 1.0 -69.0 6.0 66.0
411 248 35 1.0 -69.0 6.0 81.0
412 249 35 1.0 -69.0 21.0 -84.0
413 250 35 1.0 -69.0 21.0 -69.0
414 251 35 1.0 -69.0 21.0 -54.0
415 252 35 1.0 -69.0 21.0 -39.0
416 253 35 1.0 -69.0 21.0 -24.0
417 254 35 1.0 -69.0 21.0 -9.0
418 255 35 1.0 -69.0 21.0 6.0
419 256 35 1.0 -69.0 21.0 21.0
420 257 35 1.0 -69.0 21.0 36.0
421 258 35 1.0 -69.0 21.0 51.0
422 259 35 1.0 -69.0 21.0 66.0
423 260 35 1.0 -69.0 21.0 81.0
424 261 35 1.0 -69.0 36.0 -84.0
425 262 35 1.0 -69.0 36.0 -69.0
426 263 35 1.0 -69.0 36.0 -54.0
427 264 35 1.0 -69.0 36.0 -39.0
428 265 35 1.0 -69.0 36.0 -24.0
429 266 35 1.0 -69.0 36.0 -9.0
430 267 35 1.0 -69.0 36.0 6.0
431 268 35 1.0 -69.0 36.0 21.0
432 269 35 1.0 -69.0 36.0 36.0
433 270 35 1.0 -69.0 36.0 51.0
434 271 35 1.0 -69.0 36.0 66.0
435 272 35 1.0 -69.0 36.0 81.0
436 273 35 1.0 -69.0 51.0 -84.0
437 274 35 1.0 -69.0 51.0 -69.0
438 275 35 1.0 -69.0 51.0 -54.0
439 276 35 1.0 -69.0 51.0 -39.0
440 277 35 1.0 -69.0 51.0 -24.0
441 278 35 1.0 -69.0 51.0 -9.0
442 279 35 1.0 -69.0 51.0 6.0
443 280 35 1.0 -69.0 51.0 21.0
444 281 35 1.0 -69.0 51.0 36.0
445 282 35 1.0 -69.0 51.0 51.0
446 283 35 1.0 -69.0 51.0 66.0
447 284 35 1.0 -69.0 51.0 81.0
448 285 35 1.0 -69.0 66.0 -84.0
449 286 35 1.0 -69.0 66.0 -69.0
450 287 35 1.0 -69.0 66.0 -54.0
451 288 35 1.0 -69.0 66.0 -39.0
452 289 35 1.0 -69.0 66.0 -24.0
453 290 35 1.0 -69.0 66.0 -9.0
454 291 35 1.0 -69.0 66.0 6.0
455 292 35 1.0 -69.0 66.0 21.0
456 293 35 1.0 -69.0 66.0 36.0
457 294 35 1.0 -69.0 66.0 51.0
458 295 35 1.0 -69.0 66.0 66.0
459 296 35 1.0 -69.0 66.0 81.0
460 297 35 1.0 -69.0 81.0 -84.0
461 298 35 1.0 -69.0 81.0 -69.0
462 299 35 1.0 -69.0 81.0 -54.0
463 300 35 1.0 -69.0 81.0 -39.0
464 301 35 1.0 -69.0 81.0 -24.0
465 302 35 1.0 -69.0 81.0 -9.0
466 303 35 1.0 -69.0 81.0 6.0
467 304 35 1.0 -69.0 81.0 21.0
468 305 35 1.0 -69.0 81.0 36.0
469 306 35 1.0 -69.0 81.0 51.0
470 307 35 1.0 -69.0 81.0 66.0
471 308 35 1.0 -69.0 81.0 81.0
472 309 35 1.0 -54.0 -84.0 -84.0
473 310 35 1.0 -54.0 -84.0 -69.0
474 311 35 1.0 -54.0 -84.0 -54.0
475 312 35 1.0 -54.0 -84.0 -39.0
476 313 35 1.0 -54.0 -84.0 -24.0
477 314 35 1.0 -54.0 -84.0 -9.0
478 315 35 1.0 -54.0 -84.0 6.0
479 316 35 1.0 -54.0 -84.0 21.0
480 317 35 1.0 -54.0 -84.0 36.0
481 318 35 1.0 -54.0 -84.0 51.0
482 319 35 1.0 -54.0 -84.0 66.0
483 320 35 1.0 -54.0 -84.0 81.0
484 321 35 1.0 -54.0 -69.0 -84.0
485 322 35 1.0 -54.0 -69.0 -69.0
486 323 35 1.0 -54.0 -69.0 -54.0
487 324 35 1.0 -54.0 -69.0 -39.0
488 325 35 1.0 -54.0 -69.0 -24.0
489 326 35 1.0 -54.0 -69.0 -9.0
490 327 35 1.0 -54.0 -69.0 6.0
491 328 35 1.0 -54.0 -69.0 21.0
492 329 35 1.0 -54.0 -69.0 36.0
493 330 35 1.0 -54.0 -69.0 51.0
494 331 35 1.0 -54.0 -69.0 66.0
495 332 35 1.0 -54.0 -69.0 81.0
496 333 35 1.0 -54.0 -54.0 -84.0
497 334 35 1.0 -54.0 -54.0 -69.0
498 335 35 1.0 -54.0 -54.0 -54.0
499 336 35 1.0 -54.0 -54.0 -39.0
500 337 35 1.0 -54.0 -54.0 -24.0
501 338 35 1.0 -54.0 -54.0 -9.0
502 339 35 1.0 -54.0 -54.0 6.0
503 340 35 1.0 -54.0 -54.0 21.0
504 341 35 1.0 -54.0 -54.0 36.0
505 342 35 1.0 -54.0 -54.0 51.0
506 343 35 1.0 -54.0 -54.0 66.0
507 344 35 1.0 -54.0 -54.0 81.0
508 345 35 1.0 -54.0 -39.0 -84.0
509 346 35 1.0 -54.0 -39.0 -69.0
510 347 35 1.0 -54.0 -39.0 -54.0
511 348 35 1.0 -54.0 -39.0 -39.0
512 349 35 1.0 -54.0 -39.0 -24.0
513 350 35 1.0 -54.0 -39.0 -9.0
514 351 35 1.0 -54.0 -39.0 6.0
515 352 35 1.0 -54.0 -39.0 21.0
516 353 35 1.0 -54.0 -39.0 36.0
517 354 35 1.0 -54.0 -39.0 51.0
518 355 35 1.0 -54.0 -39.0 66.0
519 356 35 1.0 -54.0 -39.0 81.0
520 357 35 1.0 -54.0 -24.0 -84.0
521 358 35 1.0 -54.0 -24.0 -69.0
522 359 35 1.0 -54.0 -24.0 -54.0
523 360 35 1.0 -54.0 -24.0 -39.0
524 361 35 1.0 -54.0 -24.0 -24.0
525 362 35 1.0 -54.0 -24.0 -9.0
526 363 35 1.0 -54.0 -24.0 6.0
527 364 35 1.0 -54.0 -24.0 21.0
528 365 35 1.0 -54.0 -24.0 36.0
529 366 35 1.0 -54.0 -24.0 51.0
530 367 35 1.0 -54.0 -24.0 66.0
531 368 35 1.0 -54.0 -24.0 81.0
532 369 35 1.0 -54.0 -9.0 -84.0
533 370 35 1.0 -54.0 -9.0 -69.0
534 371 35 1.0 -54.0 -9.0 -54.0
535 372 35 1.0 -54.0 -9.0 -39.0
536 373 35 1.0 -54.0 -9.0 -24.0
537 374 35 1.0 -54.0 -9.0 -9.0
538 375 35 1.0 -54.0 -9.0 6.0
539 376 35 1.0 -54.0 -9.0 21.0
540 377 35 1.0 -54.0 -9.0 36.0
541 378 35 1.0 -54.0 -9.0 51.0
542 379 35 1.0 -54.0 -9.0 66.0
543 380 35 1.0 -54.0 -9.0 81.0
544 381 35 1.0 -54.0 6.0 -84.0
545 382 35 1.0 -54.0 6.0 -69.0
546 383 35 1.0 -54.0 6.0 -54.0
547 384 35 1.0 -54.0 6.0 -39.0
548 385 35 1.0 -54.0 6.0 -24.0
549 386 35 1.0 -54.0 6.0 -9.0
550 387 35 1.0 -54.0 6.0 6.0
551 388 35 1.0 -54.0 6.0 21.0
552 389 35 1.0 -54.0 6.0 36.0
553 390 35 1.0 -54.0 6.0 51.0
554 391 35 1.0 -54.0 6.0 66.0
555 392 35 1.0 -54.0 6.0 81.0
556 393 35 1.0 -54.0 21.0 -84.0
557 394 35 1.0 -54.0 21.0 -69.0
558 395 35 1.0 -54.0 21.0 -54.0
559 396 35 1.0 -54.0 21.0 -39.0
560 397 35 1.0 -54.0 21.0 -24.0
561 398 35 1.0 -54.0 21.0 -9.0
562 399 35 1.0 -54.0 21.0 6.0
563 400 35 1.0 -54.0 21.0 21.0
564 401 35 1.0 -54.0 21.0 36.0
565 402 35 1.0 -54.0 21.0 51.0
566 403 35 1.0 -54.0 21.0 66.0
567 404 35 1.0 -54.0 21.0 81.0
568 405 35 1.0 -54.0 36.0 -84.0
569 406 35 1.0 -54.0 36.0 -69.0
570 407 35 1.0 -54.0 36.0 -54.0
571 408 35 1.0 -54.0 36.0 -39.0
572 409 35 1.0 -54.0 36.0 -24.0
573 410 35 1.0 -54.0 36.0 -9.0
574 411 35 1.0 -54.0 36.0 6.0
575 412 35 1.0 -54.0 36.0 21.0
576 413 35 1.0 -54.0 36.0 36.0
577 414 35 1.0 -54.0 36.0 51.0
578 415 35 1.0 -54.0 36.0 66.0
579 416 35 1.0 -54.0 36.0 81.0
580 417 35 1.0 -54.0 51.0 -84.0
581 418 35 1.0 -54.0 51.0 -69.0
582 419 35 1.0 -54.0 51.0 -54.0
583 420 35 1.0 -54.0 51.0 -39.0
584 421 35 1.0 -54.0 51.0 -24.0
585 422 35 1.0 -54.0 51.0 -9.0
586 423 35 1.0 -54.0 51.0 6.0
587 424 35 1.0 -54.0 51.0 21.0
588 425 35 1.0 -54.0 51.0 36.0
589 426 35 1.0 -54.0 51.0 51.0
590 427 35 1.0 -54.0 51.0 66.0
591 428 35 1.0 -54.0 51.0 81.0
592 429 35 1.0 -54.0 66.0 -84.0
593 430 35 1.0 -54.0 66.0 -69.0
594 431 35 1.0 -54.0 66.0 -54.0
595 432 35 1.0 -54.0 66.0 -39.0
596 433 35 1.0 -54.0 66.0 -24.0
597 434 35 1.0 -54.0 66.0 -9.0
598 435 35 1.0 -54.0 66.0 6.0
599 436 35 1.0 -54.0 66.0 21.0
600 437 35 1.0 -54.0 66.0 36.0
601 438 35 1.0 -54.0 66.0 51.0
602 439 35 1.0 -54.0 66.0 66.0
603 440 35 1.0 -54.0 66.0 81.0
604 441 35 1.0 -54.0 81.0 -84.0
605 442 35 1.0 -54.0 81.0 -69.0
606 443 35 1.0 -54.0 81.0 -54.0
607 444 35 1.0 -54.0 81.0 -39.0
608 445 35 1.0 -54.0 81.0 -24.0
609 446 35 1.0 -54.0 81.0 -9.0
610 447 35 1.0 -54.0 81.0 6.0
611 448 35 1.0 -54.0 81.0 21.0
612 449 35 1.0 -54.0 81.0 36.0
613 450 35 1.0 -54.0 81.0 51.0
614 451 35 1.0 -54.0 81.0 66.0
615 452 35 1.0 -54.0 81.0 81.0
616 453 35 1.0 -39.0 -84.0 -84.0
617 454 35 1.0 -39.0 -84.0 -69.0
618 455 35 1.0 -39.0 -84.0 -54.0
619 456 35 1.0 -39.0 -84.0 -39.0
620 457 35 1.0 -39.0 -84.0 -24.0
621 458 35 1.0 -39.0 -84.0 -9.0
622 459 35 1.0 -39.0 -84.0 6.0
623 460 35 1.0 -39.0 -84.0 21.0
624 461 35 1.0 -39.0 -84.0 36.0
625 462 35 1.0 -39.0 -84.0 51.0
626 463 35 1.0 -39.0 -84.0 66.0
627 464 35 1.0 -39.0 -84.0 81.0
628 465 35 1.0 -39.0 -69.0 -84.0
629 466 35 1.0 -39.0 -69.0 -69.0
630 467 35 1.0 -39.0 -69.0 -54.0
631 468 35 1.0 -39.0 -69.0 -39.0
632 469 35 1.0 -39.0 -69.0 -24.0
633 470 35 1.0 -39.0 -69.0 -9.0
634 471 35 1.0 -39.0 -69.0 6.0
635 472 35 1.0 -39.0 -69.0 21.0
636 473 35 1.0 -39.0 -69.0 36.0
637 474 35 1.0 -39.0 -69.0 51.0
638 475 35 1.0 -39.0 -69.0 66.0
639 476 35 1.0 -39.0 -69.0 81.0
640 477 35 1.0 -39.0 -54.0 -84.0
641 478 35 1.0 -39.0 -54.0 -69.0
642 479 35 1.0 -39.0 -54.0 -54.0
643 480 35 1.0 -39.0 -54.0 -39.0
644 481 35 1.0 -39.0 -54.0 -24.0
645 482 35 1.0 -39.0 -54.0 -9.0
646 483 35 1.0 -39.0 -54.0 6.0
647 484 35 1.0 -39.0 -54.0 21.0
648 485 35 1.0 -39.0 -54.0 36.0
649 486 35 1.0 -39.0 -54.0 51.0
650 487 35 1.0 -39.0 -54.0 66.0
651 488 35 1.0 -39.0 -54.0 81.0
652 489 35 1.0 -39.0 -39.0 -84.0
653 490 35 1.0 -39.0 -39.0 -69.0
654 491 35 1.0 -39.0 -39.0 -54.0
655 492 35 1.0 -39.0 -39.0 -39.0
656 493 35 1.0 -39.0 -39.0 -24.0
657 494 35 1.0 -39.0 -39.0 -9.0
658 495 35 1.0 -39.0 -39.0 6.0
659 496 35 1.0 -39.0 -39.0 21.0
660 497 35 1.0 -39.0 -39.0 36.0
661 498 35 1.0 -39.0 -39.0 51.0
662 499 35 1.0 -39.0 -39.0 66.0
663 500 35 1.0 -39.0 -39.0 81.0
664 501 35 1.0 -39.0 -24.0 -84.0
665 502 35 1.0 -39.0 -24.0 -69.0
666 503 35 1.0 -39.0 -24.0 -54.0
667 504 35 1.0 -39.0 -24.0 -39.0
668 505 35 1.0 -39.0 -24.0 -24.0
669 506 35 1.0 -39.0 -24.0 -9.0
670 507 35 1.0 -39.0 -24.0 6.0
671 508 35 1.0 -39.0 -24.0 21.0
672 509 35 1.0 -39.0 -24.0 36.0
673 510 35 1.0 -39.0 -24.0 51.0
674 511 35 1.0 -39.0 -24.0 66.0
675 512 35 1.0 -39.0 -24.0 81.0
676 513 35 1.0 -39.0 -9.0 -84.0
677 514 35 1.0 -39.0 -9.0 -69.0
678 515 35 1.0 -39.0 -9.0 -54.0
679 516 35 1.0 -39.0 -9.0 -39.0
680 517 35 1.0 -39.0 -9.0 -24.0
681 518 35 1.0 -39.0 -9.0 -9.0
682 519 35 1.0 -39.0 -9.0 6.0
683 520 35 1.0 -39.0 -9.0 21.0
684 521 35 1.0 -39.0 -9.0 36.0
685 522 35 1.0 -39.0 -9.0 51.0
686 523 35 1.0 -39.0 -9.0 66.0
687 524 35 1.0 -39.0 -9.0 81.0
688 525 35 1.0 -39.0 6.0 -84.0
689 526 35 1.0 -39.0 6.0 -69.0
690 527 35 1.0 -39.0 6.0 -54.0
691 528 35 1.0 -39.0 6.0 -39.0
692 529 35 1.0 -39.0 6.0 -24.0
693 530 35 1.0 -39.0 6.0 -9.0
694 531 35 1.0 -39.0 6.0 6.0
695 532 35 1.0 -39.0 6.0 21.0
696 533 35 1.0 -39.0 6.0 36.0
697 534 35 1.0 -39.0 6.0 51.0
