184 4 102 35 1.0 -84.0 -84.0 -84.0
185 5 103 35 1.0 -84.0 -84.0 -69.0
186 6 104 35 1.0 -84.0 -84.0 -54.0
187 7 105 35 1.0 -84.0 -84.0 -39.0
188 8 106 35 1.0 -84.0 -84.0 -24.0
189 9 107 35 1.0 -84.0 -84.0 -9.0
190 10 108 35 1.0 -84.0 -84.0 6.0
191 11 109 35 1.0 -84.0 -84.0 21.0
192 12 110 35 1.0 -84.0 -84.0 36.0
193 13 111 35 1.0 -84.0 -84.0 51.0
194 14 112 35 1.0 -84.0 -84.0 66.0
195 15 113 35 1.0 -84.0 -84.0 81.0
196 16 114 35 1.0 -84.0 -69.0 -84.0
197 17 115 35 1.0 -84.0 -69.0 -69.0
198 18 116 35 1.0 -84.0 -69.0 -54.0
199 19 117 35 1.0 -84.0 -69.0 -39.0
200 20 118 35 1.0 -84.0 -69.0 -24.0
201 21 119 35 1.0 -84.0 -69.0 -9.0
202 22 120 35 1.0 -84.0 -69.0 6.0
203 23 121 35 1.0 -84.0 -69.0 21.0
204 24 122 35 1.0 -84.0 -69.0 36.0
205 25 123 35 1.0 -84.0 -69.0 51.0
206 26 124 35 1.0 -84.0 -69.0 66.0
207 27 125 35 1.0 -84.0 -69.0 81.0
208 28 126 35 1.0 -84.0 -54.0 -84.0
209 29 127 35 1.0 -84.0 -54.0 -69.0
210 30 128 35 1.0 -84.0 -54.0 -54.0
211 31 129 35 1.0 -84.0 -54.0 -39.0
212 32 130 35 1.0 -84.0 -54.0 -24.0
213 33 131 35 1.0 -84.0 -54.0 -9.0
214 34 132 35 1.0 -84.0 -54.0 6.0
215 35 133 35 1.0 -84.0 -54.0 21.0
216 36 134 35 1.0 -84.0 -54.0 36.0
217 37 135 35 1.0 -84.0 -54.0 51.0
218 38 136 35 1.0 -84.0 -54.0 66.0
219 39 137 35 1.0 -84.0 -54.0 81.0
220 40 138 35 1.0 -84.0 -39.0 -84.0
221 41 139 35 1.0 -84.0 -39.0 -69.0
222 42 140 35 1.0 -84.0 -39.0 -54.0
223 43 141 35 1.0 -84.0 -39.0 -39.0
224 44 142 35 1.0 -84.0 -39.0 -24.0
225 45 143 35 1.0 -84.0 -39.0 -9.0
226 46 144 35 1.0 -84.0 -39.0 6.0
227 47 145 35 1.0 -84.0 -39.0 21.0
228 48 146 35 1.0 -84.0 -39.0 36.0
229 49 147 35 1.0 -84.0 -39.0 51.0
230 50 148 35 1.0 -84.0 -39.0 66.0
231 51 149 35 1.0 -84.0 -39.0 81.0
232 52 150 35 1.0 -84.0 -24.0 -84.0
233 53 151 35 1.0 -84.0 -24.0 -69.0
234 54 152 35 1.0 -84.0 -24.0 -54.0
235 55 153 35 1.0 -84.0 -24.0 -39.0
236 56 154 35 1.0 -84.0 -24.0 -24.0
237 57 155 35 1.0 -84.0 -24.0 -9.0
238 58 156 35 1.0 -84.0 -24.0 6.0
239 59 157 35 1.0 -84.0 -24.0 21.0
240 60 158 35 1.0 -84.0 -24.0 36.0
241 61 159 35 1.0 -84.0 -24.0 51.0
242 62 160 35 1.0 -84.0 -24.0 66.0
243 63 161 35 1.0 -84.0 -24.0 81.0
244 64 162 35 1.0 -84.0 -9.0 -84.0
245 65 163 35 1.0 -84.0 -9.0 -69.0
246 66 164 35 1.0 -84.0 -9.0 -54.0
247 67 165 35 1.0 -84.0 -9.0 -39.0
248 68 166 35 1.0 -84.0 -9.0 -24.0
249 69 167 35 1.0 -84.0 -9.0 -9.0
250 70 168 35 1.0 -84.0 -9.0 6.0
251 71 169 35 1.0 -84.0 -9.0 21.0
252 72 170 35 1.0 -84.0 -9.0 36.0
253 73 171 35 1.0 -84.0 -9.0 51.0
254 74 172 35 1.0 -84.0 -9.0 66.0
255 75 173 35 1.0 -84.0 -9.0 81.0
256 76 174 35 1.0 -84.0 6.0 -84.0
257 77 175 35 1.0 -84.0 6.0 -69.0
258 78 176 35 1.0 -84.0 6.0 -54.0
259 79 177 35 1.0 -84.0 6.0 -39.0
260 80 178 35 1.0 -84.0 6.0 -24.0
261 81 179 35 1.0 -84.0 6.0 -9.0
262 82 180 35 1.0 -84.0 6.0 6.0
263 83 181 35 1.0 -84.0 6.0 21.0
264 84 182 35 1.0 -84.0 6.0 36.0
265 85 183 35 1.0 -84.0 6.0 51.0
266 86 184 35 1.0 -84.0 6.0 66.0
267 87 185 35 1.0 -84.0 6.0 81.0
268 88 186 35 1.0 -84.0 21.0 -84.0
269 89 187 35 1.0 -84.0 21.0 -69.0
270 90 188 35 1.0 -84.0 21.0 -54.0
271 91 189 35 1.0 -84.0 21.0 -39.0
272 92 190 35 1.0 -84.0 21.0 -24.0
273 93 191 35 1.0 -84.0 21.0 -9.0
274 94 192 35 1.0 -84.0 21.0 6.0
275 95 193 35 1.0 -84.0 21.0 21.0
276 96 194 35 1.0 -84.0 21.0 36.0
277 97 195 35 1.0 -84.0 21.0 51.0
278 98 196 35 1.0 -84.0 21.0 66.0
279 99 197 35 1.0 -84.0 21.0 81.0
280 100 198 35 1.0 -84.0 36.0 -84.0
281 101 199 35 1.0 -84.0 36.0 -69.0
282 102 200 35 1.0 -84.0 36.0 -54.0
283 103 201 35 1.0 -84.0 36.0 -39.0
284 104 202 35 1.0 -84.0 36.0 -24.0
285 105 203 35 1.0 -84.0 36.0 -9.0
286 106 204 35 1.0 -84.0 36.0 6.0
287 107 205 35 1.0 -84.0 36.0 21.0
288 108 206 35 1.0 -84.0 36.0 36.0
289 109 207 35 1.0 -84.0 36.0 51.0
290 110 208 35 1.0 -84.0 36.0 66.0
291 111 209 35 1.0 -84.0 36.0 81.0
292 112 210 35 1.0 -84.0 51.0 -84.0
293 113 211 35 1.0 -84.0 51.0 -69.0
294 114 212 35 1.0 -84.0 51.0 -54.0
295 115 213 35 1.0 -84.0 51.0 -39.0
296 116 214 35 1.0 -84.0 51.0 -24.0
297 117 215 35 1.0 -84.0 51.0 -9.0
298 118 216 35 1.0 -84.0 51.0 6.0
299 119 217 35 1.0 -84.0 51.0 21.0
300 120 218 35 1.0 -84.0 51.0 36.0
301 121 219 35 1.0 -84.0 51.0 51.0
302 122 220 35 1.0 -84.0 51.0 66.0
303 123 221 35 1.0 -84.0 51.0 81.0
304 124 222 35 1.0 -84.0 66.0 -84.0
305 125 223 35 1.0 -84.0 66.0 -69.0
306 126 224 35 1.0 -84.0 66.0 -54.0
307 127 225 35 1.0 -84.0 66.0 -39.0
308 128 226 35 1.0 -84.0 66.0 -24.0
309 129 227 35 1.0 -84.0 66.0 -9.0
310 130 228 35 1.0 -84.0 66.0 6.0
311 131 229 35 1.0 -84.0 66.0 21.0
312 132 230 35 1.0 -84.0 66.0 36.0
313 133 231 35 1.0 -84.0 66.0 51.0
314 134 232 35 1.0 -84.0 66.0 66.0
315 135 233 35 1.0 -84.0 66.0 81.0
316 136 234 35 1.0 -84.0 81.0 -84.0
317 137 235 35 1.0 -84.0 81.0 -69.0
318 138 236 35 1.0 -84.0 81.0 -54.0
319 139 237 35 1.0 -84.0 81.0 -39.0
320 140 238 35 1.0 -84.0 81.0 -24.0
321 141 239 35 1.0 -84.0 81.0 -9.0
322 142 240 35 1.0 -84.0 81.0 6.0
323 143 241 35 1.0 -84.0 81.0 21.0
324 144 242 35 1.0 -84.0 81.0 36.0
325 145 243 35 1.0 -84.0 81.0 51.0
326 146 244 35 1.0 -84.0 81.0 66.0
327 147 245 35 1.0 -84.0 81.0 81.0
328 148 246 35 1.0 -69.0 -84.0 -84.0
329 149 247 35 1.0 -69.0 -84.0 -69.0
330 150 248 35 1.0 -69.0 -84.0 -54.0
331 151 249 35 1.0 -69.0 -84.0 -39.0
332 152 250 35 1.0 -69.0 -84.0 -24.0
333 153 251 35 1.0 -69.0 -84.0 -9.0
334 154 252 35 1.0 -69.0 -84.0 6.0
335 155 253 35 1.0 -69.0 -84.0 21.0
336 156 254 35 1.0 -69.0 -84.0 36.0
337 157 255 35 1.0 -69.0 -84.0 51.0
338 158 256 35 1.0 -69.0 -84.0 66.0
339 159 257 35 1.0 -69.0 -84.0 81.0
340 160 258 35 1.0 -69.0 -69.0 -84.0
341 161 259 35 1.0 -69.0 -69.0 -69.0
342 162 260 35 1.0 -69.0 -69.0 -54.0
343 163 261 35 1.0 -69.0 -69.0 -39.0
344 164 262 35 1.0 -69.0 -69.0 -24.0
345 165 263 35 1.0 -69.0 -69.0 -9.0
346 166 264 35 1.0 -69.0 -69.0 6.0
347 167 265 35 1.0 -69.0 -69.0 21.0
348 168 266 35 1.0 -69.0 -69.0 36.0
349 169 267 35 1.0 -69.0 -69.0 51.0
350 170 268 35 1.0 -69.0 -69.0 66.0
351 171 269 35 1.0 -69.0 -69.0 81.0
352 172 270 35 1.0 -69.0 -54.0 -84.0
353 173 271 35 1.0 -69.0 -54.0 -69.0
354 174 272 35 1.0 -69.0 -54.0 -54.0
355 175 273 35 1.0 -69.0 -54.0 -39.0
356 176 274 35 1.0 -69.0 -54.0 -24.0
357 177 275 35 1.0 -69.0 -54.0 -9.0
358 178 276 35 1.0 -69.0 -54.0 6.0
359 179 277 35 1.0 -69.0 -54.0 21.0
360 180 278 35 1.0 -69.0 -54.0 36.0
361 181 279 35 1.0 -69.0 -54.0 51.0
362 182 280 35 1.0 -69.0 -54.0 66.0
363 183 281 35 1.0 -69.0 -54.0 81.0
364 184 282 35 1.0 -69.0 -39.0 -84.0
365 185 283 35 1.0 -69.0 -39.0 -69.0
366 186 284 35 1.0 -69.0 -39.0 -54.0
367 187 285 35 1.0 -69.0 -39.0 -39.0
368 188 286 35 1.0 -69.0 -39.0 -24.0
369 189 287 35 1.0 -69.0 -39.0 -9.0
370 190 288 35 1.0 -69.0 -39.0 6.0
371 191 289 35 1.0 -69.0 -39.0 21.0
372 192 290 35 1.0 -69.0 -39.0 36.0
373 193 291 35 1.0 -69.0 -39.0 51.0
374 194 292 35 1.0 -69.0 -39.0 66.0
375 195 293 35 1.0 -69.0 -39.0 81.0
376 196 294 35 1.0 -69.0 -24.0 -84.0
377 197 295 35 1.0 -69.0 -24.0 -69.0
378 198 296 35 1.0 -69.0 -24.0 -54.0
379 199 297 35 1.0 -69.0 -24.0 -39.0
380 200 298 35 1.0 -69.0 -24.0 -24.0
381 201 299 35 1.0 -69.0 -24.0 -9.0
382 202 300 35 1.0 -69.0 -24.0 6.0
383 203 301 35 1.0 -69.0 -24.0 21.0
384 204 302 35 1.0 -69.0 -24.0 36.0
385 205 303 35 1.0 -69.0 -24.0 51.0
386 206 304 35 1.0 -69.0 -24.0 66.0
387 207 305 35 1.0 -69.0 -24.0 81.0
388 208 306 35 1.0 -69.0 -9.0 -84.0
389 209 307 35 1.0 -69.0 -9.0 -69.0
390 210 308 35 1.0 -69.0 -9.0 -54.0
391 211 309 35 1.0 -69.0 -9.0 -39.0
392 212 310 35 1.0 -69.0 -9.0 -24.0
393 213 311 35 1.0 -69.0 -9.0 -9.0
394 214 312 35 1.0 -69.0 -9.0 6.0
395 215 313 35 1.0 -69.0 -9.0 21.0
396 216 314 35 1.0 -69.0 -9.0 36.0
397 217 315 35 1.0 -69.0 -9.0 51.0
398 218 316 35 1.0 -69.0 -9.0 66.0
399 219 317 35 1.0 -69.0 -9.0 81.0
400 220 318 35 1.0 -69.0 6.0 -84.0
401 221 319 35 1.0 -69.0 6.0 -69.0
402 222 320 35 1.0 -69.0 6.0 -54.0
403 223 321 35 1.0 -69.0 6.0 -39.0
404 224 322 35 1.0 -69.0 6.0 -24.0
405 225 323 35 1.0 -69.0 6.0 -9.0
406 226 324 35 1.0 -69.0 6.0 6.0
407 227 325 35 1.0 -69.0 6.0 21.0
408 228 326 35 1.0 -69.0 6.0 36.0
409 229 327 35 1.0 -69.0 6.0 51.0
410 230 328 35 1.0 -69.0 6.0 66.0
411 231 329 35 1.0 -69.0 6.0 81.0
412 232 330 35 1.0 -69.0 21.0 -84.0
413 233 331 35 1.0 -69.0 21.0 -69.0
414 234 332 35 1.0 -69.0 21.0 -54.0
415 235 333 35 1.0 -69.0 21.0 -39.0
416 236 334 35 1.0 -69.0 21.0 -24.0
417 237 335 35 1.0 -69.0 21.0 -9.0
418 238 336 35 1.0 -69.0 21.0 6.0
419 239 337 35 1.0 -69.0 21.0 21.0
420 240 338 35 1.0 -69.0 21.0 36.0
421 241 339 35 1.0 -69.0 21.0 51.0
422 242 340 35 1.0 -69.0 21.0 66.0
423 243 341 35 1.0 -69.0 21.0 81.0
424 244 342 35 1.0 -69.0 36.0 -84.0
425 245 343 35 1.0 -69.0 36.0 -69.0
426 246 344 35 1.0 -69.0 36.0 -54.0
427 247 345 35 1.0 -69.0 36.0 -39.0
428 248 346 35 1.0 -69.0 36.0 -24.0
429 249 347 35 1.0 -69.0 36.0 -9.0
430 250 348 35 1.0 -69.0 36.0 6.0
431 251 349 35 1.0 -69.0 36.0 21.0
432 252 350 35 1.0 -69.0 36.0 36.0
433 253 351 35 1.0 -69.0 36.0 51.0
434 254 352 35 1.0 -69.0 36.0 66.0
435 255 353 35 1.0 -69.0 36.0 81.0
436 256 354 35 1.0 -69.0 51.0 -84.0
437 257 355 35 1.0 -69.0 51.0 -69.0
438 258 356 35 1.0 -69.0 51.0 -54.0
439 259 357 35 1.0 -69.0 51.0 -39.0
440 260 358 35 1.0 -69.0 51.0 -24.0
441 261 359 35 1.0 -69.0 51.0 -9.0
442 262 360 35 1.0 -69.0 51.0 6.0
443 263 361 35 1.0 -69.0 51.0 21.0
444 264 362 35 1.0 -69.0 51.0 36.0
445 265 363 35 1.0 -69.0 51.0 51.0
446 266 364 35 1.0 -69.0 51.0 66.0
447 267 365 35 1.0 -69.0 51.0 81.0
448 268 366 35 1.0 -69.0 66.0 -84.0
449 269 367 35 1.0 -69.0 66.0 -69.0
450 270 368 35 1.0 -69.0 66.0 -54.0
451 271 369 35 1.0 -69.0 66.0 -39.0
452 272 370 35 1.0 -69.0 66.0 -24.0
453 273 371 35 1.0 -69.0 66.0 -9.0
454 274 372 35 1.0 -69.0 66.0 6.0
455 275 373 35 1.0 -69.0 66.0 21.0
456 276 374 35 1.0 -69.0 66.0 36.0
457 277 375 35 1.0 -69.0 66.0 51.0
458 278 376 35 1.0 -69.0 66.0 66.0
459 279 377 35 1.0 -69.0 66.0 81.0
460 280 378 35 1.0 -69.0 81.0 -84.0
461 281 379 35 1.0 -69.0 81.0 -69.0
462 282 380 35 1.0 -69.0 81.0 -54.0
463 283 381 35 1.0 -69.0 81.0 -39.0
464 284 382 35 1.0 -69.0 81.0 -24.0
465 285 383 35 1.0 -69.0 81.0 -9.0
466 286 384 35 1.0 -69.0 81.0 6.0
467 287 385 35 1.0 -69.0 81.0 21.0
468 288 386 35 1.0 -69.0 81.0 36.0
469 289 387 35 1.0 -69.0 81.0 51.0
470 290 388 35 1.0 -69.0 81.0 66.0
471 291 389 35 1.0 -69.0 81.0 81.0
472 292 390 35 1.0 -54.0 -84.0 -84.0
473 293 391 35 1.0 -54.0 -84.0 -69.0
474 294 392 35 1.0 -54.0 -84.0 -54.0
475 295 393 35 1.0 -54.0 -84.0 -39.0
476 296 394 35 1.0 -54.0 -84.0 -24.0
477 297 395 35 1.0 -54.0 -84.0 -9.0
478 298 396 35 1.0 -54.0 -84.0 6.0
479 299 397 35 1.0 -54.0 -84.0 21.0
480 300 398 35 1.0 -54.0 -84.0 36.0
481 301 399 35 1.0 -54.0 -84.0 51.0
482 302 400 35 1.0 -54.0 -84.0 66.0
483 303 401 35 1.0 -54.0 -84.0 81.0
484 304 402 35 1.0 -54.0 -69.0 -84.0
485 305 403 35 1.0 -54.0 -69.0 -69.0
486 306 404 35 1.0 -54.0 -69.0 -54.0
487 307 405 35 1.0 -54.0 -69.0 -39.0
488 308 406 35 1.0 -54.0 -69.0 -24.0
489 309 407 35 1.0 -54.0 -69.0 -9.0
490 310 408 35 1.0 -54.0 -69.0 6.0
491 311 409 35 1.0 -54.0 -69.0 21.0
492 312 410 35 1.0 -54.0 -69.0 36.0
493 313 411 35 1.0 -54.0 -69.0 51.0
494 314 412 35 1.0 -54.0 -69.0 66.0
495 315 413 35 1.0 -54.0 -69.0 81.0
496 316 414 35 1.0 -54.0 -54.0 -84.0
497 317 415 35 1.0 -54.0 -54.0 -69.0
498 318 416 35 1.0 -54.0 -54.0 -54.0
499 319 417 35 1.0 -54.0 -54.0 -39.0
500 320 418 35 1.0 -54.0 -54.0 -24.0
501 321 419 35 1.0 -54.0 -54.0 -9.0
502 322 420 35 1.0 -54.0 -54.0 6.0
503 323 421 35 1.0 -54.0 -54.0 21.0
504 324 422 35 1.0 -54.0 -54.0 36.0
505 325 423 35 1.0 -54.0 -54.0 51.0
506 326 424 35 1.0 -54.0 -54.0 66.0
507 327 425 35 1.0 -54.0 -54.0 81.0
508 328 426 35 1.0 -54.0 -39.0 -84.0
509 329 427 35 1.0 -54.0 -39.0 -69.0
510 330 428 35 1.0 -54.0 -39.0 -54.0
511 331 429 35 1.0 -54.0 -39.0 -39.0
512 332 430 35 1.0 -54.0 -39.0 -24.0
513 333 431 35 1.0 -54.0 -39.0 -9.0
514 334 432 35 1.0 -54.0 -39.0 6.0
515 335 433 35 1.0 -54.0 -39.0 21.0
516 336 434 35 1.0 -54.0 -39.0 36.0
517 337 435 35 1.0 -54.0 -39.0 51.0
518 338 436 35 1.0 -54.0 -39.0 66.0
519 339 437 35 1.0 -54.0 -39.0 81.0
520 340 438 35 1.0 -54.0 -24.0 -84.0
521 341 439 35 1.0 -54.0 -24.0 -69.0
522 342 440 35 1.0 -54.0 -24.0 -54.0
523 343 441 35 1.0 -54.0 -24.0 -39.0
524 344 442 35 1.0 -54.0 -24.0 -24.0
525 345 443 35 1.0 -54.0 -24.0 -9.0
526 346 444 35 1.0 -54.0 -24.0 6.0
527 347 445 35 1.0 -54.0 -24.0 21.0
528 348 446 35 1.0 -54.0 -24.0 36.0
529 349 447 35 1.0 -54.0 -24.0 51.0
530 350 448 35 1.0 -54.0 -24.0 66.0
531 351 449 35 1.0 -54.0 -24.0 81.0
532 352 450 35 1.0 -54.0 -9.0 -84.0
533 353 451 35 1.0 -54.0 -9.0 -69.0
534 354 452 35 1.0 -54.0 -9.0 -54.0
535 355 453 35 1.0 -54.0 -9.0 -39.0
536 356 454 35 1.0 -54.0 -9.0 -24.0
537 357 455 35 1.0 -54.0 -9.0 -9.0
538 358 456 35 1.0 -54.0 -9.0 6.0
539 359 457 35 1.0 -54.0 -9.0 21.0
540 360 458 35 1.0 -54.0 -9.0 36.0
541 361 459 35 1.0 -54.0 -9.0 51.0
542 362 460 35 1.0 -54.0 -9.0 66.0
543 363 461 35 1.0 -54.0 -9.0 81.0
544 364 462 35 1.0 -54.0 6.0 -84.0
545 365 463 35 1.0 -54.0 6.0 -69.0
546 366 464 35 1.0 -54.0 6.0 -54.0
547 367 465 35 1.0 -54.0 6.0 -39.0
548 368 466 35 1.0 -54.0 6.0 -24.0
549 369 467 35 1.0 -54.0 6.0 -9.0
550 370 468 35 1.0 -54.0 6.0 6.0
551 371 469 35 1.0 -54.0 6.0 21.0
552 372 470 35 1.0 -54.0 6.0 36.0
553 373 471 35 1.0 -54.0 6.0 51.0
554 374 472 35 1.0 -54.0 6.0 66.0
555 375 473 35 1.0 -54.0 6.0 81.0
556 376 474 35 1.0 -54.0 21.0 -84.0
557 377 475 35 1.0 -54.0 21.0 -69.0
558 378 476 35 1.0 -54.0 21.0 -54.0
559 379 477 35 1.0 -54.0 21.0 -39.0
560 380 478 35 1.0 -54.0 21.0 -24.0
561 381 479 35 1.0 -54.0 21.0 -9.0
562 382 480 35 1.0 -54.0 21.0 6.0
563 383 481 35 1.0 -54.0 21.0 21.0
564 384 482 35 1.0 -54.0 21.0 36.0
565 385 483 35 1.0 -54.0 21.0 51.0
566 386 484 35 1.0 -54.0 21.0 66.0
567 387 485 35 1.0 -54.0 21.0 81.0
568 388 486 35 1.0 -54.0 36.0 -84.0
569 389 487 35 1.0 -54.0 36.0 -69.0
570 390 488 35 1.0 -54.0 36.0 -54.0
571 391 489 35 1.0 -54.0 36.0 -39.0
572 392 490 35 1.0 -54.0 36.0 -24.0
573 393 491 35 1.0 -54.0 36.0 -9.0
574 394 492 35 1.0 -54.0 36.0 6.0
575 395 493 35 1.0 -54.0 36.0 21.0
576 396 494 35 1.0 -54.0 36.0 36.0
577 397 495 35 1.0 -54.0 36.0 51.0
578 398 496 35 1.0 -54.0 36.0 66.0
579 399 497 35 1.0 -54.0 36.0 81.0
580 400 498 35 1.0 -54.0 51.0 -84.0
581 401 499 35 1.0 -54.0 51.0 -69.0
582 402 500 35 1.0 -54.0 51.0 -54.0
583 403 501 35 1.0 -54.0 51.0 -39.0
584 404 502 35 1.0 -54.0 51.0 -24.0
585 405 503 35 1.0 -54.0 51.0 -9.0
586 406 504 35 1.0 -54.0 51.0 6.0
587 407 505 35 1.0 -54.0 51.0 21.0
588 408 506 35 1.0 -54.0 51.0 36.0
589 409 507 35 1.0 -54.0 51.0 51.0
590 410 508 35 1.0 -54.0 51.0 66.0
591 411 509 35 1.0 -54.0 51.0 81.0
592 412 510 35 1.0 -54.0 66.0 -84.0
593 413 511 35 1.0 -54.0 66.0 -69.0
594 414 512 35 1.0 -54.0 66.0 -54.0
595 415 513 35 1.0 -54.0 66.0 -39.0
596 416 514 35 1.0 -54.0 66.0 -24.0
597 417 515 35 1.0 -54.0 66.0 -9.0
598 418 516 35 1.0 -54.0 66.0 6.0
599 419 517 35 1.0 -54.0 66.0 21.0
600 420 518 35 1.0 -54.0 66.0 36.0
601 421 519 35 1.0 -54.0 66.0 51.0
602 422 520 35 1.0 -54.0 66.0 66.0
603 423 521 35 1.0 -54.0 66.0 81.0
604 424 522 35 1.0 -54.0 81.0 -84.0
605 425 523 35 1.0 -54.0 81.0 -69.0
606 426 524 35 1.0 -54.0 81.0 -54.0
607 427 525 35 1.0 -54.0 81.0 -39.0
608 428 526 35 1.0 -54.0 81.0 -24.0
609 429 527 35 1.0 -54.0 81.0 -9.0
610 430 528 35 1.0 -54.0 81.0 6.0
611 431 529 35 1.0 -54.0 81.0 21.0
612 432 530 35 1.0 -54.0 81.0 36.0
613 433 531 35 1.0 -54.0 81.0 51.0
614 434 532 35 1.0 -54.0 81.0 66.0
615 435 533 35 1.0 -54.0 81.0 81.0
616 436 534 35 1.0 -39.0 -84.0 -84.0
617 437 535 35 1.0 -39.0 -84.0 -69.0
618 438 536 35 1.0 -39.0 -84.0 -54.0
619 439 537 35 1.0 -39.0 -84.0 -39.0
620 440 538 35 1.0 -39.0 -84.0 -24.0
621 441 539 35 1.0 -39.0 -84.0 -9.0
622 442 540 35 1.0 -39.0 -84.0 6.0
623 443 541 35 1.0 -39.0 -84.0 21.0
624 444 542 35 1.0 -39.0 -84.0 36.0
625 445 543 35 1.0 -39.0 -84.0 51.0
626 446 544 35 1.0 -39.0 -84.0 66.0
627 447 545 35 1.0 -39.0 -84.0 81.0
628 448 546 35 1.0 -39.0 -69.0 -84.0
629 449 547 35 1.0 -39.0 -69.0 -69.0
630 450 548 35 1.0 -39.0 -69.0 -54.0
631 451 549 35 1.0 -39.0 -69.0 -39.0
632 452 550 35 1.0 -39.0 -69.0 -24.0
633 453 551 35 1.0 -39.0 -69.0 -9.0
634 454 552 35 1.0 -39.0 -69.0 6.0
635 455 553 35 1.0 -39.0 -69.0 21.0
636 456 554 35 1.0 -39.0 -69.0 36.0
637 457 555 35 1.0 -39.0 -69.0 51.0
638 458 556 35 1.0 -39.0 -69.0 66.0
639 459 557 35 1.0 -39.0 -69.0 81.0
640 460 558 35 1.0 -39.0 -54.0 -84.0
641 461 559 35 1.0 -39.0 -54.0 -69.0
642 462 560 35 1.0 -39.0 -54.0 -54.0
643 463 561 35 1.0 -39.0 -54.0 -39.0
644 464 562 35 1.0 -39.0 -54.0 -24.0
645 465 563 35 1.0 -39.0 -54.0 -9.0
646 466 564 35 1.0 -39.0 -54.0 6.0
647 467 565 35 1.0 -39.0 -54.0 21.0
648 468 566 35 1.0 -39.0 -54.0 36.0
649 469 567 35 1.0 -39.0 -54.0 51.0
650 470 568 35 1.0 -39.0 -54.0 66.0
651 471 569 35 1.0 -39.0 -54.0 81.0
652 472 570 35 1.0 -39.0 -39.0 -84.0
653 473 571 35 1.0 -39.0 -39.0 -69.0
654 474 572 35 1.0 -39.0 -39.0 -54.0
655 475 573 35 1.0 -39.0 -39.0 -39.0
656 476 574 35 1.0 -39.0 -39.0 -24.0
657 477 575 35 1.0 -39.0 -39.0 -9.0
658 478 576 35 1.0 -39.0 -39.0 6.0
659 479 577 35 1.0 -39.0 -39.0 21.0
660 480 578 35 1.0 -39.0 -39.0 36.0
661 481 579 35 1.0 -39.0 -39.0 51.0
662 482 580 35 1.0 -39.0 -39.0 66.0
663 483 581 35 1.0 -39.0 -39.0 81.0
664 484 582 35 1.0 -39.0 -24.0 -84.0
665 485 583 35 1.0 -39.0 -24.0 -69.0
666 486 584 35 1.0 -39.0 -24.0 -54.0
667 487 585 35 1.0 -39.0 -24.0 -39.0
668 488 586 35 1.0 -39.0 -24.0 -24.0
669 489 587 35 1.0 -39.0 -24.0 -9.0
670 490 588 35 1.0 -39.0 -24.0 6.0
671 491 589 35 1.0 -39.0 -24.0 21.0
672 492 590 35 1.0 -39.0 -24.0 36.0
673 493 591 35 1.0 -39.0 -24.0 51.0
674 494 592 35 1.0 -39.0 -24.0 66.0
675 495 593 35 1.0 -39.0 -24.0 81.0
676 496 594 35 1.0 -39.0 -9.0 -84.0
677 497 595 35 1.0 -39.0 -9.0 -69.0
678 498 596 35 1.0 -39.0 -9.0 -54.0
679 499 597 35 1.0 -39.0 -9.0 -39.0
680 500 598 35 1.0 -39.0 -9.0 -24.0
681 501 599 35 1.0 -39.0 -9.0 -9.0
682 502 600 35 1.0 -39.0 -9.0 6.0
683 503 601 35 1.0 -39.0 -9.0 21.0
684 504 602 35 1.0 -39.0 -9.0 36.0
685 505 603 35 1.0 -39.0 -9.0 51.0
686 506 604 35 1.0 -39.0 -9.0 66.0
687 507 605 35 1.0 -39.0 -9.0 81.0
688 508 606 35 1.0 -39.0 6.0 -84.0
689 509 607 35 1.0 -39.0 6.0 -69.0
690 510 608 35 1.0 -39.0 6.0 -54.0
691 511 609 35 1.0 -39.0 6.0 -39.0
692 512 610 35 1.0 -39.0 6.0 -24.0
693 513 611 35 1.0 -39.0 6.0 -9.0
694 514 612 35 1.0 -39.0 6.0 6.0
695 515 613 35 1.0 -39.0 6.0 21.0
696 516 614 35 1.0 -39.0 6.0 36.0
697 517 615 35 1.0 -39.0 6.0 51.0
