      1       1      33    0.0000 -1.680000e+00  3.490000e+00  4.332000e+01
      2       1      16    1.0000 -2.840000e+00  5.610000e+00  4.027000e+01
      3       1      22    0.0000 -1.160000e+00  8.160000e+00  3.791000e+01
      4       1      23    0.0000 -1.960000e+00  1.163000e+01  3.636000e+01
      5       1      16    1.0000  1.000000e-01  1.455000e+01  3.660000e+01
      6       1      28    0.0000 -2.000000e-01  1.772000e+01  3.860000e+01
      7       1      31    0.0000 -5.600000e-01  2.102000e+01  3.679000e+01
      8       1      26    1.0000  2.820000e+00  2.270000e+01  3.586000e+01
      9       1      20   -1.0000  2.400000e+00  2.562000e+01  3.832000e+01
     10       1      17    0.0000  2.050000e+00  2.297000e+01  4.106000e+01
     11       1      34    0.0000  5.040000e+00  2.077000e+01  4.024000e+01
     12       1      16    1.0000  6.850000e+00  2.411000e+01  4.000000e+01
     13       1      24    0.0000  5.980000e+00  2.528000e+01  4.350000e+01
     14       1      25    0.0000  6.450000e+00  2.185000e+01  4.506000e+01
     15       1      20   -1.0000  9.890000e+00  2.169000e+01  4.340000e+01
     16       1      30    0.0000  1.068000e+01  2.515000e+01  4.461000e+01
     17       1      32    0.0000  9.940000e+00  2.414000e+01  4.813000e+01
     18       1      28    0.0000  1.207000e+01  2.099000e+01  4.806000e+01
     19       1      15    0.0000  1.506000e+01  2.294000e+01  4.659000e+01
     20       1      26    1.0000  1.482000e+01  2.594000e+01  4.902000e+01
     21       1      17    0.0000  1.464000e+01  2.312000e+01  5.162000e+01
     22       1      24    0.0000  1.725000e+01  2.035000e+01  5.068000e+01
     23       1      20   -1.0000  1.905000e+01  2.031000e+01  5.410000e+01
     24       1      17    0.0000  1.605000e+01  1.887000e+01  5.588000e+01
     25       1      29    0.0000  1.306000e+01  1.864000e+01  5.336000e+01
     26       1      33    0.0000  1.043000e+01  1.746000e+01  5.577000e+01
     27       1      25    0.0000  7.170000e+00  1.941000e+01  5.577000e+01
     28       1      18   -1.0000  6.310000e+00  2.129000e+01  5.902000e+01
     29       1      31    0.0000  3.080000e+00  2.285000e+01  6.023000e+01
     30       1      26    1.0000  3.510000e+00  2.633000e+01  5.877000e+01
     31       1      22    0.0000  5.260000e+00  2.480000e+01  5.581000e+01
     32       1      25    0.0000  2.340000e+00  2.255000e+01  5.480000e+01
     33       1      20   -1.0000 -1.200000e-01  2.534000e+01  5.520000e+01
     34       1      17    0.0000  1.650000e+00  2.757000e+01  5.270000e+01
     35       1      25    0.0000  1.930000e+00  2.495000e+01  5.002000e+01
     36       1      27    0.0000 -1.730000e+00  2.410000e+01  5.077000e+01
     37       1      26    1.0000 -2.430000e+00  2.781000e+01  5.041000e+01
     38       1      17    0.0000 -5.400000e-01  2.768000e+01  4.707000e+01
     39       1      31    0.0000 -1.820000e+00  2.455000e+01  4.535000e+01
     40       1      30    0.0000 -5.010000e+00  2.287000e+01  4.437000e+01
     41       1      25    0.0000 -3.650000e+00  1.962000e+01  4.607000e+01
     42       1      30    0.0000 -5.340000e+00  1.773000e+01  4.890000e+01
     43       1      16    1.0000 -2.890000e+00  1.778000e+01  5.195000e+01
     44       1      24    0.0000 -2.380000e+00  1.392000e+01  5.156000e+01
     45       1      21    0.0000 -1.110000e+00  1.458000e+01  4.805000e+01
     46       1      24    0.0000  1.490000e+00  1.711000e+01  4.925000e+01
     47       1      26    1.0000  2.560000e+00  1.476000e+01  5.200000e+01
     48       1      17    0.0000  2.920000e+00  1.206000e+01  4.944000e+01
     49       1      32    0.0000  4.790000e+00  1.420000e+01  4.688000e+01
     50       1      34    0.0000  7.460000e+00  1.543000e+01  4.930000e+01
     51       1      30    0.0000  8.050000e+00  1.178000e+01  5.050000e+01
     52       1      17    0.0000  8.230000e+00  1.040000e+01  4.693000e+01
     53       1      16    1.0000  1.047000e+01  1.338000e+01  4.600000e+01
     54       1      16    1.0000  1.292000e+01  1.236000e+01  4.873000e+01
     55       1      16    1.0000  1.307000e+01  8.780000e+00  4.738000e+01
     56       1      26    1.0000  1.403000e+01  1.038000e+01  4.401000e+01
     57       1      20   -1.0000  1.675000e+01  1.258000e+01  4.545000e+01
     58       1      26    1.0000  1.799000e+01  9.280000e+00  4.703000e+01
     59       1      31    0.0000  1.912000e+01  8.400000e+00  4.349000e+01
     60       2       2    0.0000  4.721025e+01  6.611468e+00 -7.686480e-01
     61       2       7    0.0000  4.955984e+01  2.425299e+00  1.221300e-02
     62       2       1   -1.0000  4.526689e+01  7.366864e+00  1.413629e+00
     63       2       2    0.0000  4.461161e+01  3.868585e+00  2.439399e+00
     64       2       6    0.0000  4.848609e+01  2.206975e+00  3.284253e+00
     65       2       1   -1.0000  4.163026e+01  3.086495e+00  5.559634e+00
     66       2       2    0.0000  4.307006e+01 -2.280380e-01  6.574417e+00
     67       2       3    0.0000  4.789070e+01  3.140070e-01  6.923878e+00
     68       2       1   -1.0000  4.182198e+01 -1.817133e+00  9.166918e+00
     69       2       2    0.0000  4.489929e+01 -3.805392e+00  9.860574e+00
     70       2       4    0.0000  4.776632e+01 -5.358250e-01  1.037456e+01
     71       2       1   -1.0000  4.444535e+01 -6.305540e+00  1.344229e+01
     72       2       2    0.0000  4.806562e+01 -6.222168e+00  1.427702e+01
     73       2       5    0.0000  4.992272e+01 -1.619212e+00  1.396156e+01
     74       2       1   -1.0000  4.945823e+01 -7.895408e+00  1.673726e+01
     75       2       2    0.0000  5.259302e+01 -5.840299e+00  1.702838e+01
     76       2       4    0.0000  5.075212e+01 -1.878269e+00  1.731905e+01
     77       2       1   -1.0000  5.518505e+01 -6.751134e+00  2.019369e+01
     78       2       2    0.0000  5.654653e+01 -3.268932e+00  2.050380e+01
     79       2       3    0.0000  5.281278e+01 -1.523370e-01  2.048506e+01
     80       2       1   -1.0000  5.920646e+01 -2.396244e+00  2.290134e+01
     81       2       2    0.0000  5.832610e+01  1.240992e+00  2.303384e+01
     82       2       3    0.0000  5.350257e+01  1.673142e+00  2.348200e+01
     83       2       1   -1.0000  5.993366e+01  3.109358e+00  2.520883e+01
     84       2       2    0.0000  5.728641e+01  5.726345e+00  2.543103e+01
     85       2       4    0.0000  5.390614e+01  3.226333e+00  2.665506e+01
     86       2       1   -1.0000  5.784674e+01  8.799192e+00  2.771647e+01
     87       2       2    0.0000  5.419140e+01  9.529791e+00  2.820149e+01
     88       2       4    0.0000  5.294739e+01  5.587688e+00  2.964566e+01
     89       2       1   -1.0000  5.351995e+01  1.235570e+01  3.050540e+01
     90       2       2    0.0000  5.023490e+01  1.098313e+01  3.155060e+01
     91       2       6    0.0000  5.114227e+01  6.964396e+00  3.278042e+01
     92       2       1   -1.0000  4.765157e+01  1.315289e+01  3.435272e+01
     93       2       2    0.0000  4.577886e+01  1.011078e+01  3.550472e+01
     94       2       3    0.0000  4.904713e+01  6.607140e+00  3.633972e+01
     95       2       1   -1.0000  4.360502e+01  1.037142e+01  3.795674e+01
     96       2       2    0.0000  4.378701e+01  6.783654e+00  3.895535e+01
     97       2       4    0.0000  4.808047e+01  6.478698e+00  3.975930e+01
     98       2       1   -1.0000  4.157335e+01  5.512329e+00  4.186485e+01
     99       2       2    0.0000  4.379469e+01  2.607026e+00  4.273436e+01
    100       2       4    0.0000  4.753631e+01  4.816013e+00  4.327762e+01
    101       2       1   -1.0000  4.294376e+01  2.538170e-01  4.568747e+01
    102       2       2    0.0000  4.648816e+01 -8.565340e-01  4.626632e+01
    103       2       4    0.0000  4.831950e+01  3.094817e+00  4.672168e+01
    104       2       1   -1.0000  4.730420e+01 -3.487201e+00  4.942572e+01
    105       2       2    0.0000  5.082610e+01 -2.297353e+00  4.993064e+01
    106       2       3    0.0000  5.080941e+01  2.565941e+00  5.000365e+01
    107       2       1   -1.0000  5.226236e+01 -3.565980e+00  5.226242e+01
    108       2       2    0.0000  5.455985e+01 -7.066650e-01  5.277631e+01
    109       2       6    0.0000  5.199856e+01  2.715924e+00  5.323919e+01
    110       2       1   -1.0000  5.768481e+01 -1.007875e+00  5.583867e+01
    111       2       2    0.0000  5.805734e+01  2.698410e+00  5.630195e+01
    112       2       3    0.0000  5.358798e+01  4.597502e+00  5.657343e+01
    113       2       1   -1.0000  5.989484e+01  3.528975e+00  5.854768e+01
    114       2       2    0.0000  5.819521e+01  6.768743e+00  5.912720e+01
    115       2       6    0.0000  5.406723e+01  5.763257e+00  5.978574e+01
    116       2       1   -1.0000  6.023636e+01  9.354944e+00  6.244538e+01
    117       2       2    0.0000  5.711896e+01  1.119914e+01  6.312853e+01
    118       2       5    0.0000  5.325506e+01  8.076739e+00  6.336316e+01
    119       2       1   -1.0000  5.709983e+01  1.382456e+01  6.505480e+01
    120       2       2    0.0000  5.346595e+01  1.354252e+01  6.569309e+01
    121       2      14    0.0000  5.294082e+01  9.355106e+00  6.651688e+01
    122       3       2    0.0000  4.437487e+01  3.597504e+00  6.637537e+01
    123       3       9    0.0000  4.893249e+01  5.580073e+00  6.619454e+01
    124       3       1   -1.0000  4.213672e+01  4.682528e+00  6.427376e+01
    125       3       2    0.0000  4.408631e+01  7.731538e+00  6.350485e+01
    126       3       6    0.0000  4.807559e+01  6.226317e+00  6.294987e+01
    127       3       1   -1.0000  4.232834e+01  1.024530e+01  5.997576e+01
    128       3       2    0.0000  4.562668e+01  1.167172e+01  5.915747e+01
    129       3       5    0.0000  4.912148e+01  8.133612e+00  5.919813e+01
    130       3       1   -1.0000  4.621220e+01  1.388891e+01  5.680512e+01
    131       3       2    0.0000  4.989012e+01  1.322410e+01  5.639595e+01
    132       3       4    0.0000  4.971384e+01  8.881517e+00  5.586367e+01
    133       3       1   -1.0000  5.153144e+01  1.534233e+01  5.291680e+01
    134       3       2    0.0000  5.412604e+01  1.276750e+01  5.224604e+01
    135       3       5    0.0000  5.224619e+01  8.166679e+00  5.243355e+01
    136       3       1   -1.0000  5.644576e+01  1.300663e+01  4.993266e+01
    137       3       2    0.0000  5.728970e+01  9.350558e+00  4.969116e+01
    138       3       4    0.0000  5.323987e+01  7.780967e+00  4.913332e+01
    139       3       1   -1.0000  5.998721e+01  8.208402e+00  4.669397e+01
    140       3       2    0.0000  5.857015e+01  4.758886e+00  4.628568e+01
    141       3       3    0.0000  5.372852e+01  5.112253e+00  4.598866e+01
    142       3       1   -1.0000  6.002930e+01  2.286424e+00  4.396848e+01
    143       3       2    0.0000  5.688381e+01  2.835300e-01  4.362222e+01
    144       3       3    0.0000  5.315230e+01  3.328208e+00  4.294231e+01
    145       3       1   -1.0000  5.678255e+01 -2.704672e+00  4.146029e+01
    146       3       2    0.0000  5.308321e+01 -2.560742e+00  4.089655e+01
    147       3       3    0.0000  5.182699e+01  2.027694e+00  3.988505e+01
    148       3       1   -1.0000  5.179415e+01 -4.688712e+00  3.874772e+01
    149       3       2    0.0000  4.877786e+01 -2.629019e+00  3.799683e+01
    150       3       4    0.0000  5.073654e+01  1.046862e+00  3.664574e+01
    151       3       1   -1.0000  4.626024e+01 -4.495463e+00  3.492089e+01
    152       3       2    0.0000  4.495890e+01 -1.254971e+00  3.364980e+01
    153       3       5    0.0000  4.860000e+01  2.076032e+00  3.303110e+01
    154       3       1   -1.0000  4.213736e+01 -9.495270e-01  3.122085e+01
    155       3       2    0.0000  4.303037e+01  2.511425e+00  3.012001e+01
    156       3       3    0.0000  4.786731e+01  2.749266e+00  2.966943e+01
    157       3       1   -1.0000  4.119462e+01  4.152330e+00  2.737226e+01
    158       3       2    0.0000  4.401765e+01  6.419888e+00  2.641684e+01
    159       3       3    0.0000  4.813104e+01  3.828543e+00  2.626924e+01
    160       3       1   -1.0000  4.363301e+01  8.266720e+00  2.372450e+01
    161       3       2    0.0000  4.728102e+01  8.691382e+00  2.307958e+01
    162       3       4    0.0000  4.845353e+01  4.482448e+00  2.278894e+01
    163       3       1   -1.0000  4.843628e+01  1.083335e+01  2.007554e+01
    164       3       2    0.0000  5.177759e+01  9.147248e+00  1.972847e+01
    165       3       4    0.0000  5.036675e+01  5.014944e+00  1.939863e+01
    166       3       1   -1.0000  5.433637e+01  1.032686e+01  1.662549e+01
    167       3       2    0.0000  5.606005e+01  7.006048e+00  1.635299e+01
    168       3       3    0.0000  5.267192e+01  3.517355e+00  1.628531e+01
    169       3       1   -1.0000  5.807950e+01  6.814569e+00  1.411790e+01
    170       3       2    0.0000  5.776483e+01  3.141521e+00  1.375874e+01
    171       3       6    0.0000  5.356979e+01  2.435017e+00  1.313419e+01
    172       3       1   -1.0000  6.035709e+01  1.049942e+00  1.090580e+01
    173       3       2    0.0000  5.807052e+01 -1.894950e+00  1.047317e+01
    174       3       3    0.0000  5.355615e+01 -1.743700e-01  9.912971e+00
    175       3       1   -1.0000  5.879185e+01 -4.199275e+00  8.242090e+00
    176       3       2    0.0000  5.528311e+01 -5.397925e+00  7.845024e+00
    177       3       4    0.0000  5.336742e+01 -1.637466e+00  6.677687e+00
    178       3       1   -1.0000  5.497447e+01 -8.534758e+00  4.787556e+00
    179       3       2    0.0000  5.148482e+01 -7.653105e+00  3.862958e+00
    180       3       5    0.0000  5.091486e+01 -2.745134e+00  3.294292e+00
    181       3       1   -1.0000  4.964096e+01 -9.317209e+00  1.713019e+00
    182       3       2    0.0000  4.715188e+01 -6.596525e+00  9.779680e-01
    183       3      12    0.0000  4.996435e+01 -3.380030e+00  1.981600e-02
