Atoms

	1	1	2	0.000000	-2.789750	6.611468	-0.768648
	2	1	7	0.000000	-0.440158	2.425299	0.012213
	3	1	1	-0.600000	-4.733109	7.366864	1.413629
	4	1	2	0.000000	-5.388392	3.868585	2.439399
	5	1	6	0.000000	-1.513911	2.206975	3.284253
	6	1	1	-0.600000	-8.369739	3.086495	5.559634
	7	1	2	0.000000	-6.929943	-0.228038	6.574417
	8	1	3	0.000000	-2.109305	0.314007	6.923878
	9	1	1	-0.600000	-8.178015	-1.817133	9.166918
	10	1	2	0.000000	-5.100714	-3.805392	9.860574
	11	1	4	0.000000	-2.233680	-0.535825	10.374564
	12	1	1	-0.600000	-5.554647	-6.305540	13.442287
	13	1	2	0.000000	-1.934382	-6.222168	14.277015
	14	1	5	0.000000	-0.077278	-1.619212	13.961562
	15	1	1	-0.600000	-0.541774	-7.895408	16.737257
	16	1	2	0.000000	2.593025	-5.840299	17.028375
	17	1	4	0.000000	0.752120	-1.878269	17.319047
	18	1	1	-0.600000	5.185045	-6.751134	20.193690
	19	1	2	0.000000	6.546527	-3.268932	20.503799
	20	1	3	0.000000	2.812780	-0.152337	20.485064
	21	1	1	-0.600000	9.206460	-2.396244	22.901344
	22	1	2	0.000000	8.326102	1.240992	23.033838
	23	1	3	0.000000	3.502567	1.673142	23.481999
	24	1	1	-0.600000	9.933665	3.109358	25.208834
	25	1	2	0.000000	7.286415	5.726345	25.431028
	26	1	4	0.000000	3.906138	3.226333	26.655059
	27	1	1	-0.600000	7.846743	8.799192	27.716470
	28	1	2	0.000000	4.191401	9.529791	28.201491
	29	1	4	0.000000	2.947387	5.587688	29.645656
	30	1	1	-0.600000	3.519947	12.355700	30.505398
	31	1	2	0.000000	0.234900	10.983128	31.550596
	32	1	6	0.000000	1.142274	6.964396	32.780419
	33	1	1	-0.600000	-2.348434	13.152895	34.352720
	34	1	2	0.000000	-4.221142	10.110775	35.504716
	35	1	3	0.000000	-0.952870	6.607140	36.339721
	36	1	1	-0.600000	-6.394977	10.371415	37.956739
	37	1	2	0.000000	-6.212992	6.783654	38.955349
	38	1	4	0.000000	-1.919527	6.478698	39.759301
	39	1	1	-0.600000	-8.426646	5.512329	41.864854
	40	1	2	0.000000	-6.205313	2.607026	42.734362
	41	1	4	0.000000	-2.463693	4.816013	43.277623
	42	1	1	-0.600000	-7.056242	0.253817	45.687474
	43	1	2	0.000000	-3.511836	-0.856534	46.266316
	44	1	4	0.000000	-1.680501	3.094817	46.721682
	45	1	1	-0.600000	-2.695800	-3.487201	49.425723
	46	1	2	0.000000	0.826096	-2.297353	49.930639
	47	1	3	0.000000	0.809406	2.565941	50.003648
	48	1	1	-0.600000	2.262364	-3.565980	52.262417
	49	1	2	0.000000	4.559855	-0.706665	52.776313
	50	1	6	0.000000	1.998560	2.715924	53.239192
	51	1	1	-0.600000	7.684812	-1.007875	55.838673
	52	1	2	0.000000	8.057345	2.698410	56.301949
	53	1	3	0.000000	3.587983	4.597502	56.573431
	54	1	1	-0.600000	9.894844	3.528975	58.547679
	55	1	2	0.000000	8.195213	6.768743	59.127201
	56	1	6	0.000000	4.067231	5.763257	59.785739
	57	1	1	-0.600000	10.236355	9.354944	62.445384
	58	1	2	0.000000	7.118961	11.199144	63.128527
	59	1	5	0.000000	3.255056	8.076739	63.363156
	60	1	1	-0.600000	7.099834	13.824565	65.054803
	61	1	2	0.000000	3.465951	13.542525	65.693088
	62	1	14	0.000000	2.940816	9.355106	66.516882
	63	2	2	0.000000	-5.625129	3.597504	66.375367
	64	2	9	0.000000	-1.067514	5.580073	66.194538
	65	2	1	-0.600000	-7.863276	4.682528	64.273763
	66	2	2	0.000000	-5.913685	7.731538	63.504851
	67	2	6	0.000000	-1.924414	6.226317	62.949870
	68	2	1	-0.600000	-7.671660	10.245302	59.975763
	69	2	2	0.000000	-4.373319	11.671722	59.157466
	70	2	5	0.000000	-0.878520	8.133612	59.198134
	71	2	1	-0.600000	-3.787804	13.888911	56.805123
	72	2	2	0.000000	-0.109877	13.224096	56.395949
	73	2	4	0.000000	-0.286164	8.881517	55.863666
	74	2	1	-0.600000	1.531442	15.342331	52.916800
	75	2	2	0.000000	4.126044	12.767497	52.246040
	76	2	5	0.000000	2.246193	8.166679	52.433554
	77	2	1	-0.600000	6.445757	13.006626	49.932661
	78	2	2	0.000000	7.289705	9.350558	49.691159
	79	2	4	0.000000	3.239875	7.780967	49.133320
	80	2	1	-0.600000	9.987207	8.208402	46.693973
	81	2	2	0.000000	8.570150	4.758886	46.285684
	82	2	3	0.000000	3.728520	5.112253	45.988661
	83	2	1	-0.600000	10.029296	2.286424	43.968477
	84	2	2	0.000000	6.883810	0.283530	43.622222
	85	2	3	0.000000	3.152295	3.328208	42.942310
	86	2	1	-0.600000	6.782549	-2.704672	41.460287
	87	2	2	0.000000	3.083211	-2.560742	40.896550
	88	2	3	0.000000	1.826986	2.027694	39.885050
	89	2	1	-0.600000	1.794148	-4.688712	38.747721
	90	2	2	0.000000	-1.222142	-2.629019	37.996825
	91	2	4	0.000000	0.736536	1.046862	36.645737
	92	2	1	-0.600000	-3.739756	-4.495463	34.920888
	93	2	2	0.000000	-5.041101	-1.254971	33.649803
	94	2	5	0.000000	-1.399999	2.076032	33.031099
	95	2	1	-0.600000	-7.862637	-0.949527	31.220851
	96	2	2	0.000000	-6.969626	2.511425	30.120010
	97	2	3	0.000000	-2.132690	2.749266	29.669430
	98	2	1	-0.600000	-8.805382	4.152330	27.372261
	99	2	2	0.000000	-5.982352	6.419888	26.416841
	100	2	3	0.000000	-1.868960	3.828543	26.269244
	101	2	1	-0.600000	-6.366994	8.266720	23.724501
	102	2	2	0.000000	-2.718981	8.691382	23.079576
	103	2	4	0.000000	-1.546471	4.482448	22.788945
	104	2	1	-0.600000	-1.563724	10.833350	20.075537
	105	2	2	0.000000	1.777593	9.147248	19.728468
	106	2	4	0.000000	0.366750	5.014944	19.398631
	107	2	1	-0.600000	4.336371	10.326862	16.625489
	108	2	2	0.000000	6.060047	7.006048	16.352993
	109	2	3	0.000000	2.671917	3.517355	16.285306
	110	2	1	-0.600000	8.079502	6.814569	14.117902
	111	2	2	0.000000	7.764834	3.141521	13.758744
	112	2	6	0.000000	3.569795	2.435017	13.134187
	113	2	1	-0.600000	10.357093	1.049942	10.905800
	114	2	2	0.000000	8.070517	-1.894950	10.473166
	115	2	3	0.000000	3.556148	-0.174370	9.912971
	116	2	1	-0.600000	8.791845	-4.199275	8.242090
	117	2	2	0.000000	5.283107	-5.397925	7.845024
	118	2	4	0.000000	3.367419	-1.637466	6.677687
	119	2	1	-0.600000	4.974467	-8.534758	4.787556
	120	2	2	0.000000	1.484818	-7.653105	3.862958
	121	2	5	0.000000	0.914862	-2.745134	3.294292
	122	2	1	-0.600000	-0.359040	-9.317209	1.713019
	123	2	2	0.000000	-2.848118	-6.596525	0.977968
	124	2	12	0.000000	-0.035655	-3.380030	0.019816
