Angles

1	3	2	1	3
2	1	1	3	4
3	10	3	4	5
4	2	3	4	6
5	6	5	4	6
6	1	4	6	7
7	7	6	7	8
8	2	6	7	9
9	3	8	7	9
10	1	7	9	10
11	8	9	10	11
12	2	9	10	12
13	4	11	10	12
14	1	10	12	13
15	9	12	13	14
16	2	12	13	15
17	5	14	13	15
18	1	13	15	16
19	8	15	16	17
20	2	15	16	18
21	4	17	16	18
22	1	16	18	19
23	7	18	19	20
24	2	18	19	21
25	3	20	19	21
26	1	19	21	22
27	7	21	22	23
28	2	21	22	24
29	3	23	22	24
30	1	22	24	25
31	8	24	25	26
32	2	24	25	27
33	4	26	25	27
34	1	25	27	28
35	8	27	28	29
36	2	27	28	30
37	4	29	28	30
38	1	28	30	31
39	10	30	31	32
40	2	30	31	33
41	6	32	31	33
42	1	31	33	34
43	7	33	34	35
44	2	33	34	36
45	3	35	34	36
46	1	34	36	37
47	8	36	37	38
48	2	36	37	39
49	4	38	37	39
50	1	37	39	40
51	8	39	40	41
52	2	39	40	42
53	4	41	40	42
54	1	40	42	43
55	8	42	43	44
56	2	42	43	45
57	4	44	43	45
58	1	43	45	46
59	7	45	46	47
60	2	45	46	48
61	3	47	46	48
62	1	46	48	49
63	10	48	49	50
64	2	48	49	51
65	6	50	49	51
66	1	49	51	52
67	7	51	52	53
68	2	51	52	54
69	3	53	52	54
70	1	52	54	55
71	10	54	55	56
72	2	54	55	57
73	6	56	55	57
74	1	55	57	58
75	9	57	58	59
76	2	57	58	60
77	5	59	58	60
78	1	58	60	61
79	10	60	61	62
80	14	1	2	5
81	23	4	5	8
82	12	7	8	11
83	17	10	11	14
84	20	13	14	17
85	15	16	17	20
86	11	19	20	23
87	12	22	23	26
88	16	25	26	29
89	18	28	29	32
90	23	31	32	35
91	12	34	35	38
92	16	37	38	41
93	16	40	41	44
94	15	43	44	47
95	14	46	47	50
96	23	49	50	53
97	14	52	53	56
98	25	55	56	59
99	22	58	59	62
100	5	64	63	65
101	1	63	65	66
102	10	65	66	67
103	2	65	66	68
104	6	67	66	68
105	1	66	68	69
106	9	68	69	70
107	2	68	69	71
108	5	70	69	71
109	1	69	71	72
110	8	71	72	73
111	2	71	72	74
112	4	73	72	74
113	1	72	74	75
114	9	74	75	76
115	2	74	75	77
116	5	76	75	77
117	1	75	77	78
118	8	77	78	79
119	2	77	78	80
120	4	79	78	80
121	1	78	80	81
122	7	80	81	82
123	2	80	81	83
124	3	82	81	83
125	1	81	83	84
126	7	83	84	85
127	2	83	84	86
128	3	85	84	86
129	1	84	86	87
130	7	86	87	88
131	2	86	87	89
132	3	88	87	89
133	1	87	89	90
134	8	89	90	91
135	2	89	90	92
136	4	91	90	92
137	1	90	92	93
138	9	92	93	94
139	2	92	93	95
140	5	94	93	95
141	1	93	95	96
142	7	95	96	97
143	2	95	96	98
144	3	97	96	98
145	1	96	98	99
146	7	98	99	100
147	2	98	99	101
148	3	100	99	101
149	1	99	101	102
150	8	101	102	103
151	2	101	102	104
152	4	103	102	104
153	1	102	104	105
154	8	104	105	106
155	2	104	105	107
156	4	106	105	107
157	1	105	107	108
158	7	107	108	109
159	2	107	108	110
160	3	109	108	110
161	1	108	110	111
162	10	110	111	112
163	2	110	111	113
164	6	112	111	113
165	1	111	113	114
166	7	113	114	115
167	2	113	114	116
168	3	115	114	116
169	1	114	116	117
170	8	116	117	118
171	2	116	117	119
172	4	118	117	119
173	1	117	119	120
174	9	119	120	121
175	2	119	120	122
176	5	121	120	122
177	1	120	122	123
178	8	122	123	124
179	22	63	64	67
180	25	66	67	70
181	20	69	70	73
182	17	72	73	76
183	20	75	76	79
184	15	78	79	82
185	11	81	82	85
186	11	84	85	88
187	12	87	88	91
188	17	90	91	94
189	19	93	94	97
190	11	96	97	100
191	12	99	100	103
192	16	102	103	106
193	15	105	106	109
194	14	108	109	112
195	23	111	112	115
196	12	114	115	118
197	17	117	118	121
198	20	120	121	124
