Bonds

1	3	1	2
2	2	1	3
3	1	3	4
4	6	4	5
5	2	4	6
6	1	6	7
7	3	7	8
8	2	7	9
9	1	9	10
10	4	10	11
11	2	10	12
12	1	12	13
13	5	13	14
14	2	13	15
15	1	15	16
16	4	16	17
17	2	16	18
18	1	18	19
19	3	19	20
20	2	19	21
21	1	21	22
22	3	22	23
23	2	22	24
24	1	24	25
25	4	25	26
26	2	25	27
27	1	27	28
28	4	28	29
29	2	28	30
30	1	30	31
31	6	31	32
32	2	31	33
33	1	33	34
34	3	34	35
35	2	34	36
36	1	36	37
37	4	37	38
38	2	37	39
39	1	39	40
40	4	40	41
41	2	40	42
42	1	42	43
43	4	43	44
44	2	43	45
45	1	45	46
46	3	46	47
47	2	46	48
48	1	48	49
49	6	49	50
50	2	49	51
51	1	51	52
52	3	52	53
53	2	52	54
54	1	54	55
55	6	55	56
56	2	55	57
57	1	57	58
58	5	58	59
59	2	58	60
60	1	60	61
61	6	61	62
62	5	63	64
63	2	63	65
64	1	65	66
65	6	66	67
66	2	66	68
67	1	68	69
68	5	69	70
69	2	69	71
70	1	71	72
71	4	72	73
72	2	72	74
73	1	74	75
74	5	75	76
75	2	75	77
76	1	77	78
77	4	78	79
78	2	78	80
79	1	80	81
80	3	81	82
81	2	81	83
82	1	83	84
83	3	84	85
84	2	84	86
85	1	86	87
86	3	87	88
87	2	87	89
88	1	89	90
89	4	90	91
90	2	90	92
91	1	92	93
92	5	93	94
93	2	93	95
94	1	95	96
95	3	96	97
96	2	96	98
97	1	98	99
98	3	99	100
99	2	99	101
100	1	101	102
101	4	102	103
102	2	102	104
103	1	104	105
104	4	105	106
105	2	105	107
106	1	107	108
107	3	108	109
108	2	108	110
109	1	110	111
110	6	111	112
111	2	111	113
112	1	113	114
113	3	114	115
114	2	114	116
115	1	116	117
116	4	117	118
117	2	117	119
118	1	119	120
119	5	120	121
120	2	120	122
121	1	122	123
122	4	123	124
