1	2	4.863572	0.143403	0.000000	14.340344
1	3	3.018211	0.143403	0.000000	14.340344
3	4	3.703992	0.143403	0.000000	14.340344
4	5	4.299573	0.143403	0.000000	14.340344
4	6	4.385882	0.143403	0.000000	14.340344
6	7	3.753522	0.143403	0.000000	14.340344
7	8	4.863588	0.143403	0.000000	14.340344
7	9	3.286939	0.143403	0.000000	14.340344
9	10	3.728822	0.143403	0.000000	14.340344
10	11	4.378828	0.143403	0.000000	14.340344
10	12	4.391522	0.143403	0.000000	14.340344
12	13	3.716186	0.143403	0.000000	14.340344
13	14	4.973485	0.143403	0.000000	14.340344
13	15	3.285100	0.143403	0.000000	14.340344
15	16	3.759679	0.143403	0.000000	14.340344
16	17	4.378482	0.143403	0.000000	14.340344
16	18	4.191349	0.143403	0.000000	14.340344
18	19	3.751737	0.143403	0.000000	14.340344
19	20	4.863577	0.143403	0.000000	14.340344
19	21	3.685790	0.143403	0.000000	14.340344
21	22	3.744606	0.143403	0.000000	14.340344
22	23	4.863547	0.143403	0.000000	14.340344
22	24	3.287196	0.143403	0.000000	14.340344
24	25	3.729065	0.143403	0.000000	14.340344
25	26	4.378879	0.143403	0.000000	14.340344
25	27	3.870349	0.143403	0.000000	14.340344
27	28	3.759062	0.143403	0.000000	14.340344
28	29	4.378739	0.143403	0.000000	14.340344
28	30	3.707371	0.143403	0.000000	14.340344
30	31	3.710516	0.143403	0.000000	14.340344
31	32	4.299535	0.143403	0.000000	14.340344
31	33	4.385590	0.143403	0.000000	14.340344
33	34	3.753482	0.143403	0.000000	14.340344
34	35	4.863568	0.143403	0.000000	14.340344
34	36	3.287234	0.143403	0.000000	14.340344
36	37	3.728588	0.143403	0.000000	14.340344
37	38	4.378719	0.143403	0.000000	14.340344
37	39	3.870627	0.143403	0.000000	14.340344
39	40	3.759142	0.143403	0.000000	14.340344
40	41	4.378867	0.143403	0.000000	14.340344
40	42	3.870729	0.143403	0.000000	14.340344
42	43	3.759089	0.143403	0.000000	14.340344
43	44	4.378849	0.143403	0.000000	14.340344
43	45	4.191441	0.143403	0.000000	14.340344
45	46	3.751590	0.143403	0.000000	14.340344
46	47	4.863871	0.143403	0.000000	14.340344
46	48	3.018190	0.143403	0.000000	14.340344
48	49	3.703814	0.143403	0.000000	14.340344
49	50	4.299838	0.143403	0.000000	14.340344
49	51	4.385674	0.143403	0.000000	14.340344
51	52	3.753659	0.143403	0.000000	14.340344
52	53	4.863687	0.143403	0.000000	14.340344
52	54	3.018202	0.143403	0.000000	14.340344
54	55	3.704145	0.143403	0.000000	14.340344
55	56	4.299408	0.143403	0.000000	14.340344
55	57	4.676006	0.143403	0.000000	14.340344
57	58	3.685906	0.143403	0.000000	14.340344
58	59	4.973352	0.143403	0.000000	14.340344
58	60	3.256339	0.143403	0.000000	14.340344
60	61	3.700278	0.143403	0.000000	14.340344
61	62	4.299870	0.143403	0.000000	14.340344
63	64	4.973443	0.143403	0.000000	14.340344
63	65	3.256274	0.143403	0.000000	14.340344
65	66	3.699810	0.143403	0.000000	14.340344
66	67	4.299765	0.143403	0.000000	14.340344
66	68	4.675890	0.143403	0.000000	14.340344
68	69	3.685558	0.143403	0.000000	14.340344
69	70	4.973278	0.143403	0.000000	14.340344
69	71	3.285159	0.143403	0.000000	14.340344
71	72	3.759860	0.143403	0.000000	14.340344
72	73	4.378629	0.143403	0.000000	14.340344
72	74	4.391506	0.143403	0.000000	14.340344
74	75	3.716403	0.143403	0.000000	14.340344
75	76	4.973583	0.143403	0.000000	14.340344
75	77	3.284810	0.143403	0.000000	14.340344
77	78	3.759974	0.143403	0.000000	14.340344
78	79	4.379032	0.143403	0.000000	14.340344
78	80	4.190962	0.143403	0.000000	14.340344
80	81	3.751521	0.143403	0.000000	14.340344
81	82	4.863586	0.143403	0.000000	14.340344
81	83	3.689393	0.143403	0.000000	14.340344
83	84	3.745071	0.143403	0.000000	14.340344
84	85	4.863800	0.143403	0.000000	14.340344
84	86	3.689657	0.143403	0.000000	14.340344
86	87	3.744812	0.143403	0.000000	14.340344
87	88	4.863638	0.143403	0.000000	14.340344
87	89	3.287462	0.143403	0.000000	14.340344
89	90	3.728832	0.143403	0.000000	14.340344
90	91	4.378808	0.143403	0.000000	14.340344
90	92	4.391285	0.143403	0.000000	14.340344
92	93	3.716173	0.143403	0.000000	14.340344
93	94	4.973530	0.143403	0.000000	14.340344
93	95	3.735528	0.143403	0.000000	14.340344
95	96	3.739988	0.143403	0.000000	14.340344
96	97	4.863696	0.143403	0.000000	14.340344
96	98	3.689538	0.143403	0.000000	14.340344
98	99	3.744883	0.143403	0.000000	14.340344
99	100	4.863831	0.143403	0.000000	14.340344
99	101	3.287466	0.143403	0.000000	14.340344
101	102	3.728842	0.143403	0.000000	14.340344
102	103	4.378855	0.143403	0.000000	14.340344
102	104	3.866122	0.143403	0.000000	14.340344
104	105	3.758696	0.143403	0.000000	14.340344
105	106	4.378950	0.143403	0.000000	14.340344
105	107	4.191338	0.143403	0.000000	14.340344
107	108	3.751416	0.143403	0.000000	14.340344
108	109	4.863639	0.143403	0.000000	14.340344
108	110	3.018360	0.143403	0.000000	14.340344
110	111	3.703956	0.143403	0.000000	14.340344
111	112	4.299718	0.143403	0.000000	14.340344
111	113	4.385636	0.143403	0.000000	14.340344
113	114	3.753397	0.143403	0.000000	14.340344
114	115	4.863511	0.143403	0.000000	14.340344
114	116	3.287541	0.143403	0.000000	14.340344
116	117	3.729030	0.143403	0.000000	14.340344
117	118	4.378766	0.143403	0.000000	14.340344
117	119	4.391252	0.143403	0.000000	14.340344
119	120	3.716160	0.143403	0.000000	14.340344
120	121	4.973571	0.143403	0.000000	14.340344
120	122	3.285010	0.143403	0.000000	14.340344
122	123	3.760044	0.143403	0.000000	14.340344
123	124	4.378795	0.143403	0.000000	14.340344
