2	1	3	4	-207.852331	0.478011	1.673040	0.300000	1
1	3	4	5	-125.211760	0.478011	1.673040	0.300000	1
1	3	4	6	-356.304842	0.478011	1.673040	0.300000	2
3	4	6	7	-336.387350	0.478011	1.673040	0.300000	2
5	4	6	7	-211.609028	0.478011	1.673040	0.300000	1
4	6	7	8	-134.808289	0.478011	1.673040	0.300000	1
4	6	7	9	-5.726124	0.478011	1.673040	0.300000	2
6	7	9	10	-336.312534	0.478011	1.673040	0.300000	2
8	7	9	10	-209.248365	0.478011	1.673040	0.300000	1
7	9	10	11	-122.787810	0.478011	1.673040	0.300000	1
7	9	10	12	-2.823707	0.478011	1.673040	0.300000	2
9	10	12	13	-330.672496	0.478011	1.673040	0.300000	2
11	10	12	13	-219.285484	0.478011	1.673040	0.300000	1
10	12	13	14	-133.942728	0.478011	1.673040	0.300000	1
10	12	13	15	-355.461778	0.478011	1.673040	0.300000	2
12	13	15	16	-340.154759	0.478011	1.673040	0.300000	2
14	13	15	16	-201.467599	0.478011	1.673040	0.300000	1
13	15	16	17	-128.439246	0.478011	1.673040	0.300000	1
13	15	16	18	-5.828067	0.478011	1.673040	0.300000	2
15	16	18	19	-331.226013	0.478011	1.673040	0.300000	2
17	16	18	19	-216.959881	0.478011	1.673040	0.300000	1
16	18	19	20	-132.923913	0.478011	1.673040	0.300000	1
16	18	19	21	-357.182821	0.478011	1.673040	0.300000	2
18	19	21	22	-336.963834	0.478011	1.673040	0.300000	2
20	19	21	22	-203.362924	0.478011	1.673040	0.300000	1
19	21	22	23	-134.547290	0.478011	1.673040	0.300000	1
19	21	22	24	-6.120501	0.478011	1.673040	0.300000	2
21	22	24	25	-336.185610	0.478011	1.673040	0.300000	2
23	22	24	25	-209.253188	0.478011	1.673040	0.300000	1
22	24	25	26	-122.789966	0.478011	1.673040	0.300000	1
22	24	25	27	-358.847812	0.478011	1.673040	0.300000	2
24	25	27	28	-335.535363	0.478011	1.673040	0.300000	2
26	25	27	28	-218.776053	0.478011	1.673040	0.300000	1
25	27	28	29	-125.622264	0.478011	1.673040	0.300000	1
25	27	28	30	-2.993717	0.478011	1.673040	0.300000	2
27	28	30	31	-331.652984	0.478011	1.673040	0.300000	2
29	28	30	31	-219.027382	0.478011	1.673040	0.300000	1
28	30	31	32	-127.167095	0.478011	1.673040	0.300000	1
28	30	31	33	-357.660114	0.478011	1.673040	0.300000	2
30	31	33	34	-336.629931	0.478011	1.673040	0.300000	2
32	31	33	34	-211.604253	0.478011	1.673040	0.300000	1
31	33	34	35	-134.811621	0.478011	1.673040	0.300000	1
31	33	34	36	-5.730289	0.478011	1.673040	0.300000	2
33	34	36	37	-336.317290	0.478011	1.673040	0.300000	2
35	34	36	37	-209.248255	0.478011	1.673040	0.300000	1
34	36	37	38	-122.786663	0.478011	1.673040	0.300000	1
34	36	37	39	-358.854515	0.478011	1.673040	0.300000	2
36	37	39	40	-335.534610	0.478011	1.673040	0.300000	2
38	37	39	40	-218.782719	0.478011	1.673040	0.300000	1
37	39	40	41	-125.619209	0.478011	1.673040	0.300000	1
37	39	40	42	-1.600637	0.478011	1.673040	0.300000	2
39	40	42	43	-335.278769	0.478011	1.673040	0.300000	2
41	40	42	43	-218.776309	0.478011	1.673040	0.300000	1
40	42	43	44	-125.625953	0.478011	1.673040	0.300000	1
40	42	43	45	-2.233456	0.478011	1.673040	0.300000	2
42	43	45	46	-332.220214	0.478011	1.673040	0.300000	2
44	43	45	46	-216.955864	0.478011	1.673040	0.300000	1
43	45	46	47	-132.924802	0.478011	1.673040	0.300000	1
43	45	46	48	-3.959786	0.478011	1.673040	0.300000	2
45	46	48	49	-333.864711	0.478011	1.673040	0.300000	2
47	46	48	49	-207.857336	0.478011	1.673040	0.300000	1
46	48	49	50	-125.213471	0.478011	1.673040	0.300000	1
46	48	49	51	-356.293736	0.478011	1.673040	0.300000	2
48	49	51	52	-336.383635	0.478011	1.673040	0.300000	2
50	49	51	52	-211.595539	0.478011	1.673040	0.300000	1
49	51	52	53	-134.817757	0.478011	1.673040	0.300000	1
49	51	52	54	-6.270035	0.478011	1.673040	0.300000	2
51	52	54	55	-332.983295	0.478011	1.673040	0.300000	2
53	52	54	55	-207.851848	0.478011	1.673040	0.300000	1
52	54	55	56	-125.214880	0.478011	1.673040	0.300000	1
52	54	55	57	-357.539650	0.478011	1.673040	0.300000	2
54	55	57	58	-336.069195	0.478011	1.673040	0.300000	2
56	55	57	58	-214.387352	0.478011	1.673040	0.300000	1
55	57	58	59	-135.453176	0.478011	1.673040	0.300000	1
55	57	58	60	-350.455590	0.478011	1.673040	0.300000	2
57	58	60	61	-339.511127	0.478011	1.673040	0.300000	2
59	58	60	61	-197.080020	0.478011	1.673040	0.300000	1
58	60	61	62	-134.483814	0.478011	1.673040	0.300000	1
64	63	65	66	-197.080549	0.478011	1.673040	0.300000	1
63	65	66	67	-134.482146	0.478011	1.673040	0.300000	1
63	65	66	68	-7.947070	0.478011	1.673040	0.300000	2
65	66	68	69	-333.787632	0.478011	1.673040	0.300000	2
67	66	68	69	-214.381919	0.478011	1.673040	0.300000	1
66	68	69	70	-135.451740	0.478011	1.673040	0.300000	1
66	68	69	71	-357.697093	0.478011	1.673040	0.300000	2
68	69	71	72	-339.028140	0.478011	1.673040	0.300000	2
70	69	71	72	-201.465866	0.478011	1.673040	0.300000	1
69	71	72	73	-128.442943	0.478011	1.673040	0.300000	1
69	71	72	74	-9.030096	0.478011	1.673040	0.300000	2
71	72	74	75	-329.476804	0.478011	1.673040	0.300000	2
73	72	74	75	-219.282768	0.478011	1.673040	0.300000	1
72	74	75	76	-133.950243	0.478011	1.673040	0.300000	1
72	74	75	77	-355.457587	0.478011	1.673040	0.300000	2
74	75	77	78	-340.165678	0.478011	1.673040	0.300000	2
76	75	77	78	-201.472475	0.478011	1.673040	0.300000	1
75	77	78	79	-128.441879	0.478011	1.673040	0.300000	1
75	77	78	80	-5.834851	0.478011	1.673040	0.300000	2
77	78	80	81	-331.217401	0.478011	1.673040	0.300000	2
79	78	80	81	-216.955805	0.478011	1.673040	0.300000	1
78	80	81	82	-132.924203	0.478011	1.673040	0.300000	1
78	80	81	83	-357.279456	0.478011	1.673040	0.300000	2
80	81	83	84	-336.849872	0.478011	1.673040	0.300000	2
82	81	83	84	-203.330419	0.478011	1.673040	0.300000	1
81	83	84	85	-134.604639	0.478011	1.673040	0.300000	1
81	83	84	86	-0.295303	0.478011	1.673040	0.300000	2
83	84	86	87	-335.555377	0.478011	1.673040	0.300000	2
85	84	86	87	-203.326343	0.478011	1.673040	0.300000	1
84	86	87	88	-134.604844	0.478011	1.673040	0.300000	1
84	86	87	89	-6.167063	0.478011	1.673040	0.300000	2
86	87	89	90	-336.194139	0.478011	1.673040	0.300000	2
88	87	89	90	-209.247578	0.478011	1.673040	0.300000	1
87	89	90	91	-122.794867	0.478011	1.673040	0.300000	1
87	89	90	92	-2.824073	0.478011	1.673040	0.300000	2
89	90	92	93	-330.676801	0.478011	1.673040	0.300000	2
91	90	92	93	-219.287250	0.478011	1.673040	0.300000	1
90	92	93	94	-133.942602	0.478011	1.673040	0.300000	1
90	92	93	95	-349.890130	0.478011	1.673040	0.300000	2
92	93	95	96	-339.773062	0.478011	1.673040	0.300000	2
94	93	95	96	-196.649278	0.478011	1.673040	0.300000	1
93	95	96	97	-138.905750	0.478011	1.673040	0.300000	1
93	95	96	98	-5.347241	0.478011	1.673040	0.300000	2
95	96	98	99	-334.458741	0.478011	1.673040	0.300000	2
97	96	98	99	-203.327540	0.478011	1.673040	0.300000	1
96	98	99	100	-134.606937	0.478011	1.673040	0.300000	1
96	98	99	101	-6.174965	0.478011	1.673040	0.300000	2
98	99	101	102	-336.194328	0.478011	1.673040	0.300000	2
100	99	101	102	-209.253636	0.478011	1.673040	0.300000	1
99	101	102	103	-122.782633	0.478011	1.673040	0.300000	1
99	101	102	104	-358.754252	0.478011	1.673040	0.300000	2
101	102	104	105	-335.637689	0.478011	1.673040	0.300000	2
103	102	104	105	-218.816282	0.478011	1.673040	0.300000	1
102	104	105	106	-125.569218	0.478011	1.673040	0.300000	1
102	104	105	107	-2.184142	0.478011	1.673040	0.300000	2
104	105	107	108	-332.216125	0.478011	1.673040	0.300000	2
106	105	107	108	-216.959647	0.478011	1.673040	0.300000	1
105	107	108	109	-132.919633	0.478011	1.673040	0.300000	1
105	107	108	110	-3.961604	0.478011	1.673040	0.300000	2
107	108	110	111	-333.862754	0.478011	1.673040	0.300000	2
109	108	110	111	-207.862162	0.478011	1.673040	0.300000	1
108	110	111	112	-125.206741	0.478011	1.673040	0.300000	1
108	110	111	113	-356.299733	0.478011	1.673040	0.300000	2
110	111	113	114	-336.387087	0.478011	1.673040	0.300000	2
112	111	113	114	-211.609948	0.478011	1.673040	0.300000	1
111	113	114	115	-134.801813	0.478011	1.673040	0.300000	1
111	113	114	116	-5.730610	0.478011	1.673040	0.300000	2
113	114	116	117	-336.310696	0.478011	1.673040	0.300000	2
115	114	116	117	-209.255804	0.478011	1.673040	0.300000	1
114	116	117	118	-122.787027	0.478011	1.673040	0.300000	1
114	116	117	119	-2.822485	0.478011	1.673040	0.300000	2
116	117	119	120	-330.669210	0.478011	1.673040	0.300000	2
118	117	119	120	-219.287562	0.478011	1.673040	0.300000	1
117	119	120	121	-133.943022	0.478011	1.673040	0.300000	1
117	119	120	122	-355.459450	0.478011	1.673040	0.300000	2
119	120	122	123	-340.159864	0.478011	1.673040	0.300000	2
121	120	122	123	-201.475077	0.478011	1.673040	0.300000	1
120	122	123	124	-128.436638	0.478011	1.673040	0.300000	1
