2	1	3	114.229453	105.640535
1	3	4	94.460161	110.898662
3	4	5	105.069570	105.640535
3	4	6	119.057982	71.701721
5	4	6	113.818855	49.235182
4	6	7	95.109331	65.248566
6	7	8	107.530201	49.235182
6	7	9	119.636907	71.701721
8	7	9	111.935486	88.432122
7	9	10	95.229634	35.133843
9	10	11	99.441786	88.432122
9	10	12	111.714506	71.701721
11	10	12	113.392972	49.235182
10	12	13	93.998418	65.248566
12	13	14	111.732845	49.235182
12	13	15	124.733990	71.701721
14	13	15	111.137419	105.640535
13	15	16	97.644876	110.898662
15	16	17	98.580824	105.640535
15	16	18	117.085876	71.701721
17	16	18	113.986407	28.680688
16	18	19	94.884284	54.971319
18	19	20	108.412474	28.680688
18	19	21	122.372287	71.701721
20	19	21	113.879029	109.942639
19	21	22	94.780136	84.847036
21	22	23	108.828330	109.942639
21	22	24	117.420531	71.701721
23	22	24	111.934212	88.432122
22	24	25	95.228866	35.133843
24	25	26	99.438917	88.432122
24	25	27	119.313356	71.701721
26	25	27	113.576887	109.942639
25	27	28	95.147461	84.847036
27	28	29	98.270291	109.942639
27	28	30	113.856363	71.701721
29	28	30	115.456033	91.539197
28	30	31	93.062924	105.640535
30	31	32	103.856219	91.539197
30	31	33	121.229790	71.701721
32	31	33	113.827887	49.235182
31	33	34	95.106516	65.248566
33	34	35	107.534238	49.235182
33	34	36	119.644032	71.701721
35	34	36	111.927844	88.432122
34	36	37	95.233023	35.133843
36	37	38	99.441830	88.432122
36	37	39	119.304849	71.701721
38	37	39	113.571138	109.942639
37	39	40	95.150316	84.847036
39	40	41	98.263985	109.942639
39	40	42	121.092929	71.701721
41	40	42	113.570756	109.942639
40	42	43	95.150552	84.847036
42	43	44	98.268413	109.942639
42	43	45	119.014403	71.701721
44	43	45	113.987868	28.680688
43	45	46	94.885339	54.971319
45	46	47	108.416337	28.680688
45	46	48	114.670772	71.701721
47	46	48	114.224530	105.640535
46	48	49	94.467202	110.898662
48	49	50	105.065860	105.640535
48	49	51	119.068300	71.701721
50	49	51	113.824651	49.235182
49	51	52	95.110800	65.248566
51	52	53	107.531234	49.235182
51	52	54	115.085199	71.701721
53	52	54	114.234030	105.640535
52	54	55	94.459163	110.898662
54	55	56	105.068119	105.640535
54	55	57	113.232939	71.701721
56	55	57	116.088809	66.443595
55	57	58	92.238576	114.244742
57	58	59	110.591796	66.443595
57	58	60	121.198329	71.701721
59	58	60	118.275668	80.305927
58	60	61	92.656882	54.493308
60	61	62	103.133018	80.305927
64	63	65	118.266412	80.305927
63	65	66	92.667658	54.493308
65	66	67	103.133671	80.305927
65	66	68	113.689365	71.701721
67	66	68	116.078281	66.443595
66	68	69	92.245174	114.244742
68	69	70	110.593043	66.443595
68	69	71	125.429352	71.701721
70	69	71	111.146747	105.640535
69	71	72	97.639227	110.898662
71	72	73	98.581105	105.640535
71	72	74	111.501969	71.701721
73	72	74	113.398006	49.235182
72	74	75	93.998846	65.248566
74	75	76	111.729234	49.235182
74	75	77	124.729447	71.701721
76	75	77	111.150113	105.640535
75	77	78	97.640527	110.898662
77	78	79	98.576414	105.640535
77	78	80	117.090783	71.701721
79	78	80	113.983541	28.680688
78	80	81	94.893136	54.971319
80	81	82	108.412933	28.680688
80	81	83	122.355408	71.701721
82	81	83	113.831338	109.942639
81	83	84	94.835457	84.847036
83	84	85	108.815036	109.942639
83	84	86	120.687710	71.701721
85	84	86	113.829337	109.942639
84	86	87	94.829491	84.847036
86	87	88	108.827507	109.942639
86	87	89	117.443464	71.701721
88	87	89	111.928773	88.432122
87	89	90	95.236423	35.133843
89	90	91	99.439171	88.432122
89	90	92	111.718432	71.701721
91	90	92	113.398586	49.235182
90	92	93	93.998327	65.248566
92	93	94	111.727828	49.235182
92	93	95	123.932031	71.701721
94	93	95	114.665419	91.539197
93	95	96	94.974132	105.640535
95	96	97	108.058102	91.539197
95	96	98	120.795099	71.701721
97	96	98	113.833302	109.942639
96	98	99	94.831377	84.847036
98	99	100	108.824329	109.942639
98	99	101	117.445399	71.701721
100	99	101	111.925594	88.432122
99	101	102	95.230242	35.133843
101	102	103	99.437692	88.432122
101	102	104	119.329036	71.701721
103	102	104	113.637683	109.942639
102	104	105	95.097379	84.847036
104	105	106	98.271538	109.942639
104	105	107	119.000054	71.701721
106	105	107	113.986244	28.680688
105	107	108	94.884369	54.971319
107	108	109	108.414967	28.680688
107	108	110	114.667957	71.701721
109	108	110	114.221915	105.640535
108	110	111	94.466287	110.898662
110	111	112	105.064962	105.640535
110	111	113	119.064873	71.701721
112	111	113	113.818071	49.235182
111	113	114	95.110713	65.248566
113	114	115	107.528285	49.235182
113	114	116	119.636780	71.701721
115	114	116	111.929275	88.432122
114	116	117	95.227769	35.133843
116	117	118	99.438439	88.432122
116	117	119	111.708567	71.701721
118	117	119	113.397127	49.235182
117	119	120	94.000170	65.248566
119	120	121	111.726645	49.235182
119	120	122	124.731601	71.701721
121	120	122	111.145668	105.640535
120	122	123	97.640800	110.898662
122	123	124	98.575007	105.640535
