Angles

1	3	2	1	3
2	1	1	3	4
3	8	3	4	5
4	2	3	4	6
5	4	5	4	6
6	1	4	6	7
7	10	6	7	8
8	2	6	7	9
9	6	8	7	9
10	1	7	9	10
11	7	9	10	11
12	2	9	10	12
13	3	11	10	12
14	1	10	12	13
15	7	12	13	14
16	2	12	13	15
17	3	14	13	15
18	1	13	15	16
19	8	15	16	17
20	2	15	16	18
21	4	17	16	18
22	1	16	18	19
23	7	18	19	20
24	2	18	19	21
25	3	20	19	21
26	1	19	21	22
27	8	21	22	23
28	2	21	22	24
29	4	23	22	24
30	1	22	24	25
31	10	24	25	26
32	2	24	25	27
33	6	26	25	27
34	1	25	27	28
35	10	27	28	29
36	2	27	28	30
37	6	29	28	30
38	1	28	30	31
39	7	30	31	32
40	2	30	31	33
41	3	32	31	33
42	1	31	33	34
43	10	33	34	35
44	2	33	34	36
45	6	35	34	36
46	1	34	36	37
47	10	36	37	38
48	2	36	37	39
49	6	38	37	39
50	1	37	39	40
51	8	39	40	41
52	2	39	40	42
53	4	41	40	42
54	1	40	42	43
55	9	42	43	44
56	2	42	43	45
57	5	44	43	45
58	1	43	45	46
59	10	45	46	47
60	2	45	46	48
61	6	47	46	48
62	1	46	48	49
63	7	48	49	50
64	2	48	49	51
65	3	50	49	51
66	1	49	51	52
67	9	51	52	53
68	2	51	52	54
69	5	53	52	54
70	1	52	54	55
71	7	54	55	56
72	2	54	55	57
73	3	56	55	57
74	1	55	57	58
75	8	57	58	59
76	2	57	58	60
77	4	59	58	60
78	1	58	60	61
79	7	60	61	62
80	2	60	61	63
81	3	62	61	63
82	1	61	63	64
83	10	63	64	65
84	2	63	64	66
85	6	65	64	66
86	1	64	66	67
87	8	66	67	68
88	2	66	67	69
89	4	68	67	69
90	1	67	69	70
91	7	69	70	71
92	2	69	70	72
93	3	71	70	72
94	1	70	72	73
95	10	72	73	74
96	2	72	73	75
97	6	74	73	75
98	1	73	75	76
99	10	75	76	77
100	2	75	76	78
101	6	77	76	78
102	1	76	78	79
103	7	78	79	80
104	2	78	79	81
105	3	80	79	81
106	1	79	81	82
107	7	81	82	83
108	2	81	82	84
109	3	83	82	84
110	1	82	84	85
111	7	84	85	86
112	2	84	85	87
113	3	86	85	87
114	1	85	87	88
115	7	87	88	89
116	2	87	88	90
117	3	89	88	90
118	1	88	90	91
119	9	90	91	92
120	2	90	91	93
121	5	92	91	93
122	1	91	93	94
123	8	93	94	95
124	2	93	94	96
125	4	95	94	96
126	1	94	96	97
127	9	96	97	98
128	2	96	97	99
129	5	98	97	99
130	1	97	99	100
131	8	99	100	101
132	2	99	100	102
133	4	101	100	102
134	1	100	102	103
135	7	102	103	104
136	2	102	103	105
137	3	104	103	105
138	1	103	105	106
139	8	105	106	107
140	2	105	106	108
141	4	107	106	108
142	1	106	108	109
143	8	108	109	110
144	2	108	109	111
145	4	110	109	111
146	1	109	111	112
147	8	111	112	113
148	2	111	112	114
149	4	113	112	114
150	1	112	114	115
151	9	114	115	116
152	2	114	115	117
153	5	116	115	117
154	1	115	117	118
155	9	117	118	119
156	2	117	118	120
157	5	119	118	120
158	1	118	120	121
159	7	120	121	122
160	2	120	121	123
161	3	122	121	123
162	1	121	123	124
163	7	123	124	125
164	2	123	124	126
165	3	125	124	126
166	1	124	126	127
167	7	126	127	128
168	2	126	127	129
169	3	128	127	129
170	1	127	129	130
171	10	129	130	131
172	2	129	130	132
173	6	131	130	132
174	1	130	132	133
175	8	132	133	134
176	2	132	133	135
177	4	134	133	135
178	1	133	135	136
179	9	135	136	137
180	2	135	136	138
181	5	137	136	138
182	1	136	138	139
183	10	138	139	140
184	2	138	139	141
185	6	140	139	141
186	1	139	141	142
187	8	141	142	143
188	2	141	142	144
189	4	143	142	144
190	1	142	144	145
191	10	144	145	146
192	2	144	145	147
193	6	146	145	147
194	1	145	147	148
195	10	147	148	149
196	2	147	148	150
197	6	149	148	150
198	1	148	150	151
199	7	150	151	152
200	2	150	151	153
201	3	152	151	153
202	1	151	153	154
203	8	153	154	155
204	2	153	154	156
205	4	155	154	156
206	1	154	156	157
207	10	156	157	158
208	2	156	157	159
209	6	158	157	159
210	1	157	159	160
211	7	159	160	161
212	2	159	160	162
213	3	161	160	162
214	1	160	162	163
215	7	162	163	164
216	2	162	163	165
217	3	164	163	165
218	1	163	165	166
219	7	165	166	167
220	2	165	166	168
221	3	167	166	168
222	1	166	168	169
223	7	168	169	170
224	2	168	169	171
225	3	170	169	171
226	1	169	171	172
227	9	171	172	173
228	2	171	172	174
229	5	173	172	174
230	1	172	174	175
231	9	174	175	176
232	2	174	175	177
233	5	176	175	177
234	1	175	177	178
235	10	177	178	179
236	2	177	178	180
237	6	179	178	180
238	1	178	180	181
239	7	180	181	182
240	2	180	181	183
241	3	182	181	183
242	1	181	183	184
243	8	183	184	185
244	2	183	184	186
245	4	185	184	186
246	1	184	186	187
247	9	186	187	188
248	2	186	187	189
249	5	188	187	189
250	1	187	189	190
251	8	189	190	191
252	2	189	190	192
253	4	191	190	192
254	1	190	192	193
255	8	192	193	194
256	2	192	193	195
257	4	194	193	195
258	1	193	195	196
259	10	195	196	197
260	2	195	196	198
261	6	197	196	198
262	1	196	198	199
263	7	198	199	200
264	2	198	199	201
265	3	200	199	201
266	1	199	201	202
267	9	201	202	203
268	2	201	202	204
269	5	203	202	204
270	1	202	204	205
271	10	204	205	206
272	2	204	205	207
273	6	206	205	207
274	1	205	207	208
275	8	207	208	209
276	2	207	208	210
277	4	209	208	210
278	1	208	210	211
279	9	210	211	212
280	2	210	211	213
281	5	212	211	213
282	1	211	213	214
283	9	213	214	215
284	2	213	214	216
285	5	215	214	216
286	1	214	216	217
287	7	216	217	218
288	2	216	217	219
289	3	218	217	219
290	1	217	219	220
291	7	219	220	221
292	2	219	220	222
293	3	221	220	222
294	1	220	222	223
295	8	222	223	224
296	2	222	223	225
297	4	224	223	225
298	1	223	225	226
299	10	225	226	227
300	2	225	226	228
301	6	227	226	228
302	1	226	228	229
303	10	228	229	230
304	2	228	229	231
305	6	230	229	231
306	1	229	231	232
307	7	231	232	233
308	2	231	232	234
309	3	233	232	234
310	1	232	234	235
311	9	234	235	236
312	2	234	235	237
313	5	236	235	237
314	1	235	237	238
315	10	237	238	239
316	2	237	238	240
317	6	239	238	240
318	1	238	240	241
319	8	240	241	242
320	2	240	241	243
321	4	242	241	243
322	1	241	243	244
323	9	243	244	245
324	2	243	244	246
325	5	245	244	246
326	1	244	246	247
327	7	246	247	248
328	2	246	247	249
329	3	248	247	249
330	1	247	249	250
331	7	249	250	251
332	2	249	250	252
333	3	251	250	252
334	1	250	252	253
335	10	252	253	254
336	2	252	253	255
337	6	254	253	255
338	1	253	255	256
339	7	255	256	257
340	2	255	256	258
341	3	257	256	258
342	1	256	258	259
343	8	258	259	260
344	2	258	259	261
345	4	260	259	261
346	1	259	261	262
347	9	261	262	263
348	2	261	262	264
349	5	263	262	264
350	1	262	264	265
351	10	264	265	266
352	2	264	265	267
353	6	266	265	267
354	1	265	267	268
355	10	267	268	269
356	2	267	268	270
357	6	269	268	270
358	1	268	270	271
359	8	270	271	272
360	2	270	271	273
361	4	272	271	273
362	1	271	273	274
363	8	273	274	275
364	2	273	274	276
365	4	275	274	276
366	1	274	276	277
367	8	276	277	278
368	2	276	277	279
369	4	278	277	279
370	1	277	279	280
371	8	279	280	281
372	2	279	280	282
373	4	281	280	282
374	1	280	282	283
375	9	282	283	284
376	2	282	283	285
377	5	284	283	285
378	1	283	285	286
379	7	285	286	287
380	2	285	286	288
381	3	287	286	288
382	1	286	288	289
383	8	288	289	290
384	2	288	289	291
385	4	290	289	291
386	1	289	291	292
387	9	291	292	293
388	2	291	292	294
389	5	293	292	294
390	1	292	294	295
391	9	294	295	296
392	2	294	295	297
393	5	296	295	297
394	1	295	297	298
395	7	297	298	299
396	2	297	298	300
397	3	299	298	300
398	1	298	300	301
399	9	300	301	302
400	2	300	301	303
401	5	302	301	303
402	1	301	303	304
403	10	303	304	305
404	2	303	304	306
405	6	305	304	306
406	1	304	306	307
407	7	306	307	308
408	2	306	307	309
409	3	308	307	309
410	1	307	309	310
411	9	309	310	311
412	2	309	310	312
413	5	311	310	312
414	1	310	312	313
415	8	312	313	314
416	2	312	313	315
417	4	314	313	315
418	1	313	315	316
419	8	315	316	317
420	2	315	316	318
421	4	317	316	318
422	1	316	318	319
423	8	318	319	320
424	2	318	319	321
425	4	320	319	321
426	1	319	321	322
427	10	321	322	323
428	2	321	322	324
429	6	323	322	324
430	1	322	324	325
431	10	324	325	326
432	2	324	325	327
433	6	326	325	327
434	1	325	327	328
435	7	327	328	329
436	2	327	328	330
437	3	329	328	330
438	1	328	330	331
439	7	330	331	332
440	2	330	331	333
441	3	332	331	333
442	1	331	333	334
443	7	333	334	335
444	2	333	334	336
445	3	335	334	336
446	1	334	336	337
447	8	336	337	338
448	2	336	337	339
449	4	338	337	339
450	1	337	339	340
451	7	339	340	341
452	2	339	340	342
453	3	341	340	342
454	1	340	342	343
455	10	342	343	344
456	2	342	343	345
457	6	344	343	345
458	1	343	345	346
459	7	345	346	347
460	2	345	346	348
461	3	347	346	348
462	1	346	348	349
463	10	348	349	350
464	2	348	349	351
465	6	350	349	351
466	1	349	351	352
467	8	351	352	353
468	2	351	352	354
469	4	353	352	354
470	1	352	354	355
471	8	354	355	356
472	2	354	355	357
473	4	356	355	357
474	1	355	357	358
475	8	357	358	359
476	2	357	358	360
477	4	359	358	360
478	1	358	360	361
479	8	360	361	362
480	2	360	361	363
481	4	362	361	363
482	1	361	363	364
483	9	363	364	365
484	2	363	364	366
485	5	365	364	366
486	1	364	366	367
487	9	366	367	368
488	2	366	367	369
489	5	368	367	369
490	1	367	369	370
491	8	369	370	371
492	2	369	370	372
493	4	371	370	372
494	1	370	372	373
495	7	372	373	374
496	2	372	373	375
497	3	374	373	375
498	1	373	375	376
499	9	375	376	377
500	2	375	376	378
501	5	377	376	378
502	1	376	378	379
503	8	378	379	380
504	2	378	379	381
505	4	380	379	381
506	1	379	381	382
507	7	381	382	383
508	2	381	382	384
509	3	383	382	384
510	1	382	384	385
511	8	384	385	386
512	2	384	385	387
513	4	386	385	387
514	1	385	387	388
515	10	387	388	389
516	2	387	388	390
517	6	389	388	390
518	1	388	390	391
519	8	390	391	392
520	2	390	391	393
521	4	392	391	393
522	1	391	393	394
523	9	393	394	395
524	2	393	394	396
525	5	395	394	396
526	1	394	396	397
527	10	396	397	398
528	2	396	397	399
529	6	398	397	399
530	1	397	399	400
531	7	399	400	401
532	2	399	400	402
533	3	401	400	402
534	1	400	402	403
535	9	402	403	404
536	2	402	403	405
537	5	404	403	405
538	1	403	405	406
539	9	405	406	407
540	2	405	406	408
541	5	407	406	408
542	1	406	408	409
543	8	408	409	410
544	2	408	409	411
545	4	410	409	411
546	1	409	411	412
547	9	411	412	413
548	2	411	412	414
549	5	413	412	414
550	1	412	414	415
551	9	414	415	416
552	2	414	415	417
553	5	416	415	417
554	1	415	417	418
555	7	417	418	419
556	2	417	418	420
557	3	419	418	420
558	1	418	420	421
559	8	420	421	422
560	2	420	421	423
561	4	422	421	423
562	1	421	423	424
563	7	423	424	425
564	2	423	424	426
565	3	425	424	426
566	1	424	426	427
567	8	426	427	428
568	2	426	427	429
569	4	428	427	429
570	1	427	429	430
571	8	429	430	431
572	2	429	430	432
573	4	431	430	432
574	1	430	432	433
575	9	432	433	434
576	2	432	433	435
577	5	434	433	435
578	1	433	435	436
579	7	435	436	437
580	2	435	436	438
581	3	437	436	438
582	1	436	438	439
583	8	438	439	440
584	12	1	2	5
585	18	4	5	8
586	23	7	8	11
587	11	10	11	14
588	12	13	14	17
589	15	16	17	20
590	12	19	20	23
591	18	22	23	26
592	26	25	26	29
593	23	28	29	32
594	14	31	32	35
595	26	34	35	38
596	24	37	38	41
597	17	40	41	44
598	22	43	44	47
599	23	46	47	50
600	13	49	50	53
601	19	52	53	56
602	12	55	56	59
603	15	58	59	62
604	14	61	62	65
605	24	64	65	68
606	15	67	68	71
607	14	70	71	74
608	26	73	74	77
609	23	76	77	80
610	11	79	80	83
611	11	82	83	86
612	11	85	86	89
613	13	88	89	92
614	20	91	92	95
615	17	94	95	98
616	20	97	98	101
617	15	100	101	104
618	12	103	104	107
619	16	106	107	110
620	16	109	110	113
621	17	112	113	116
622	21	115	116	119
623	19	118	119	122
624	11	121	122	125
625	11	124	125	128
626	14	127	128	131
627	24	130	131	134
628	17	133	134	137
629	22	136	137	140
630	24	139	140	143
631	18	142	143	146
632	26	145	146	149
633	23	148	149	152
634	12	151	152	155
635	18	154	155	158
636	23	157	158	161
637	11	160	161	164
638	11	163	164	167
639	11	166	167	170
640	13	169	170	173
641	21	172	173	176
642	22	175	176	179
643	23	178	179	182
644	12	181	182	185
645	17	184	185	188
646	20	187	188	191
647	16	190	191	194
648	18	193	194	197
649	23	196	197	200
650	13	199	200	203
651	22	202	203	206
652	24	205	206	209
653	17	208	209	212
654	21	211	212	215
655	19	214	215	218
656	11	217	218	221
657	12	220	221	224
658	18	223	224	227
659	26	226	227	230
660	23	229	230	233
661	13	232	233	236
662	22	235	236	239
663	24	238	239	242
664	17	241	242	245
665	19	244	245	248
666	11	247	248	251
667	14	250	251	254
668	23	253	254	257
669	12	256	257	260
670	17	259	260	263
671	22	262	263	266
672	26	265	266	269
673	24	268	269	272
674	16	271	272	275
675	16	274	275	278
676	16	277	278	281
677	17	280	281	284
678	19	283	284	287
679	12	286	287	290
680	17	289	290	293
681	21	292	293	296
682	19	295	296	299
683	13	298	299	302
684	22	301	302	305
685	23	304	305	308
686	13	307	308	311
687	20	310	311	314
688	16	313	314	317
689	16	316	317	320
690	18	319	320	323
691	26	322	323	326
692	23	325	326	329
693	11	328	329	332
694	11	331	332	335
695	12	334	335	338
696	15	337	338	341
697	14	340	341	344
698	23	343	344	347
699	14	346	347	350
700	24	349	350	353
701	16	352	353	356
702	16	355	356	359
703	16	358	359	362
704	17	361	362	365
705	21	364	365	368
706	20	367	368	371
707	15	370	371	374
708	13	373	374	377
709	20	376	377	380
710	15	379	380	383
711	12	382	383	386
712	18	385	386	389
713	24	388	389	392
714	17	391	392	395
715	22	394	395	398
716	23	397	398	401
717	13	400	401	404
718	21	403	404	407
719	20	406	407	410
720	17	409	410	413
721	21	412	413	416
722	19	415	416	419
723	12	418	419	422
724	15	421	422	425
725	12	424	425	428
726	16	427	428	431
727	17	430	431	434
728	19	433	434	437
729	12	436	437	440
730	3	442	441	443
731	1	441	443	444
732	8	443	444	445
733	2	443	444	446
734	4	445	444	446
735	1	444	446	447
736	10	446	447	448
737	2	446	447	449
738	6	448	447	449
739	1	447	449	450
740	7	449	450	451
741	2	449	450	452
742	3	451	450	452
743	1	450	452	453
744	7	452	453	454
745	2	452	453	455
746	3	454	453	455
747	1	453	455	456
748	8	455	456	457
749	2	455	456	458
750	4	457	456	458
751	1	456	458	459
752	7	458	459	460
753	2	458	459	461
754	3	460	459	461
755	1	459	461	462
756	8	461	462	463
757	2	461	462	464
758	4	463	462	464
759	1	462	464	465
760	10	464	465	466
761	2	464	465	467
762	6	466	465	467
763	1	465	467	468
764	10	467	468	469
765	2	467	468	470
766	6	469	468	470
767	1	468	470	471
768	7	470	471	472
769	2	470	471	473
770	3	472	471	473
771	1	471	473	474
772	10	473	474	475
773	2	473	474	476
774	6	475	474	476
775	1	474	476	477
776	10	476	477	478
777	2	476	477	479
778	6	478	477	479
779	1	477	479	480
780	8	479	480	481
781	2	479	480	482
782	4	481	480	482
783	1	480	482	483
784	9	482	483	484
785	2	482	483	485
786	5	484	483	485
787	1	483	485	486
788	10	485	486	487
789	2	485	486	488
790	6	487	486	488
791	1	486	488	489
792	7	488	489	490
793	2	488	489	491
794	3	490	489	491
795	1	489	491	492
796	9	491	492	493
797	2	491	492	494
798	5	493	492	494
799	1	492	494	495
800	7	494	495	496
801	2	494	495	497
802	3	496	495	497
803	1	495	497	498
804	8	497	498	499
805	2	497	498	500
806	4	499	498	500
807	1	498	500	501
808	7	500	501	502
809	2	500	501	503
810	3	502	501	503
811	1	501	503	504
812	10	503	504	505
813	2	503	504	506
814	6	505	504	506
815	1	504	506	507
816	8	506	507	508
817	2	506	507	509
818	4	508	507	509
819	1	507	509	510
820	7	509	510	511
821	2	509	510	512
822	3	511	510	512
823	1	510	512	513
824	10	512	513	514
825	2	512	513	515
826	6	514	513	515
827	1	513	515	516
828	10	515	516	517
829	2	515	516	518
830	6	517	516	518
831	1	516	518	519
832	7	518	519	520
833	2	518	519	521
834	3	520	519	521
835	1	519	521	522
836	7	521	522	523
837	2	521	522	524
838	3	523	522	524
839	1	522	524	525
840	7	524	525	526
841	2	524	525	527
842	3	526	525	527
843	1	525	527	528
844	7	527	528	529
845	2	527	528	530
846	3	529	528	530
847	1	528	530	531
848	9	530	531	532
849	2	530	531	533
850	5	532	531	533
851	1	531	533	534
852	8	533	534	535
853	2	533	534	536
854	4	535	534	536
855	1	534	536	537
856	9	536	537	538
857	2	536	537	539
858	5	538	537	539
859	1	537	539	540
860	8	539	540	541
861	2	539	540	542
862	4	541	540	542
863	1	540	542	543
864	7	542	543	544
865	2	542	543	545
866	3	544	543	545
867	1	543	545	546
868	8	545	546	547
869	2	545	546	548
870	4	547	546	548
871	1	546	548	549
872	8	548	549	550
873	2	548	549	551
874	4	550	549	551
875	1	549	551	552
876	8	551	552	553
877	2	551	552	554
878	4	553	552	554
879	1	552	554	555
880	9	554	555	556
881	2	554	555	557
882	5	556	555	557
883	1	555	557	558
884	9	557	558	559
885	2	557	558	560
886	5	559	558	560
887	1	558	560	561
888	7	560	561	562
889	2	560	561	563
890	3	562	561	563
891	1	561	563	564
892	7	563	564	565
893	2	563	564	566
894	3	565	564	566
895	1	564	566	567
896	7	566	567	568
897	2	566	567	569
898	3	568	567	569
899	1	567	569	570
900	10	569	570	571
901	2	569	570	572
902	6	571	570	572
903	1	570	572	573
904	8	572	573	574
905	2	572	573	575
906	4	574	573	575
907	1	573	575	576
908	9	575	576	577
909	2	575	576	578
910	5	577	576	578
911	1	576	578	579
912	10	578	579	580
913	2	578	579	581
914	6	580	579	581
915	1	579	581	582
916	8	581	582	583
917	2	581	582	584
918	4	583	582	584
919	1	582	584	585
920	10	584	585	586
921	2	584	585	587
922	6	586	585	587
923	1	585	587	588
924	10	587	588	589
925	2	587	588	590
926	6	589	588	590
927	1	588	590	591
928	7	590	591	592
929	2	590	591	593
930	3	592	591	593
931	1	591	593	594
932	8	593	594	595
933	2	593	594	596
934	4	595	594	596
935	1	594	596	597
936	10	596	597	598
937	2	596	597	599
938	6	598	597	599
939	1	597	599	600
940	7	599	600	601
941	2	599	600	602
942	3	601	600	602
943	1	600	602	603
944	7	602	603	604
945	2	602	603	605
946	3	604	603	605
947	1	603	605	606
948	7	605	606	607
949	2	605	606	608
950	3	607	606	608
951	1	606	608	609
952	7	608	609	610
953	2	608	609	611
954	3	610	609	611
955	1	609	611	612
956	9	611	612	613
957	2	611	612	614
958	5	613	612	614
959	1	612	614	615
960	9	614	615	616
961	2	614	615	617
962	5	616	615	617
963	1	615	617	618
964	10	617	618	619
965	2	617	618	620
966	6	619	618	620
967	1	618	620	621
968	7	620	621	622
969	2	620	621	623
970	3	622	621	623
971	1	621	623	624
972	8	623	624	625
973	2	623	624	626
974	4	625	624	626
975	1	624	626	627
976	9	626	627	628
977	2	626	627	629
978	5	628	627	629
979	1	627	629	630
980	8	629	630	631
981	2	629	630	632
982	4	631	630	632
983	1	630	632	633
984	8	632	633	634
985	2	632	633	635
986	4	634	633	635
987	1	633	635	636
988	10	635	636	637
989	2	635	636	638
990	6	637	636	638
991	1	636	638	639
992	7	638	639	640
993	2	638	639	641
994	3	640	639	641
995	1	639	641	642
996	9	641	642	643
997	2	641	642	644
998	5	643	642	644
999	1	642	644	645
1000	10	644	645	646
1001	2	644	645	647
1002	6	646	645	647
1003	1	645	647	648
1004	8	647	648	649
1005	2	647	648	650
1006	4	649	648	650
1007	1	648	650	651
1008	9	650	651	652
1009	2	650	651	653
1010	5	652	651	653
1011	1	651	653	654
1012	9	653	654	655
1013	2	653	654	656
1014	5	655	654	656
1015	1	654	656	657
1016	7	656	657	658
1017	2	656	657	659
1018	3	658	657	659
1019	1	657	659	660
1020	8	659	660	661
1021	2	659	660	662
1022	4	661	660	662
1023	1	660	662	663
1024	8	662	663	664
1025	2	662	663	665
1026	4	664	663	665
1027	1	663	665	666
1028	10	665	666	667
1029	2	665	666	668
1030	6	667	666	668
1031	1	666	668	669
1032	10	668	669	670
1033	2	668	669	671
1034	6	670	669	671
1035	1	669	671	672
1036	7	671	672	673
1037	2	671	672	674
1038	3	673	672	674
1039	1	672	674	675
1040	9	674	675	676
1041	2	674	675	677
1042	5	676	675	677
1043	1	675	677	678
1044	10	677	678	679
1045	2	677	678	680
1046	6	679	678	680
1047	1	678	680	681
1048	8	680	681	682
1049	2	680	681	683
1050	4	682	681	683
1051	1	681	683	684
1052	9	683	684	685
1053	2	683	684	686
1054	5	685	684	686
1055	1	684	686	687
1056	7	686	687	688
1057	2	686	687	689
1058	3	688	687	689
1059	1	687	689	690
1060	7	689	690	691
1061	2	689	690	692
1062	3	691	690	692
1063	1	690	692	693
1064	10	692	693	694
1065	2	692	693	695
1066	6	694	693	695
1067	1	693	695	696
1068	7	695	696	697
1069	2	695	696	698
1070	3	697	696	698
1071	1	696	698	699
1072	8	698	699	700
1073	2	698	699	701
1074	4	700	699	701
1075	1	699	701	702
1076	9	701	702	703
1077	2	701	702	704
1078	5	703	702	704
1079	1	702	704	705
1080	10	704	705	706
1081	2	704	705	707
1082	6	706	705	707
1083	1	705	707	708
1084	10	707	708	709
1085	2	707	708	710
1086	6	709	708	710
1087	1	708	710	711
1088	8	710	711	712
1089	2	710	711	713
1090	4	712	711	713
1091	1	711	713	714
1092	8	713	714	715
1093	2	713	714	716
1094	4	715	714	716
1095	1	714	716	717
1096	8	716	717	718
1097	2	716	717	719
1098	4	718	717	719
1099	1	717	719	720
1100	8	719	720	721
1101	2	719	720	722
1102	4	721	720	722
1103	1	720	722	723
1104	9	722	723	724
1105	2	722	723	725
1106	5	724	723	725
1107	1	723	725	726
1108	7	725	726	727
1109	2	725	726	728
1110	3	727	726	728
1111	1	726	728	729
1112	8	728	729	730
1113	2	728	729	731
1114	4	730	729	731
1115	1	729	731	732
1116	9	731	732	733
1117	2	731	732	734
1118	5	733	732	734
1119	1	732	734	735
1120	9	734	735	736
1121	2	734	735	737
1122	5	736	735	737
1123	1	735	737	738
1124	7	737	738	739
1125	2	737	738	740
1126	3	739	738	740
1127	1	738	740	741
1128	9	740	741	742
1129	2	740	741	743
1130	5	742	741	743
1131	1	741	743	744
1132	10	743	744	745
1133	2	743	744	746
1134	6	745	744	746
1135	1	744	746	747
1136	7	746	747	748
1137	2	746	747	749
1138	3	748	747	749
1139	1	747	749	750
1140	9	749	750	751
1141	2	749	750	752
1142	5	751	750	752
1143	1	750	752	753
1144	8	752	753	754
1145	2	752	753	755
1146	4	754	753	755
1147	1	753	755	756
1148	8	755	756	757
1149	2	755	756	758
1150	4	757	756	758
1151	1	756	758	759
1152	8	758	759	760
1153	2	758	759	761
1154	4	760	759	761
1155	1	759	761	762
1156	10	761	762	763
1157	2	761	762	764
1158	6	763	762	764
1159	1	762	764	765
1160	10	764	765	766
1161	2	764	765	767
1162	6	766	765	767
1163	1	765	767	768
1164	7	767	768	769
1165	2	767	768	770
1166	3	769	768	770
1167	1	768	770	771
1168	7	770	771	772
1169	2	770	771	773
1170	3	772	771	773
1171	1	771	773	774
1172	7	773	774	775
1173	2	773	774	776
1174	3	775	774	776
1175	1	774	776	777
1176	8	776	777	778
1177	2	776	777	779
1178	4	778	777	779
1179	1	777	779	780
1180	7	779	780	781
1181	2	779	780	782
1182	3	781	780	782
1183	1	780	782	783
1184	10	782	783	784
1185	2	782	783	785
1186	6	784	783	785
1187	1	783	785	786
1188	7	785	786	787
1189	2	785	786	788
1190	3	787	786	788
1191	1	786	788	789
1192	10	788	789	790
1193	2	788	789	791
1194	6	790	789	791
1195	1	789	791	792
1196	8	791	792	793
1197	2	791	792	794
1198	4	793	792	794
1199	1	792	794	795
1200	8	794	795	796
1201	2	794	795	797
1202	4	796	795	797
1203	1	795	797	798
1204	8	797	798	799
1205	2	797	798	800
1206	4	799	798	800
1207	1	798	800	801
1208	8	800	801	802
1209	2	800	801	803
1210	4	802	801	803
1211	1	801	803	804
1212	9	803	804	805
1213	2	803	804	806
1214	5	805	804	806
1215	1	804	806	807
1216	9	806	807	808
1217	2	806	807	809
1218	5	808	807	809
1219	1	807	809	810
1220	8	809	810	811
1221	2	809	810	812
1222	4	811	810	812
1223	1	810	812	813
1224	7	812	813	814
1225	2	812	813	815
1226	3	814	813	815
1227	1	813	815	816
1228	9	815	816	817
1229	2	815	816	818
1230	5	817	816	818
1231	1	816	818	819
1232	8	818	819	820
1233	2	818	819	821
1234	4	820	819	821
1235	1	819	821	822
1236	7	821	822	823
1237	2	821	822	824
1238	3	823	822	824
1239	1	822	824	825
1240	8	824	825	826
1241	2	824	825	827
1242	4	826	825	827
1243	1	825	827	828
1244	10	827	828	829
1245	2	827	828	830
1246	6	829	828	830
1247	1	828	830	831
1248	8	830	831	832
1249	2	830	831	833
1250	4	832	831	833
1251	1	831	833	834
1252	9	833	834	835
1253	2	833	834	836
1254	5	835	834	836
1255	1	834	836	837
1256	10	836	837	838
1257	2	836	837	839
1258	6	838	837	839
1259	1	837	839	840
1260	7	839	840	841
1261	2	839	840	842
1262	3	841	840	842
1263	1	840	842	843
1264	9	842	843	844
1265	2	842	843	845
1266	5	844	843	845
1267	1	843	845	846
1268	9	845	846	847
1269	2	845	846	848
1270	5	847	846	848
1271	1	846	848	849
1272	8	848	849	850
1273	2	848	849	851
1274	4	850	849	851
1275	1	849	851	852
1276	9	851	852	853
1277	2	851	852	854
1278	5	853	852	854
1279	1	852	854	855
1280	9	854	855	856
1281	2	854	855	857
1282	5	856	855	857
1283	1	855	857	858
1284	7	857	858	859
1285	2	857	858	860
1286	3	859	858	860
1287	1	858	860	861
1288	8	860	861	862
1289	2	860	861	863
1290	4	862	861	863
1291	1	861	863	864
1292	7	863	864	865
1293	2	863	864	866
1294	3	865	864	866
1295	1	864	866	867
1296	8	866	867	868
1297	2	866	867	869
1298	4	868	867	869
1299	1	867	869	870
1300	8	869	870	871
1301	2	869	870	872
1302	4	871	870	872
1303	1	870	872	873
1304	9	872	873	874
1305	2	872	873	875
1306	5	874	873	875
1307	1	873	875	876
1308	7	875	876	877
1309	2	875	876	878
1310	3	877	876	878
1311	1	876	878	879
1312	8	878	879	880
1313	12	441	442	445
1314	18	444	445	448
1315	23	447	448	451
1316	11	450	451	454
1317	12	453	454	457
1318	15	456	457	460
1319	12	459	460	463
1320	18	462	463	466
1321	26	465	466	469
1322	23	468	469	472
1323	14	471	472	475
1324	26	474	475	478
1325	24	477	478	481
1326	17	480	481	484
1327	22	483	484	487
1328	23	486	487	490
1329	13	489	490	493
1330	19	492	493	496
1331	12	495	496	499
1332	15	498	499	502
1333	14	501	502	505
1334	24	504	505	508
1335	15	507	508	511
1336	14	510	511	514
1337	26	513	514	517
1338	23	516	517	520
1339	11	519	520	523
1340	11	522	523	526
1341	11	525	526	529
1342	13	528	529	532
1343	20	531	532	535
1344	17	534	535	538
1345	20	537	538	541
1346	15	540	541	544
1347	12	543	544	547
1348	16	546	547	550
1349	16	549	550	553
1350	17	552	553	556
1351	21	555	556	559
1352	19	558	559	562
1353	11	561	562	565
1354	11	564	565	568
1355	14	567	568	571
1356	24	570	571	574
1357	17	573	574	577
1358	22	576	577	580
1359	24	579	580	583
1360	18	582	583	586
1361	26	585	586	589
1362	23	588	589	592
1363	12	591	592	595
1364	18	594	595	598
1365	23	597	598	601
1366	11	600	601	604
1367	11	603	604	607
1368	11	606	607	610
1369	13	609	610	613
1370	21	612	613	616
1371	22	615	616	619
1372	23	618	619	622
1373	12	621	622	625
1374	17	624	625	628
1375	20	627	628	631
1376	16	630	631	634
1377	18	633	634	637
1378	23	636	637	640
1379	13	639	640	643
1380	22	642	643	646
1381	24	645	646	649
1382	17	648	649	652
1383	21	651	652	655
1384	19	654	655	658
1385	12	657	658	661
1386	16	660	661	664
1387	18	663	664	667
1388	26	666	667	670
1389	23	669	670	673
1390	13	672	673	676
1391	22	675	676	679
1392	24	678	679	682
1393	17	681	682	685
1394	19	684	685	688
1395	11	687	688	691
1396	14	690	691	694
1397	23	693	694	697
1398	12	696	697	700
1399	17	699	700	703
1400	22	702	703	706
1401	26	705	706	709
1402	24	708	709	712
1403	16	711	712	715
1404	16	714	715	718
1405	16	717	718	721
1406	17	720	721	724
1407	19	723	724	727
1408	12	726	727	730
1409	17	729	730	733
1410	21	732	733	736
1411	19	735	736	739
1412	13	738	739	742
1413	22	741	742	745
1414	23	744	745	748
1415	13	747	748	751
1416	20	750	751	754
1417	16	753	754	757
1418	16	756	757	760
1419	18	759	760	763
1420	26	762	763	766
1421	23	765	766	769
1422	11	768	769	772
1423	11	771	772	775
1424	12	774	775	778
1425	15	777	778	781
1426	14	780	781	784
1427	23	783	784	787
1428	14	786	787	790
1429	24	789	790	793
1430	16	792	793	796
1431	16	795	796	799
1432	16	798	799	802
1433	17	801	802	805
1434	21	804	805	808
1435	20	807	808	811
1436	15	810	811	814
1437	13	813	814	817
1438	20	816	817	820
1439	15	819	820	823
1440	12	822	823	826
1441	18	825	826	829
1442	24	828	829	832
1443	17	831	832	835
1444	22	834	835	838
1445	23	837	838	841
1446	13	840	841	844
1447	21	843	844	847
1448	20	846	847	850
1449	17	849	850	853
1450	21	852	853	856
1451	19	855	856	859
1452	12	858	859	862
1453	15	861	862	865
1454	12	864	865	868
1455	16	867	868	871
1456	17	870	871	874
1457	19	873	874	877
1458	12	876	877	880
