Dihedrals

1	1	1	3	4	6
2	2	3	4	6	7
3	1	4	6	7	9
4	2	6	7	9	10
5	1	7	9	10	12
6	2	9	10	12	13
7	1	10	12	13	15
8	2	12	13	15	16
9	1	13	15	16	18
10	2	15	16	18	19
11	1	16	18	19	21
12	2	18	19	21	22
13	1	19	21	22	24
14	2	21	22	24	25
15	1	22	24	25	27
16	2	24	25	27	28
17	1	25	27	28	30
18	2	27	28	30	31
19	1	28	30	31	33
20	2	30	31	33	34
21	1	31	33	34	36
22	2	33	34	36	37
23	1	34	36	37	39
24	2	36	37	39	40
25	1	37	39	40	42
26	2	39	40	42	43
27	1	40	42	43	45
28	2	42	43	45	46
29	1	43	45	46	48
30	2	45	46	48	49
31	1	46	48	49	51
32	2	48	49	51	52
33	1	49	51	52	54
34	2	51	52	54	55
35	1	52	54	55	57
36	2	54	55	57	58
37	1	55	57	58	60
38	2	57	58	60	61
39	1	63	65	66	68
40	2	65	66	68	69
41	1	66	68	69	71
42	2	68	69	71	72
43	1	69	71	72	74
44	2	71	72	74	75
45	1	72	74	75	77
46	2	74	75	77	78
47	1	75	77	78	80
48	2	77	78	80	81
49	1	78	80	81	83
50	2	80	81	83	84
51	1	81	83	84	86
52	2	83	84	86	87
53	1	84	86	87	89
54	2	86	87	89	90
55	1	87	89	90	92
56	2	89	90	92	93
57	1	90	92	93	95
58	2	92	93	95	96
59	1	93	95	96	98
60	2	95	96	98	99
61	1	96	98	99	101
62	2	98	99	101	102
63	1	99	101	102	104
64	2	101	102	104	105
65	1	102	104	105	107
66	2	104	105	107	108
67	1	105	107	108	110
68	2	107	108	110	111
69	1	108	110	111	113
70	2	110	111	113	114
71	1	111	113	114	116
72	2	113	114	116	117
73	1	114	116	117	119
74	2	116	117	119	120
75	1	117	119	120	122
76	2	119	120	122	123
