Atoms

	1	1	1	2	0.000000	47.210250	6.611468	-0.768648
	2	1	1	7	0.000000	49.559842	2.425299	0.012213
	3	1	2	1	-0.600000	45.266891	7.366864	1.413629
	4	1	2	2	0.000000	44.611608	3.868585	2.439399
	5	1	2	6	0.000000	48.486089	2.206975	3.284253
	6	1	3	1	-0.600000	41.630261	3.086495	5.559634
	7	1	3	2	0.000000	43.070057	-0.228038	6.574417
	8	1	3	3	0.000000	47.890695	0.314007	6.923878
	9	1	4	1	-0.600000	41.821985	-1.817133	9.166918
	10	1	4	2	0.000000	44.899286	-3.805392	9.860574
	11	1	4	4	0.000000	47.766320	-0.535825	10.374564
	12	1	5	1	-0.600000	44.445353	-6.305540	13.442287
	13	1	5	2	0.000000	48.065618	-6.222168	14.277015
	14	1	5	5	0.000000	49.922722	-1.619212	13.961562
	15	1	6	1	-0.600000	49.458226	-7.895408	16.737257
	16	1	6	2	0.000000	52.593025	-5.840299	17.028375
	17	1	6	4	0.000000	50.752120	-1.878269	17.319047
	18	1	7	1	-0.600000	55.185045	-6.751134	20.193690
	19	1	7	2	0.000000	56.546527	-3.268932	20.503799
	20	1	7	3	0.000000	52.812780	-0.152337	20.485064
	21	1	8	1	-0.600000	59.206460	-2.396244	22.901344
	22	1	8	2	0.000000	58.326102	1.240992	23.033838
	23	1	8	3	0.000000	53.502567	1.673142	23.481999
	24	1	9	1	-0.600000	59.933665	3.109358	25.208834
	25	1	9	2	0.000000	57.286415	5.726345	25.431028
	26	1	9	4	0.000000	53.906138	3.226333	26.655059
	27	1	10	1	-0.600000	57.846743	8.799192	27.716470
	28	1	10	2	0.000000	54.191401	9.529791	28.201491
	29	1	10	4	0.000000	52.947387	5.587688	29.645656
	30	1	11	1	-0.600000	53.519947	12.355700	30.505398
	31	1	11	2	0.000000	50.234900	10.983128	31.550596
	32	1	11	6	0.000000	51.142274	6.964396	32.780419
	33	1	12	1	-0.600000	47.651566	13.152895	34.352720
	34	1	12	2	0.000000	45.778858	10.110775	35.504716
	35	1	12	3	0.000000	49.047130	6.607140	36.339721
	36	1	13	1	-0.600000	43.605023	10.371415	37.956739
	37	1	13	2	0.000000	43.787008	6.783654	38.955349
	38	1	13	4	0.000000	48.080473	6.478698	39.759301
	39	1	14	1	-0.600000	41.573354	5.512329	41.864854
	40	1	14	2	0.000000	43.794687	2.607026	42.734362
	41	1	14	4	0.000000	47.536307	4.816013	43.277623
	42	1	15	1	-0.600000	42.943758	0.253817	45.687474
	43	1	15	2	0.000000	46.488164	-0.856534	46.266316
	44	1	15	4	0.000000	48.319499	3.094817	46.721682
	45	1	16	1	-0.600000	47.304200	-3.487201	49.425723
	46	1	16	2	0.000000	50.826096	-2.297353	49.930639
	47	1	16	3	0.000000	50.809406	2.565941	50.003648
	48	1	17	1	-0.600000	52.262364	-3.565980	52.262417
	49	1	17	2	0.000000	54.559855	-0.706665	52.776313
	50	1	17	6	0.000000	51.998560	2.715924	53.239192
	51	1	18	1	-0.600000	57.684812	-1.007875	55.838673
	52	1	18	2	0.000000	58.057345	2.698410	56.301949
	53	1	18	3	0.000000	53.587983	4.597502	56.573431
	54	1	19	1	-0.600000	59.894844	3.528975	58.547679
	55	1	19	2	0.000000	58.195213	6.768743	59.127201
	56	1	19	6	0.000000	54.067231	5.763257	59.785739
	57	1	20	1	-0.600000	60.236355	9.354944	62.445384
	58	1	20	2	0.000000	57.118961	11.199144	63.128527
	59	1	20	5	0.000000	53.255056	8.076739	63.363156
	60	1	21	1	-0.600000	57.099834	13.824565	65.054803
	61	1	21	2	0.000000	53.465951	13.542525	65.693088
	62	1	21	14	0.000000	52.940816	9.355106	66.516882
	63	2	1	2	0.000000	44.374871	3.597504	66.375367
	64	2	1	9	0.000000	48.932486	5.580073	66.194538
	65	2	2	1	-0.600000	42.136724	4.682528	64.273763
	66	2	2	2	0.000000	44.086315	7.731538	63.504851
	67	2	2	6	0.000000	48.075586	6.226317	62.949870
	68	2	3	1	-0.600000	42.328340	10.245302	59.975763
	69	2	3	2	0.000000	45.626681	11.671722	59.157466
	70	2	3	5	0.000000	49.121480	8.133612	59.198134
	71	2	4	1	-0.600000	46.212196	13.888911	56.805123
	72	2	4	2	0.000000	49.890123	13.224096	56.395949
	73	2	4	4	0.000000	49.713836	8.881517	55.863666
	74	2	5	1	-0.600000	51.531442	15.342331	52.916800
	75	2	5	2	0.000000	54.126044	12.767497	52.246040
	76	2	5	5	0.000000	52.246193	8.166679	52.433554
	77	2	6	1	-0.600000	56.445757	13.006626	49.932661
	78	2	6	2	0.000000	57.289705	9.350558	49.691159
	79	2	6	4	0.000000	53.239875	7.780967	49.133320
	80	2	7	1	-0.600000	59.987207	8.208402	46.693973
	81	2	7	2	0.000000	58.570150	4.758886	46.285684
	82	2	7	3	0.000000	53.728520	5.112253	45.988661
	83	2	8	1	-0.600000	60.029296	2.286424	43.968477
	84	2	8	2	0.000000	56.883810	0.283530	43.622222
	85	2	8	3	0.000000	53.152295	3.328208	42.942310
	86	2	9	1	-0.600000	56.782549	-2.704672	41.460287
	87	2	9	2	0.000000	53.083211	-2.560742	40.896550
	88	2	9	3	0.000000	51.826986	2.027694	39.885050
	89	2	10	1	-0.600000	51.794148	-4.688712	38.747721
	90	2	10	2	0.000000	48.777858	-2.629019	37.996825
	91	2	10	4	0.000000	50.736536	1.046862	36.645737
	92	2	11	1	-0.600000	46.260244	-4.495463	34.920888
	93	2	11	2	0.000000	44.958899	-1.254971	33.649803
	94	2	11	5	0.000000	48.600001	2.076032	33.031099
	95	2	12	1	-0.600000	42.137363	-0.949527	31.220851
	96	2	12	2	0.000000	43.030374	2.511425	30.120010
	97	2	12	3	0.000000	47.867310	2.749266	29.669430
	98	2	13	1	-0.600000	41.194618	4.152330	27.372261
	99	2	13	2	0.000000	44.017648	6.419888	26.416841
	100	2	13	3	0.000000	48.131040	3.828543	26.269244
	101	2	14	1	-0.600000	43.633006	8.266720	23.724501
	102	2	14	2	0.000000	47.281019	8.691382	23.079576
	103	2	14	4	0.000000	48.453529	4.482448	22.788945
	104	2	15	1	-0.600000	48.436276	10.833350	20.075537
	105	2	15	2	0.000000	51.777593	9.147248	19.728468
	106	2	15	4	0.000000	50.366750	5.014944	19.398631
	107	2	16	1	-0.600000	54.336371	10.326862	16.625489
	108	2	16	2	0.000000	56.060047	7.006048	16.352993
	109	2	16	3	0.000000	52.671917	3.517355	16.285306
	110	2	17	1	-0.600000	58.079502	6.814569	14.117902
	111	2	17	2	0.000000	57.764834	3.141521	13.758744
	112	2	17	6	0.000000	53.569795	2.435017	13.134187
	113	2	18	1	-0.600000	60.357093	1.049942	10.905800
	114	2	18	2	0.000000	58.070517	-1.894950	10.473166
	115	2	18	3	0.000000	53.556148	-0.174370	9.912971
	116	2	19	1	-0.600000	58.791845	-4.199275	8.242090
	117	2	19	2	0.000000	55.283107	-5.397925	7.845024
	118	2	19	4	0.000000	53.367419	-1.637466	6.677687
	119	2	20	1	-0.600000	54.974467	-8.534758	4.787556
	120	2	20	2	0.000000	51.484818	-7.653105	3.862958
	121	2	20	5	0.000000	50.914862	-2.745134	3.294292
	122	2	21	1	-0.600000	49.640960	-9.317209	1.713019
	123	2	21	2	0.000000	47.151882	-6.596525	0.977968
	124	2	21	12	0.000000	49.964345	-3.380030	0.019816
