44	45	46	47	218.7999275	5.9751500000e-01
45	46	47	48	237.2549283	5.9751500000e-01
46	47	48	49	227.2719981	5.9751500000e-01
47	48	49	50	233.144636	5.9751500000e-01
48	49	50	51	228.6812296	5.9751500000e-01
49	50	51	52	234.182049	5.9751500000e-01
50	51	52	53	225.4775447	5.9751500000e-01
51	52	53	54	230.0013426	5.9751500000e-01
52	53	54	55	221.2483401	5.9751500000e-01
53	54	55	56	236.4694029	5.9751500000e-01
54	55	56	57	231.686967	5.9751500000e-01
55	56	57	58	241.3465852	5.9751500000e-01
56	57	58	59	22.28249921	5.9751500000e-01
57	58	59	60	307.8244817	5.9751500000e-01
58	59	60	61	83.30395567	5.9751500000e-01
59	60	61	62	23.75240473	5.9751500000e-01
60	61	62	63	255.2559484	5.9751500000e-01
61	62	63	64	80.34283682	5.9751500000e-01
62	63	64	65	49.32291917	5.9751500000e-01
63	64	65	66	224.8802942	5.9751500000e-01
64	65	66	67	229.3227512	5.9751500000e-01
65	66	67	68	228.1089616	5.9751500000e-01
66	67	68	69	232.0195148	5.9751500000e-01
67	68	69	70	231.8865302	5.9751500000e-01
68	69	70	71	230.1067285	5.9751500000e-01
69	70	71	72	229.5098025	5.9751500000e-01
70	71	72	73	227.4616608	5.9751500000e-01
71	72	73	74	231.4679208	5.9751500000e-01
72	73	74	75	225.9470593	5.9751500000e-01
73	74	75	76	229.6203515	5.9751500000e-01
74	75	76	77	245.3641798	5.9751500000e-01
75	76	77	78	242.930439	5.9751500000e-01
76	77	78	79	215.3916135	5.9751500000e-01
77	78	79	80	181.2766012	5.9751500000e-01
78	79	80	81	45.17156744	5.9751500000e-01
79	80	81	82	205.1519591	5.9751500000e-01
80	81	82	83	338.8281753	5.9751500000e-01
81	82	83	84	27.16152003	5.9751500000e-01
82	83	84	85	35.11025372	5.9751500000e-01
83	84	85	86	55.44753027	5.9751500000e-01
84	85	86	87	59.97604398	5.9751500000e-01
85	86	87	88	233.8230567	5.9751500000e-01
86	87	88	89	241.4555251	5.9751500000e-01
87	88	89	90	223.8310842	5.9751500000e-01
88	89	90	91	229.7456575	5.9751500000e-01
89	90	91	92	232.5276596	5.9751500000e-01
90	91	92	93	229.131462	5.9751500000e-01
91	92	93	94	227.554911	5.9751500000e-01
92	93	94	95	229.3743754	5.9751500000e-01
93	94	95	96	224.0109117	5.9751500000e-01
94	95	96	97	229.0748352	5.9751500000e-01
95	96	97	98	225.8829973	5.9751500000e-01
96	97	98	99	229.9256356	5.9751500000e-01
97	98	99	100	230.2978493	5.9751500000e-01
98	99	100	101	224.5122922	5.9751500000e-01
99	100	101	102	231.1369006	5.9751500000e-01
100	101	102	103	226.1874924	5.9751500000e-01
101	102	103	104	232.7118715	5.9751500000e-01
102	103	104	105	232.4530514	5.9751500000e-01
103	104	105	106	235.0843848	5.9751500000e-01
104	105	106	107	221.9500796	5.9751500000e-01
105	106	107	108	232.7945605	5.9751500000e-01
106	107	108	109	232.9520128	5.9751500000e-01
107	108	109	110	231.9821491	5.9751500000e-01
108	109	110	111	231.5923194	5.9751500000e-01
109	110	111	112	228.7780704	5.9751500000e-01
110	111	112	113	226.9036688	5.9751500000e-01
111	112	113	114	240.6254095	5.9751500000e-01
112	113	114	115	229.624918	5.9751500000e-01
113	114	115	116	73.81381221	5.9751500000e-01
114	115	116	117	300.001614	5.9751500000e-01
115	116	117	118	19.955969	5.9751500000e-01
116	117	118	119	264.8690788	5.9751500000e-01
117	118	119	120	45.60770221	5.9751500000e-01
118	119	120	121	6.160753874	5.9751500000e-01
119	120	121	122	79.77664854	5.9751500000e-01
120	121	122	123	240.2140864	5.9751500000e-01
121	122	123	124	233.3201077	5.9751500000e-01
122	123	124	125	225.7770134	5.9751500000e-01
123	124	125	126	230.1554008	5.9751500000e-01
124	125	126	127	228.9796972	5.9751500000e-01
125	126	127	128	229.5483621	5.9751500000e-01
126	127	128	129	226.8939458	5.9751500000e-01
127	128	129	130	232.0537568	5.9751500000e-01
128	129	130	131	225.1388614	5.9751500000e-01
129	130	131	132	235.8312827	5.9751500000e-01
130	131	132	133	64.18383386	5.9751500000e-01
131	132	133	134	293.8302409	5.9751500000e-01
132	133	134	135	200.1206434	5.9751500000e-01
160	161	162	163	234.1514971	5.9751500000e-01
161	162	163	164	253.1626721	5.9751500000e-01
162	163	164	165	269.4376328	5.9751500000e-01
163	164	165	166	38.22472596	5.9751500000e-01
164	165	166	167	63.88776717	5.9751500000e-01
165	166	167	168	233.0774912	5.9751500000e-01
166	167	168	169	228.8720854	5.9751500000e-01
167	168	169	170	228.8460078	5.9751500000e-01
168	169	170	171	231.8920666	5.9751500000e-01
169	170	171	172	230.4174272	5.9751500000e-01
170	171	172	173	229.8417905	5.9751500000e-01
171	172	173	174	229.973079	5.9751500000e-01
172	173	174	175	233.490099	5.9751500000e-01
173	174	175	176	229.7316815	5.9751500000e-01
174	175	176	177	235.9675373	5.9751500000e-01
175	176	177	178	73.3242964	5.9751500000e-01
176	177	178	179	332.3193155	5.9751500000e-01
177	178	179	180	0.3743220875	5.9751500000e-01
178	179	180	181	209.2880578	5.9751500000e-01
179	180	181	182	20.09181722	5.9751500000e-01
180	181	182	183	51.10640734	5.9751500000e-01
181	182	183	184	59.25784623	5.9751500000e-01
182	183	184	185	237.7934222	5.9751500000e-01
183	184	185	186	263.6274421	5.9751500000e-01
184	185	186	187	242.9913947	5.9751500000e-01
185	186	187	188	219.7789439	5.9751500000e-01
186	187	188	189	234.278744	5.9751500000e-01
187	188	189	190	229.3028696	5.9751500000e-01
188	189	190	191	233.4829477	5.9751500000e-01
189	190	191	192	230.4258004	5.9751500000e-01
190	191	192	193	225.3748945	5.9751500000e-01
191	192	193	194	230.3826013	5.9751500000e-01
192	193	194	195	232.8110288	5.9751500000e-01
193	194	195	196	228.9265898	5.9751500000e-01
194	195	196	197	231.0741262	5.9751500000e-01
195	196	197	198	223.1722456	5.9751500000e-01
196	197	198	199	234.5035305	5.9751500000e-01
197	198	199	200	226.1648603	5.9751500000e-01
198	199	200	201	219.1127002	5.9751500000e-01
199	200	201	202	227.8267612	5.9751500000e-01
200	201	202	203	239.4312925	5.9751500000e-01
201	202	203	204	220.6032998	5.9751500000e-01
202	203	204	205	233.3408552	5.9751500000e-01
203	204	205	206	227.9845106	5.9751500000e-01
204	205	206	207	238.0871475	5.9751500000e-01
205	206	207	208	224.9383518	5.9751500000e-01
206	207	208	209	233.7691083	5.9751500000e-01
207	208	209	210	224.1425982	5.9751500000e-01
208	209	210	211	236.5026513	5.9751500000e-01
209	210	211	212	231.1351964	5.9751500000e-01
210	211	212	213	58.20456549	5.9751500000e-01
211	212	213	214	322.4084963	5.9751500000e-01
212	213	214	215	22.44206459	5.9751500000e-01
213	214	215	216	256.185627	5.9751500000e-01
214	215	216	217	44.15618519	5.9751500000e-01
215	216	217	218	24.74021967	5.9751500000e-01
216	217	218	219	66.74333464	5.9751500000e-01
217	218	219	220	235.7450845	5.9751500000e-01
218	219	220	221	235.4551646	5.9751500000e-01
219	220	221	222	223.7406376	5.9751500000e-01
220	221	222	223	231.4884222	5.9751500000e-01
221	222	223	224	225.8025607	5.9751500000e-01
222	223	224	225	230.1082619	5.9751500000e-01
223	224	225	226	228.1208968	5.9751500000e-01
224	225	226	227	232.6860838	5.9751500000e-01
225	226	227	228	229.1468932	5.9751500000e-01
226	227	228	229	236.1448814	5.9751500000e-01
227	228	229	230	73.91987786	5.9751500000e-01
228	229	230	231	289.8593149	5.9751500000e-01
229	230	231	232	8.671643968	5.9751500000e-01
230	231	232	233	22.15699999	5.9751500000e-01
231	232	233	234	25.02210988	5.9751500000e-01
232	233	234	235	230.710623	5.9751500000e-01
233	234	235	236	254.5349248	5.9751500000e-01
234	235	236	237	280.456237	5.9751500000e-01
258	259	260	261	319.8523118	5.9751500000e-01
259	260	261	262	20.36497033	5.9751500000e-01
260	261	262	263	260.2356038	5.9751500000e-01
261	262	263	264	83.46989396	5.9751500000e-01
262	263	264	265	5.072044054	5.9751500000e-01
263	264	265	266	234.2861961	5.9751500000e-01
264	265	266	267	224.8521541	5.9751500000e-01
265	266	267	268	231.4658937	5.9751500000e-01
266	267	268	269	231.3307837	5.9751500000e-01
267	268	269	270	226.4416772	5.9751500000e-01
268	269	270	271	229.8316872	5.9751500000e-01
269	270	271	272	233.1922888	5.9751500000e-01
270	271	272	273	223.9436857	5.9751500000e-01
271	272	273	274	231.8704001	5.9751500000e-01
272	273	274	275	243.2021669	5.9751500000e-01
273	274	275	276	55.67184941	5.9751500000e-01
274	275	276	277	322.3549963	5.9751500000e-01
275	276	277	278	164.7227623	5.9751500000e-01
276	277	278	279	73.89391048	5.9751500000e-01
277	278	279	280	209.7096015	5.9751500000e-01
278	279	280	281	19.51895875	5.9751500000e-01
279	280	281	282	45.01603422	5.9751500000e-01
280	281	282	283	68.53890996	5.9751500000e-01
281	282	283	284	232.2386012	5.9751500000e-01
282	283	284	285	255.4534385	5.9751500000e-01
283	284	285	286	223.2107186	5.9751500000e-01
284	285	286	287	234.0035741	5.9751500000e-01
285	286	287	288	222.7453907	5.9751500000e-01
286	287	288	289	228.2141053	5.9751500000e-01
287	288	289	290	229.4712102	5.9751500000e-01
288	289	290	291	232.0592023	5.9751500000e-01
289	290	291	292	227.6639439	5.9751500000e-01
290	291	292	293	227.6306934	5.9751500000e-01
291	292	293	294	229.510075	5.9751500000e-01
292	293	294	295	230.5541529	5.9751500000e-01
293	294	295	296	225.8975255	5.9751500000e-01
294	295	296	297	233.4293759	5.9751500000e-01
295	296	297	298	229.7281551	5.9751500000e-01
296	297	298	299	231.7319067	5.9751500000e-01
297	298	299	300	222.8776873	5.9751500000e-01
298	299	300	301	228.955234	5.9751500000e-01
299	300	301	302	233.998387	5.9751500000e-01
300	301	302	303	218.8719207	5.9751500000e-01
301	302	303	304	231.947596	5.9751500000e-01
302	303	304	305	230.7003666	5.9751500000e-01
303	304	305	306	233.7886575	5.9751500000e-01
304	305	306	307	229.1214857	5.9751500000e-01
305	306	307	308	230.0971497	5.9751500000e-01
306	307	308	309	227.3180968	5.9751500000e-01
307	308	309	310	234.4696319	5.9751500000e-01
308	309	310	311	226.6276946	5.9751500000e-01
309	310	311	312	68.83145921	5.9751500000e-01
310	311	312	313	308.6953781	5.9751500000e-01
311	312	313	314	18.13099775	5.9751500000e-01
312	313	314	315	251.4330087	5.9751500000e-01
313	314	315	316	48.96756399	5.9751500000e-01
314	315	316	317	358.444673	5.9751500000e-01
315	316	317	318	91.17021246	5.9751500000e-01
316	317	318	319	242.1257892	5.9751500000e-01
317	318	319	320	229.3582706	5.9751500000e-01
318	319	320	321	231.7273375	5.9751500000e-01
319	320	321	322	227.2096194	5.9751500000e-01
320	321	322	323	228.7023977	5.9751500000e-01
321	322	323	324	230.0963302	5.9751500000e-01
322	323	324	325	221.4134476	5.9751500000e-01
323	324	325	326	225.375132	5.9751500000e-01
324	325	326	327	231.6909707	5.9751500000e-01
325	326	327	328	258.0193059	5.9751500000e-01
326	327	328	329	30.47718028	5.9751500000e-01
327	328	329	330	220.8908412	5.9751500000e-01
328	329	330	331	225.981706	5.9751500000e-01
329	330	331	332	236.5715273	5.9751500000e-01
330	331	332	333	224.1949403	5.9751500000e-01
331	332	333	334	231.1468576	5.9751500000e-01
332	333	334	335	215.281497	5.9751500000e-01
333	334	335	336	307.6193392	5.9751500000e-01
334	335	336	337	215.7431617	5.9751500000e-01
335	336	337	338	280.2787504	5.9751500000e-01
336	337	338	339	29.57044202	5.9751500000e-01
337	338	339	340	29.27301992	5.9751500000e-01
338	339	340	341	56.70940171	5.9751500000e-01
339	340	341	342	189.825598	5.9751500000e-01
340	341	342	343	299.8553764	5.9751500000e-01
341	342	343	344	14.61404909	5.9751500000e-01
342	343	344	345	103.4291951	5.9751500000e-01
343	344	345	346	93.07886746	5.9751500000e-01
344	345	346	347	78.24725823	5.9751500000e-01
345	346	347	348	331.9070415	5.9751500000e-01
346	347	348	349	1.486663655	5.9751500000e-01
347	348	349	350	65.03692921	5.9751500000e-01
348	349	350	351	56.46127422	5.9751500000e-01
349	350	351	352	240.9125716	5.9751500000e-01
401	402	403	404	230.9705438	5.9751500000e-01
402	403	404	405	230.7421998	5.9751500000e-01
403	404	405	406	232.8053845	5.9751500000e-01
404	405	406	407	225.4410185	5.9751500000e-01
405	406	407	408	236.8828536	5.9751500000e-01
406	407	408	409	231.5895705	5.9751500000e-01
407	408	409	410	234.500393	5.9751500000e-01
408	409	410	411	211.1557884	5.9751500000e-01
409	410	411	412	198.5745342	5.9751500000e-01
410	411	412	413	5.132767705	5.9751500000e-01
411	412	413	414	218.5112114	5.9751500000e-01
412	413	414	415	280.1487615	5.9751500000e-01
413	414	415	416	16.0144353	5.9751500000e-01
414	415	416	417	42.66326195	5.9751500000e-01
415	416	417	418	56.35674013	5.9751500000e-01
416	417	418	419	68.12374812	5.9751500000e-01
417	418	419	420	233.5980329	5.9751500000e-01
418	419	420	421	226.4383513	5.9751500000e-01
419	420	421	422	232.5038206	5.9751500000e-01
420	421	422	423	232.2366015	5.9751500000e-01
421	422	423	424	230.6511925	5.9751500000e-01
422	423	424	425	229.1856033	5.9751500000e-01
423	424	425	426	232.8164057	5.9751500000e-01
424	425	426	427	227.6766457	5.9751500000e-01
425	426	427	428	232.6049379	5.9751500000e-01
426	427	428	429	225.1050899	5.9751500000e-01
427	428	429	430	226.7255188	5.9751500000e-01
428	429	430	431	231.0260048	5.9751500000e-01
429	430	431	432	223.4557813	5.9751500000e-01
430	431	432	433	234.4103943	5.9751500000e-01
431	432	433	434	223.6794893	5.9751500000e-01
432	433	434	435	230.0693358	5.9751500000e-01
433	434	435	436	221.8065538	5.9751500000e-01
434	435	436	437	227.9831959	5.9751500000e-01
435	436	437	438	229.7891906	5.9751500000e-01
436	437	438	439	227.4890799	5.9751500000e-01
437	438	439	440	228.9928012	5.9751500000e-01
438	439	440	441	232.9465667	5.9751500000e-01
439	440	441	442	225.3895428	5.9751500000e-01
440	441	442	443	233.112868	5.9751500000e-01
441	442	443	444	227.2700203	5.9751500000e-01
442	443	444	445	226.3324156	5.9751500000e-01
443	444	445	446	235.7877702	5.9751500000e-01
444	445	446	447	222.3657904	5.9751500000e-01
445	446	447	448	62.42736178	5.9751500000e-01
446	447	448	449	321.8627045	5.9751500000e-01
447	448	449	450	19.65962872	5.9751500000e-01
448	449	450	451	256.1428542	5.9751500000e-01
449	450	451	452	29.78236067	5.9751500000e-01
450	451	452	453	357.8040953	5.9751500000e-01
451	452	453	454	88.36340173	5.9751500000e-01
452	453	454	455	244.6028756	5.9751500000e-01
453	454	455	456	225.3153639	5.9751500000e-01
454	455	456	457	231.8709104	5.9751500000e-01
455	456	457	458	229.9909481	5.9751500000e-01
456	457	458	459	224.3525267	5.9751500000e-01
457	458	459	460	233.1365021	5.9751500000e-01
458	459	460	461	232.1426855	5.9751500000e-01
459	460	461	462	229.1304807	5.9751500000e-01
460	461	462	463	226.1035913	5.9751500000e-01
461	462	463	464	217.8215253	5.9751500000e-01
462	463	464	465	249.7040483	5.9751500000e-01
463	464	465	466	63.41689261	5.9751500000e-01
464	465	466	467	104.3702602	5.9751500000e-01
465	466	467	468	205.9229206	5.9751500000e-01
466	467	468	469	235.5473264	5.9751500000e-01
467	468	469	470	226.8740163	5.9751500000e-01
468	469	470	471	234.1342781	5.9751500000e-01
469	470	471	472	218.3957242	5.9751500000e-01
470	471	472	473	233.4026567	5.9751500000e-01
471	472	473	474	228.4545953	5.9751500000e-01
472	473	474	475	231.3730452	5.9751500000e-01
473	474	475	476	223.5608014	5.9751500000e-01
474	475	476	477	230.0254396	5.9751500000e-01
475	476	477	478	225.2522469	5.9751500000e-01
476	477	478	479	231.3149685	5.9751500000e-01
477	478	479	480	230.05934	5.9751500000e-01
478	479	480	481	226.1920511	5.9751500000e-01
479	480	481	482	231.5078514	5.9751500000e-01
480	481	482	483	224.7252281	5.9751500000e-01
481	482	483	484	233.0506453	5.9751500000e-01
482	483	484	485	225.2247654	5.9751500000e-01
483	484	485	486	250.0450626	5.9751500000e-01
484	485	486	487	267.5837946	5.9751500000e-01
531	532	533	534	219.2895349	5.9751500000e-01
532	533	534	535	237.7439869	5.9751500000e-01
533	534	535	536	225.8005399	5.9751500000e-01
534	535	536	537	234.0851645	5.9751500000e-01
535	536	537	538	228.6044948	5.9751500000e-01
536	537	538	539	235.1101437	5.9751500000e-01
537	538	539	540	225.6482871	5.9751500000e-01
538	539	540	541	229.5244358	5.9751500000e-01
539	540	541	542	220.6513829	5.9751500000e-01
540	541	542	543	237.0774303	5.9751500000e-01
541	542	543	544	230.9285643	5.9751500000e-01
542	543	544	545	243.820172	5.9751500000e-01
543	544	545	546	19.78916588	5.9751500000e-01
544	545	546	547	305.2643638	5.9751500000e-01
545	546	547	548	85.045373	5.9751500000e-01
546	547	548	549	25.22406344	5.9751500000e-01
547	548	549	550	255.8297177	5.9751500000e-01
548	549	550	551	78.51312311	5.9751500000e-01
549	550	551	552	49.61008208	5.9751500000e-01
550	551	552	553	223.6375607	5.9751500000e-01
551	552	553	554	231.1026315	5.9751500000e-01
552	553	554	555	227.8662514	5.9751500000e-01
553	554	555	556	234.6516009	5.9751500000e-01
554	555	556	557	230.2595409	5.9751500000e-01
555	556	557	558	232.1521371	5.9751500000e-01
556	557	558	559	228.2528975	5.9751500000e-01
557	558	559	560	226.5805076	5.9751500000e-01
558	559	560	561	230.7531286	5.9751500000e-01
559	560	561	562	223.8346617	5.9751500000e-01
560	561	562	563	227.3402796	5.9751500000e-01
561	562	563	564	236.5949362	5.9751500000e-01
562	563	564	565	236.5348082	5.9751500000e-01
563	564	565	566	222.3649931	5.9751500000e-01
564	565	566	567	179.4251032	5.9751500000e-01
565	566	567	568	45.68125201	5.9751500000e-01
566	567	568	569	211.5018814	5.9751500000e-01
567	568	569	570	332.7507576	5.9751500000e-01
568	569	570	571	18.9951389	5.9751500000e-01
569	570	571	572	37.66730009	5.9751500000e-01
570	571	572	573	52.38030482	5.9751500000e-01
571	572	573	574	55.4620253	5.9751500000e-01
572	573	574	575	235.82718	5.9751500000e-01
573	574	575	576	241.1967807	5.9751500000e-01
574	575	576	577	224.614595	5.9751500000e-01
575	576	577	578	229.6681479	5.9751500000e-01
576	577	578	579	233.2291441	5.9751500000e-01
577	578	579	580	227.5498667	5.9751500000e-01
578	579	580	581	228.5127012	5.9751500000e-01
579	580	581	582	228.9856318	5.9751500000e-01
580	581	582	583	223.8759432	5.9751500000e-01
581	582	583	584	231.0059155	5.9751500000e-01
582	583	584	585	225.4997954	5.9751500000e-01
583	584	585	586	229.7827547	5.9751500000e-01
584	585	586	587	230.9493984	5.9751500000e-01
585	586	587	588	223.9712	5.9751500000e-01
586	587	588	589	231.2546565	5.9751500000e-01
587	588	589	590	226.5682716	5.9751500000e-01
588	589	590	591	231.6968791	5.9751500000e-01
589	590	591	592	232.4789096	5.9751500000e-01
590	591	592	593	234.9925549	5.9751500000e-01
591	592	593	594	222.2204877	5.9751500000e-01
592	593	594	595	232.5664264	5.9751500000e-01
593	594	595	596	232.624893	5.9751500000e-01
594	595	596	597	233.4490973	5.9751500000e-01
595	596	597	598	230.2125347	5.9751500000e-01
596	597	598	599	228.2468665	5.9751500000e-01
597	598	599	600	228.1139104	5.9751500000e-01
598	599	600	601	239.0237468	5.9751500000e-01
599	600	601	602	229.9621646	5.9751500000e-01
600	601	602	603	76.01603697	5.9751500000e-01
601	602	603	604	298.6402477	5.9751500000e-01
602	603	604	605	19.67463834	5.9751500000e-01
603	604	605	606	265.8589335	5.9751500000e-01
604	605	606	607	42.43541276	5.9751500000e-01
605	606	607	608	4.458633514	5.9751500000e-01
606	607	608	609	84.15950814	5.9751500000e-01
607	608	609	610	239.3193153	5.9751500000e-01
608	609	610	611	233.9311693	5.9751500000e-01
609	610	611	612	226.5365536	5.9751500000e-01
610	611	612	613	230.2962396	5.9751500000e-01
611	612	613	614	229.2041528	5.9751500000e-01
612	613	614	615	228.7105536	5.9751500000e-01
613	614	615	616	227.7392641	5.9751500000e-01
614	615	616	617	230.439236	5.9751500000e-01
615	616	617	618	225.8146052	5.9751500000e-01
616	617	618	619	235.8050439	5.9751500000e-01
617	618	619	620	62.18472052	5.9751500000e-01
618	619	620	621	297.2994775	5.9751500000e-01
619	620	621	622	195.9132474	5.9751500000e-01
647	648	649	650	245.0028882	5.9751500000e-01
648	649	650	651	254.7769375	5.9751500000e-01
649	650	651	652	262.7134054	5.9751500000e-01
650	651	652	653	22.62886526	5.9751500000e-01
651	652	653	654	68.56509987	5.9751500000e-01
652	653	654	655	230.4761543	5.9751500000e-01
653	654	655	656	229.9124705	5.9751500000e-01
654	655	656	657	225.5934433	5.9751500000e-01
655	656	657	658	233.9497872	5.9751500000e-01
656	657	658	659	229.9546258	5.9751500000e-01
657	658	659	660	228.1038663	5.9751500000e-01
658	659	660	661	230.0512333	5.9751500000e-01
659	660	661	662	232.9222167	5.9751500000e-01
660	661	662	663	228.3196637	5.9751500000e-01
661	662	663	664	236.4914443	5.9751500000e-01
662	663	664	665	71.20987936	5.9751500000e-01
663	664	665	666	331.4520447	5.9751500000e-01
664	665	666	667	1.466759231	5.9751500000e-01
665	666	667	668	208.812592	5.9751500000e-01
666	667	668	669	16.22421463	5.9751500000e-01
667	668	669	670	50.52489526	5.9751500000e-01
668	669	670	671	64.66863141	5.9751500000e-01
669	670	671	672	238.1513607	5.9751500000e-01
670	671	672	673	264.9186227	5.9751500000e-01
671	672	673	674	241.7680587	5.9751500000e-01
672	673	674	675	219.8052982	5.9751500000e-01
673	674	675	676	234.3202372	5.9751500000e-01
674	675	676	677	228.7819233	5.9751500000e-01
675	676	677	678	232.4368527	5.9751500000e-01
676	677	678	679	230.3614571	5.9751500000e-01
677	678	679	680	226.7581732	5.9751500000e-01
678	679	680	681	229.1729361	5.9751500000e-01
679	680	681	682	234.751833	5.9751500000e-01
680	681	682	683	225.9238167	5.9751500000e-01
681	682	683	684	230.4115953	5.9751500000e-01
682	683	684	685	223.0058447	5.9751500000e-01
683	684	685	686	234.6414494	5.9751500000e-01
684	685	686	687	228.2060769	5.9751500000e-01
685	686	687	688	220.1930369	5.9751500000e-01
686	687	688	689	228.1170138	5.9751500000e-01
687	688	689	690	237.923353	5.9751500000e-01
688	689	690	691	219.7308267	5.9751500000e-01
689	690	691	692	233.8575972	5.9751500000e-01
690	691	692	693	226.4095778	5.9751500000e-01
691	692	693	694	237.3498633	5.9751500000e-01
692	693	694	695	226.1345943	5.9751500000e-01
693	694	695	696	231.3490102	5.9751500000e-01
694	695	696	697	224.2051407	5.9751500000e-01
695	696	697	698	236.4558328	5.9751500000e-01
696	697	698	699	230.1674342	5.9751500000e-01
697	698	699	700	60.05525927	5.9751500000e-01
698	699	700	701	318.0163816	5.9751500000e-01
699	700	701	702	23.77928094	5.9751500000e-01
700	701	702	703	256.6347184	5.9751500000e-01
701	702	703	704	45.57475036	5.9751500000e-01
702	703	704	705	27.82269755	5.9751500000e-01
703	704	705	706	65.00450759	5.9751500000e-01
704	705	706	707	237.04733	5.9751500000e-01
705	706	707	708	235.2232504	5.9751500000e-01
706	707	708	709	224.8669493	5.9751500000e-01
707	708	709	710	231.6155042	5.9751500000e-01
708	709	710	711	225.4720699	5.9751500000e-01
709	710	711	712	230.3821287	5.9751500000e-01
710	711	712	713	227.9318375	5.9751500000e-01
711	712	713	714	231.488108	5.9751500000e-01
712	713	714	715	233.0184907	5.9751500000e-01
713	714	715	716	231.6762743	5.9751500000e-01
714	715	716	717	73.37660214	5.9751500000e-01
715	716	717	718	294.0887795	5.9751500000e-01
716	717	718	719	10.01124666	5.9751500000e-01
717	718	719	720	21.21285098	5.9751500000e-01
718	719	720	721	19.70721755	5.9751500000e-01
719	720	721	722	231.0176226	5.9751500000e-01
720	721	722	723	255.2869795	5.9751500000e-01
721	722	723	724	99.56586467	5.9751500000e-01
745	746	747	748	318.330531	5.9751500000e-01
746	747	748	749	21.01292012	5.9751500000e-01
747	748	749	750	266.9692785	5.9751500000e-01
748	749	750	751	79.16270644	5.9751500000e-01
749	750	751	752	4.217485832	5.9751500000e-01
750	751	752	753	231.9894207	5.9751500000e-01
751	752	753	754	228.0349467	5.9751500000e-01
752	753	754	755	230.4366506	5.9751500000e-01
753	754	755	756	230.8147485	5.9751500000e-01
754	755	756	757	226.3532246	5.9751500000e-01
755	756	757	758	231.0296873	5.9751500000e-01
756	757	758	759	231.0954127	5.9751500000e-01
757	758	759	760	227.26126	5.9751500000e-01
758	759	760	761	223.3091564	5.9751500000e-01
759	760	761	762	251.5544278	5.9751500000e-01
760	761	762	763	50.63279342	5.9751500000e-01
761	762	763	764	319.6147684	5.9751500000e-01
762	763	764	765	166.3633535	5.9751500000e-01
763	764	765	766	74.23183816	5.9751500000e-01
764	765	766	767	202.4509437	5.9751500000e-01
765	766	767	768	26.46468571	5.9751500000e-01
766	767	768	769	46.93531993	5.9751500000e-01
767	768	769	770	65.79787043	5.9751500000e-01
768	769	770	771	231.0012566	5.9751500000e-01
769	770	771	772	256.8487859	5.9751500000e-01
770	771	772	773	224.4462022	5.9751500000e-01
771	772	773	774	231.876304	5.9751500000e-01
772	773	774	775	224.4692978	5.9751500000e-01
773	774	775	776	225.4352666	5.9751500000e-01
774	775	776	777	232.3837353	5.9751500000e-01
775	776	777	778	231.8205007	5.9751500000e-01
776	777	778	779	228.0576268	5.9751500000e-01
777	778	779	780	229.3715668	5.9751500000e-01
778	779	780	781	227.2212809	5.9751500000e-01
779	780	781	782	231.1635054	5.9751500000e-01
780	781	782	783	226.9008985	5.9751500000e-01
781	782	783	784	231.9086588	5.9751500000e-01
782	783	784	785	229.4958216	5.9751500000e-01
783	784	785	786	233.4820972	5.9751500000e-01
784	785	786	787	220.5221847	5.9751500000e-01
785	786	787	788	230.2568613	5.9751500000e-01
786	787	788	789	233.2408438	5.9751500000e-01
787	788	789	790	221.0387317	5.9751500000e-01
788	789	790	791	228.2677392	5.9751500000e-01
789	790	791	792	232.6981429	5.9751500000e-01
790	791	792	793	230.3712411	5.9751500000e-01
791	792	793	794	230.1345649	5.9751500000e-01
792	793	794	795	229.6854251	5.9751500000e-01
793	794	795	796	230.6995506	5.9751500000e-01
794	795	796	797	232.1833853	5.9751500000e-01
795	796	797	798	231.2222053	5.9751500000e-01
796	797	798	799	73.12216902	5.9751500000e-01
797	798	799	800	303.962934	5.9751500000e-01
798	799	800	801	16.55707491	5.9751500000e-01
799	800	801	802	252.960486	5.9751500000e-01
800	801	802	803	47.43408881	5.9751500000e-01
801	802	803	804	358.6676666	5.9751500000e-01
802	803	804	805	91.90633194	5.9751500000e-01
803	804	805	806	242.1753846	5.9751500000e-01
804	805	806	807	229.9698841	5.9751500000e-01
805	806	807	808	230.5591966	5.9751500000e-01
806	807	808	809	227.7233977	5.9751500000e-01
807	808	809	810	228.501375	5.9751500000e-01
808	809	810	811	229.8038028	5.9751500000e-01
809	810	811	812	220.7804877	5.9751500000e-01
810	811	812	813	227.5601851	5.9751500000e-01
811	812	813	814	230.2676114	5.9751500000e-01
812	813	814	815	259.8464863	5.9751500000e-01
813	814	815	816	28.13065532	5.9751500000e-01
814	815	816	817	220.2600511	5.9751500000e-01
815	816	817	818	226.0161563	5.9751500000e-01
816	817	818	819	235.6821099	5.9751500000e-01
817	818	819	820	224.5462481	5.9751500000e-01
818	819	820	821	230.993154	5.9751500000e-01
819	820	821	822	215.6165828	5.9751500000e-01
820	821	822	823	305.76482	5.9751500000e-01
821	822	823	824	216.7099839	5.9751500000e-01
822	823	824	825	280.6774997	5.9751500000e-01
823	824	825	826	30.71230611	5.9751500000e-01
824	825	826	827	28.14569602	5.9751500000e-01
825	826	827	828	54.89215632	5.9751500000e-01
826	827	828	829	189.8169752	5.9751500000e-01
827	828	829	830	301.4762659	5.9751500000e-01
828	829	830	831	15.22289011	5.9751500000e-01
829	830	831	832	102.5688996	5.9751500000e-01
830	831	832	833	91.01450296	5.9751500000e-01
831	832	833	834	79.95497914	5.9751500000e-01
832	833	834	835	330.7056479	5.9751500000e-01
833	834	835	836	1.338315124	5.9751500000e-01
834	835	836	837	65.40705845	5.9751500000e-01
835	836	837	838	53.70009664	5.9751500000e-01
836	837	838	839	243.1460979	5.9751500000e-01
888	889	890	891	230.6773716	5.9751500000e-01
889	890	891	892	234.00348	5.9751500000e-01
890	891	892	893	231.6507856	5.9751500000e-01
891	892	893	894	228.8879262	5.9751500000e-01
892	893	894	895	237.275164	5.9751500000e-01
893	894	895	896	233.1190467	5.9751500000e-01
894	895	896	897	231.0163803	5.9751500000e-01
895	896	897	898	212.2162613	5.9751500000e-01
896	897	898	899	196.1683141	5.9751500000e-01
897	898	899	900	1.924273266	5.9751500000e-01
898	899	900	901	223.2095076	5.9751500000e-01
899	900	901	902	275.9525145	5.9751500000e-01
900	901	902	903	15.91238371	5.9751500000e-01
901	902	903	904	41.96544709	5.9751500000e-01
902	903	904	905	56.83925147	5.9751500000e-01
903	904	905	906	67.99526756	5.9751500000e-01
904	905	906	907	231.131507	5.9751500000e-01
905	906	907	908	228.1146087	5.9751500000e-01
906	907	908	909	232.6581022	5.9751500000e-01
907	908	909	910	233.1635484	5.9751500000e-01
908	909	910	911	232.7942849	5.9751500000e-01
909	910	911	912	228.2906335	5.9751500000e-01
910	911	912	913	231.4020948	5.9751500000e-01
911	912	913	914	228.1349436	5.9751500000e-01
912	913	914	915	233.5002438	5.9751500000e-01
913	914	915	916	223.6926372	5.9751500000e-01
914	915	916	917	230.0434275	5.9751500000e-01
915	916	917	918	230.1156431	5.9751500000e-01
916	917	918	919	224.3258817	5.9751500000e-01
917	918	919	920	234.7321942	5.9751500000e-01
918	919	920	921	225.8680435	5.9751500000e-01
919	920	921	922	227.6261613	5.9751500000e-01
920	921	922	923	223.037212	5.9751500000e-01
921	922	923	924	225.6730414	5.9751500000e-01
922	923	924	925	230.6896114	5.9751500000e-01
923	924	925	926	226.7703053	5.9751500000e-01
924	925	926	927	230.1854756	5.9751500000e-01
925	926	927	928	233.2447953	5.9751500000e-01
926	927	928	929	224.8963011	5.9751500000e-01
927	928	929	930	235.5315265	5.9751500000e-01
928	929	930	931	223.9933578	5.9751500000e-01
929	930	931	932	229.6909242	5.9751500000e-01
930	931	932	933	233.3389735	5.9751500000e-01
931	932	933	934	224.4384164	5.9751500000e-01
932	933	934	935	64.16481376	5.9751500000e-01
933	934	935	936	321.8519758	5.9751500000e-01
934	935	936	937	20.81186595	5.9751500000e-01
935	936	937	938	258.9631622	5.9751500000e-01
936	937	938	939	27.39765199	5.9751500000e-01
937	938	939	940	353.1777239	5.9751500000e-01
938	939	940	941	90.61248376	5.9751500000e-01
939	940	941	942	244.2420407	5.9751500000e-01
940	941	942	943	226.0398404	5.9751500000e-01
941	942	943	944	231.7446429	5.9751500000e-01
942	943	944	945	228.9789952	5.9751500000e-01
943	944	945	946	223.8489957	5.9751500000e-01
944	945	946	947	233.1413844	5.9751500000e-01
945	946	947	948	231.1142518	5.9751500000e-01
946	947	948	949	230.8545825	5.9751500000e-01
947	948	949	950	225.1607311	5.9751500000e-01
948	949	950	951	218.6347516	5.9751500000e-01
949	950	951	952	249.3706951	5.9751500000e-01
950	951	952	953	68.0950403	5.9751500000e-01
951	952	953	954	99.3530721	5.9751500000e-01
952	953	954	955	207.3910455	5.9751500000e-01
953	954	955	956	236.9426646	5.9751500000e-01
954	955	956	957	229.2639533	5.9751500000e-01
955	956	957	958	233.543023	5.9751500000e-01
956	957	958	959	220.0990422	5.9751500000e-01
957	958	959	960	233.1133956	5.9751500000e-01
958	959	960	961	226.414632	5.9751500000e-01
959	960	961	962	231.139128	5.9751500000e-01
960	961	962	963	225.7907865	5.9751500000e-01
961	962	963	964	229.0137188	5.9751500000e-01
962	963	964	965	228.3046248	5.9751500000e-01
963	964	965	966	232.2141894	5.9751500000e-01
964	965	966	967	228.7050299	5.9751500000e-01
965	966	967	968	228.8777118	5.9751500000e-01
966	967	968	969	227.8981437	5.9751500000e-01
967	968	969	970	223.9815401	5.9751500000e-01
968	969	970	971	230.2150951	5.9751500000e-01
969	970	971	972	228.2633325	5.9751500000e-01
970	971	972	973	228.9797494	5.9751500000e-01
971	972	973	974	291.3728632	5.9751500000e-01
