552 12.020 0.0 0.0
553 12.040 0.0 0.0
554 12.060 0.0 0.0
555 12.080 0.0 0.0
556 12.100 0.0 0.0
557 12.120 0.0 0.0
558 12.140 0.0 0.0
559 12.160 0.0 0.0
560 12.180 0.0 0.0
561 12.200 0.0 0.0
562 12.220 0.0 0.0
563 12.240 0.0 0.0
564 12.260 0.0 0.0
565 12.280 0.0 0.0
566 12.300 0.0 0.0
567 12.320 0.0 0.0
568 12.340 0.0 0.0
569 12.360 0.0 0.0
570 12.380 0.0 0.0
571 12.400 0.0 0.0
572 12.420 0.0 0.0
573 12.440 0.0 0.0
574 12.460 0.0 0.0
575 12.480 0.0 0.0
576 12.500 0.0 0.0
577 12.520 0.0 0.0
578 12.540 0.0 0.0
579 12.560 0.0 0.0
580 12.580 0.0 0.0
581 12.600 0.0 0.0
582 12.620 0.0 0.0
583 12.640 0.0 0.0
584 12.660 0.0 0.0
585 12.680 0.0 0.0
586 12.700 0.0 0.0
587 12.720 0.0 0.0
588 12.740 0.0 0.0
589 12.760 0.0 0.0
590 12.780 0.0 0.0
591 12.800 0.0 0.0
592 12.820 0.0 0.0
593 12.840 0.0 0.0
594 12.860 0.0 0.0
595 12.880 0.0 0.0
596 12.900 0.0 0.0
597 12.920 0.0 0.0
598 12.940 0.0 0.0
599 12.960 0.0 0.0
600 12.980 0.0 0.0
601 13.000 0.0 0.0
602 13.020 0.0 0.0
603 13.040 0.0 0.0
604 13.060 0.0 0.0
605 13.080 0.0 0.0
606 13.100 0.0 0.0
607 13.120 0.0 0.0
608 13.140 0.0 0.0
609 13.160 0.0 0.0
610 13.180 0.0 0.0
611 13.200 0.0 0.0
612 13.220 0.0 0.0
613 13.240 0.0 0.0
614 13.260 0.0 0.0
615 13.280 0.0 0.0
616 13.300 0.0 0.0
617 13.320 0.0 0.0
618 13.340 0.0 0.0
619 13.360 0.0 0.0
620 13.380 0.0 0.0
621 13.400 0.0 0.0
622 13.420 0.0 0.0
623 13.440 0.0 0.0
624 13.460 0.0 0.0
625 13.480 0.0 0.0
626 13.500 0.0 0.0
627 13.520 0.0 0.0
628 13.540 0.0 0.0
629 13.560 0.0 0.0
630 13.580 0.0 0.0
631 13.600 0.0 0.0
632 13.620 0.0 0.0
633 13.640 0.0 0.0
634 13.660 0.0 0.0
635 13.680 0.0 0.0
636 13.700 0.0 0.0
637 13.720 0.0 0.0
638 13.740 0.0 0.0
639 13.760 0.0 0.0
640 13.780 0.0 0.0
641 13.800 0.0 0.0
642 13.820 0.0 0.0
643 13.840 0.0 0.0
644 13.860 0.0 0.0
645 13.880 0.0 0.0
646 13.900 0.0 0.0
647 13.920 0.0 0.0
648 13.940 0.0 0.0
649 13.960 0.0 0.0
650 13.980 0.0 0.0
651 14.000 0.0 0.0
652 14.020 0.0 0.0
653 14.040 0.0 0.0
654 14.060 0.0 0.0
655 14.080 0.0 0.0
656 14.100 0.0 0.0
657 14.120 0.0 0.0
658 14.140 0.0 0.0
659 14.160 0.0 0.0
660 14.180 0.0 0.0
661 14.200 0.0 0.0
662 14.220 0.0 0.0
663 14.240 0.0 0.0
664 14.260 0.0 0.0
665 14.280 0.0 0.0
666 14.300 0.0 0.0
667 14.320 0.0 0.0
668 14.340 0.0 0.0
669 14.360 0.0 0.0
670 14.380 0.0 0.0
671 14.400 0.0 0.0
672 14.420 0.0 0.0
673 14.440 0.0 0.0
674 14.460 0.0 0.0
675 14.480 0.0 0.0
676 14.500 0.0 0.0
677 14.520 0.0 0.0
678 14.540 0.0 0.0
679 14.560 0.0 0.0
680 14.580 0.0 0.0
681 14.600 0.0 0.0
682 14.620 0.0 0.0
683 14.640 0.0 0.0
684 14.660 0.0 0.0
685 14.680 0.0 0.0
686 14.700 0.0 0.0
687 14.720 0.0 0.0
688 14.740 0.0 0.0
689 14.760 0.0 0.0
690 14.780 0.0 0.0
691 14.800 0.0 0.0
692 14.820 0.0 0.0
693 14.840 0.0 0.0
694 14.860 0.0 0.0
695 14.880 0.0 0.0
696 14.900 0.0 0.0
697 14.920 0.0 0.0
698 14.940 0.0 0.0
699 14.960 0.0 0.0
700 14.980 0.0 0.0
701 15.000 0.0 0.0
702 15.020 0.0 0.0
703 15.040 0.0 0.0
704 15.060 0.0 0.0
705 15.080 0.0 0.0
706 15.100 0.0 0.0
707 15.120 0.0 0.0
708 15.140 0.0 0.0
709 15.160 0.0 0.0
710 15.180 0.0 0.0
711 15.200 0.0 0.0
712 15.220 0.0 0.0
713 15.240 0.0 0.0
714 15.260 0.0 0.0
715 15.280 0.0 0.0
716 15.300 0.0 0.0
717 15.320 0.0 0.0
718 15.340 0.0 0.0
719 15.360 0.0 0.0
720 15.380 0.0 0.0
721 15.400 0.0 0.0
722 15.420 0.0 0.0
723 15.440 0.0 0.0
724 15.460 0.0 0.0
725 15.480 0.0 0.0
726 15.500 0.0 0.0
727 15.520 0.0 0.0
728 15.540 0.0 0.0
729 15.560 0.0 0.0
730 15.580 0.0 0.0
731 15.600 0.0 0.0
732 15.620 0.0 0.0
733 15.640 0.0 0.0
734 15.660 0.0 0.0
735 15.680 0.0 0.0
736 15.700 0.0 0.0
737 15.720 0.0 0.0
738 15.740 0.0 0.0
739 15.760 0.0 0.0
740 15.780 0.0 0.0
741 15.800 0.0 0.0
742 15.820 0.0 0.0
743 15.840 0.0 0.0
744 15.860 0.0 0.0
745 15.880 0.0 0.0
746 15.900 0.0 0.0
747 15.920 0.0 0.0
748 15.940 0.0 0.0
749 15.960 0.0 0.0
750 15.980 0.0 0.0
751 16.000 0.0 0.0
752 16.020 0.0 0.0
753 16.040 0.0 0.0
754 16.060 0.0 0.0
755 16.080 0.0 0.0
756 16.100 0.0 0.0
757 16.120 0.0 0.0
758 16.140 0.0 0.0
759 16.160 0.0 0.0
760 16.180 0.0 0.0
761 16.200 0.0 0.0
762 16.220 0.0 0.0
763 16.240 0.0 0.0
764 16.260 0.0 0.0
765 16.280 0.0 0.0
766 16.300 0.0 0.0
767 16.320 0.0 0.0
768 16.340 0.0 0.0
769 16.360 0.0 0.0
770 16.380 0.0 0.0
771 16.400 0.0 0.0
772 16.420 0.0 0.0
773 16.440 0.0 0.0
774 16.460 0.0 0.0
775 16.480 0.0 0.0
776 16.500 0.0 0.0
777 16.520 0.0 0.0
778 16.540 0.0 0.0
779 16.560 0.0 0.0
780 16.580 0.0 0.0
781 16.600 0.0 0.0
782 16.620 0.0 0.0
783 16.640 0.0 0.0
784 16.660 0.0 0.0
785 16.680 0.0 0.0
786 16.700 0.0 0.0
787 16.720 0.0 0.0
788 16.740 0.0 0.0
789 16.760 0.0 0.0
790 16.780 0.0 0.0
791 16.800 0.0 0.0
792 16.820 0.0 0.0
793 16.840 0.0 0.0
794 16.860 0.0 0.0
795 16.880 0.0 0.0
796 16.900 0.0 0.0
797 16.920 0.0 0.0
798 16.940 0.0 0.0
799 16.960 0.0 0.0
800 16.980 0.0 0.0
801 17.000 0.0 0.0
802 17.020 0.0 0.0
803 17.040 0.0 0.0
804 17.060 0.0 0.0
805 17.080 0.0 0.0
806 17.100 0.0 0.0
807 17.120 0.0 0.0
808 17.140 0.0 0.0
809 17.160 0.0 0.0
810 17.180 0.0 0.0
811 17.200 0.0 0.0
812 17.220 0.0 0.0
813 17.240 0.0 0.0
814 17.260 0.0 0.0
815 17.280 0.0 0.0
816 17.300 0.0 0.0
817 17.320 0.0 0.0
818 17.340 0.0 0.0
819 17.360 0.0 0.0
820 17.380 0.0 0.0
821 17.400 0.0 0.0
822 17.420 0.0 0.0
823 17.440 0.0 0.0
824 17.460 0.0 0.0
825 17.480 0.0 0.0
826 17.500 0.0 0.0
827 17.520 0.0 0.0
828 17.540 0.0 0.0
829 17.560 0.0 0.0
830 17.580 0.0 0.0
831 17.600 0.0 0.0
832 17.620 0.0 0.0
833 17.640 0.0 0.0
834 17.660 0.0 0.0
835 17.680 0.0 0.0
836 17.700 0.0 0.0
837 17.720 0.0 0.0
838 17.740 0.0 0.0
839 17.760 0.0 0.0
840 17.780 0.0 0.0
841 17.800 0.0 0.0
842 17.820 0.0 0.0
843 17.840 0.0 0.0
844 17.860 0.0 0.0
845 17.880 0.0 0.0
846 17.900 0.0 0.0
847 17.920 0.0 0.0
848 17.940 0.0 0.0
849 17.960 0.0 0.0
850 17.980 0.0 0.0
851 18.000 0.0 0.0
852 18.020 0.0 0.0
853 18.040 0.0 0.0
854 18.060 0.0 0.0
855 18.080 0.0 0.0
856 18.100 0.0 0.0
857 18.120 0.0 0.0
858 18.140 0.0 0.0
859 18.160 0.0 0.0
860 18.180 0.0 0.0
861 18.200 0.0 0.0
862 18.220 0.0 0.0
863 18.240 0.0 0.0
864 18.260 0.0 0.0
865 18.280 0.0 0.0
866 18.300 0.0 0.0
867 18.320 0.0 0.0
868 18.340 0.0 0.0
869 18.360 0.0 0.0
870 18.380 0.0 0.0
871 18.400 0.0 0.0
872 18.420 0.0 0.0
873 18.440 0.0 0.0
874 18.460 0.0 0.0
875 18.480 0.0 0.0
876 18.500 0.0 0.0
877 18.520 0.0 0.0
878 18.540 0.0 0.0
879 18.560 0.0 0.0
880 18.580 0.0 0.0
881 18.600 0.0 0.0
882 18.620 0.0 0.0
883 18.640 0.0 0.0
884 18.660 0.0 0.0
885 18.680 0.0 0.0
886 18.700 0.0 0.0
887 18.720 0.0 0.0
888 18.740 0.0 0.0
889 18.760 0.0 0.0
890 18.780 0.0 0.0
891 18.800 0.0 0.0
892 18.820 0.0 0.0
893 18.840 0.0 0.0
894 18.860 0.0 0.0
895 18.880 0.0 0.0
896 18.900 0.0 0.0
897 18.920 0.0 0.0
898 18.940 0.0 0.0
899 18.960 0.0 0.0
900 18.980 0.0 0.0
901 19.000 0.0 0.0
902 19.020 0.0 0.0
903 19.040 0.0 0.0
904 19.060 0.0 0.0
905 19.080 0.0 0.0
906 19.100 0.0 0.0
907 19.120 0.0 0.0
908 19.140 0.0 0.0
909 19.160 0.0 0.0
910 19.180 0.0 0.0
911 19.200 0.0 0.0
912 19.220 0.0 0.0
913 19.240 0.0 0.0
914 19.260 0.0 0.0
915 19.280 0.0 0.0
916 19.300 0.0 0.0
917 19.320 0.0 0.0
918 19.340 0.0 0.0
919 19.360 0.0 0.0
920 19.380 0.0 0.0
921 19.400 0.0 0.0
922 19.420 0.0 0.0
923 19.440 0.0 0.0
924 19.460 0.0 0.0
925 19.480 0.0 0.0
926 19.500 0.0 0.0
927 19.520 0.0 0.0
928 19.540 0.0 0.0
929 19.560 0.0 0.0
930 19.580 0.0 0.0
931 19.600 0.0 0.0
932 19.620 0.0 0.0
933 19.640 0.0 0.0
934 19.660 0.0 0.0
935 19.680 0.0 0.0
936 19.700 0.0 0.0
937 19.720 0.0 0.0
938 19.740 0.0 0.0
939 19.760 0.0 0.0
940 19.780 0.0 0.0
941 19.800 0.0 0.0
942 19.820 0.0 0.0
943 19.840 0.0 0.0
944 19.860 0.0 0.0
945 19.880 0.0 0.0
946 19.900 0.0 0.0
947 19.920 0.0 0.0
948 19.940 0.0 0.0
949 19.960 0.0 0.0
950 19.980 0.0 0.0
951 20.000 0.0 0.0
