1.000000 40.473513 19.999072
1.020000 40.073531 19.999098
1.040000 39.673549 19.999176
1.060000 39.273564 19.999305
1.080000 38.873576 19.999486
1.100000 38.473584 19.999719
1.120000 38.073587 20.000004
1.140000 37.673584 20.000341
1.160000 37.273573 20.000729
1.180000 36.873554 20.001169
1.200000 36.473526 20.001661
1.220000 36.073488 20.002061
1.240000 35.673445 20.002224
1.260000 35.273401 20.002152
1.280000 34.873361 20.001843
1.300000 34.473329 20.001299
1.320000 34.073310 20.000518
1.340000 33.673310 19.999501
1.360000 33.273332 19.998248
1.380000 32.873381 19.996759
1.400000 32.473463 19.995034
1.420000 32.073578 19.993580
1.440000 31.673715 19.992905
1.460000 31.273857 19.993009
1.480000 30.873989 19.993892
1.500000 30.474096 19.995554
1.520000 30.074162 19.997995
1.540000 29.674171 20.001215
1.560000 29.274108 20.005214
1.580000 28.873957 20.009992
1.600000 28.473703 20.015549
1.620000 28.073341 20.020270
1.640000 27.672909 20.022543
1.660000 27.272455 20.022367
1.680000 26.872030 20.019742
1.700000 26.471682 20.014669
1.720000 26.071460 20.007146
1.740000 25.671412 19.997175
1.760000 25.271589 19.984754
1.780000 24.872039 19.969885
1.800000 24.472810 19.952567
1.820000 24.073919 19.937727
1.840000 23.675252 19.930293
1.860000 23.276658 19.930265
1.880000 22.877992 19.937643
1.900000 22.479103 19.952427
1.920000 22.079845 19.974617
1.940000 21.680069 20.004213
1.960000 21.279627 20.041214
1.980000 20.878371 20.085621
2.000000 20.476153 20.137435
2.020000 20.072920 20.182373
2.040000 19.668999 20.206154
2.060000 19.264815 20.208780
2.080000 18.860789 20.190249
2.100000 18.457346 20.150561
2.120000 18.054908 20.089718
2.140000 17.653898 20.007718
2.160000 17.254740 19.904561
2.180000 16.857857 19.780249
2.200000 16.463671 19.634780
2.220000 16.072353 19.506109
2.240000 15.683062 19.432191
2.260000 15.294701 19.413025
2.280000 14.906176 19.448611
2.300000 14.516391 19.538950
2.320000 14.124253 19.684041
2.340000 13.728665 19.883885
2.360000 13.328532 20.138481
2.380000 12.922760 20.447830
2.400000 12.510254 20.811931
2.420000 12.090487 21.145456
2.440000 11.665208 21.363079
2.460000 11.236736 21.464799
2.480000 10.807389 21.450616
2.500000 10.379485 21.320529
2.520000 9.955341 21.074540
2.540000 9.537276 20.712648
2.560000 9.127607 20.234852
2.580000 8.728654 19.641154
2.600000 8.342734 18.931552
2.620000 7.972142 18.109398
2.640000 7.619086 17.178041
2.660000 7.285749 16.137481
2.680000 6.974315 14.987718
2.700000 6.686968 13.728752
2.720000 6.425893 12.360583
2.740000 6.193273 10.883212
2.760000 5.991292 9.296638
2.780000 5.822135 7.600860
2.800000 5.687986 5.795880
2.820000 5.589880 4.053985
2.840000 5.524257 2.547460
2.860000 5.486412 1.276307
2.880000 5.471636 0.240526
2.900000 5.475222 -0.559884
2.920000 5.492462 -1.124923
2.940000 5.518650 -1.454590
2.960000 5.549077 -1.548886
2.980000 5.579036 -1.407811
3.000000 5.603820 -1.031364
3.020000 5.619707 -0.567440
3.040000 5.626920 -0.163935
3.060000 5.626668 0.179152
3.080000 5.620157 0.461821
3.100000 5.608597 0.684072
3.120000 5.593197 0.845905
3.140000 5.575164 0.947320
3.160000 5.555707 0.988316
3.180000 5.536034 0.968895
3.200000 5.517354 0.889055
3.220000 5.500674 0.778973
3.240000 5.486196 0.668824
3.260000 5.473921 0.558608
3.280000 5.463852 0.448326
3.300000 5.455988 0.337978
3.320000 5.450333 0.227562
3.340000 5.446886 0.117080
3.360000 5.445650 0.006532
3.380000 5.446626 -0.104083
3.400000 5.449814 -0.214765
3.420000 5.455055 -0.301308
3.440000 5.461544 -0.339506
3.460000 5.468313 -0.329359
3.480000 5.474396 -0.270868
3.500000 5.478826 -0.164032
3.520000 5.480635 -0.008850
3.540000 5.478857 0.194675
3.560000 5.472526 0.446546
3.580000 5.460673 0.746761
3.600000 5.442333 1.095321
3.620000 5.417087 1.409876
3.640000 5.386714 1.608077
3.660000 5.353540 1.689922
3.680000 5.319892 1.655412
3.700000 5.288099 1.504547
3.720000 5.260486 1.237328
3.740000 5.239382 0.853753
3.760000 5.227112 0.353824
3.780000 5.226004 -0.262461
3.800000 5.238386 -0.995100
3.820000 5.265395 -1.665795
3.840000 5.303416 -2.096247
3.860000 5.347644 -2.286456
3.880000 5.393273 -2.236421
3.900000 5.435499 -1.946144
3.920000 5.469517 -1.415622
3.940000 5.490522 -0.644858
3.960000 5.493710 0.366150
3.980000 5.474275 1.617400
4.000000 5.427412 3.108895
4.020000 5.349751 4.625591
4.040000 5.243654 5.952450
4.060000 5.112918 7.089470
4.080000 4.961341 8.036653
4.100000 4.792718 8.793997
4.120000 4.610846 9.361503
4.140000 4.419523 9.739171
4.160000 4.222545 9.927001
4.180000 4.023709 9.924993
4.200000 3.826811 9.733147
4.220000 3.634937 9.458185
4.240000 3.448326 9.206830
4.260000 3.266506 8.979081
4.280000 3.089006 8.774939
4.300000 2.915352 8.594404
4.320000 2.745072 8.437475
4.340000 2.577695 8.304153
4.360000 2.412749 8.194438
4.380000 2.249760 8.108330
4.400000 2.088258 8.045828
4.420000 1.928061 7.963303
4.440000 1.770150 7.817124
4.460000 1.615800 7.607291
4.480000 1.466283 7.333804
4.500000 1.322872 6.996664
4.520000 1.186841 6.595870
4.540000 1.059462 6.131422
4.560000 0.942008 5.603320
4.580000 0.835753 5.011565
4.600000 0.741970 4.356156
4.620000 0.661612 3.685075
4.640000 0.594352 3.046307
4.660000 0.539544 2.439850
4.680000 0.496542 1.865706
4.700000 0.464700 1.323873
4.720000 0.443372 0.814351
4.740000 0.431911 0.337142
4.760000 0.429671 -0.107756
4.780000 0.436006 -0.520342
4.800000 0.450269 -0.900616
4.820000 0.471587 -1.214427
4.840000 0.498175 -1.427624
4.860000 0.528021 -1.540208
4.880000 0.559113 -1.552178
4.900000 0.589438 -1.463534
4.920000 0.616983 -1.274276
4.940000 0.639738 -0.984405
4.960000 0.655689 -0.593920
4.980000 0.662824 -0.102821
5.000000 0.659131 0.488892
5.020000 0.643223 1.087357
5.040000 0.616217 1.598714
5.060000 0.579855 2.022961
5.080000 0.535880 2.360100
5.100000 0.486032 2.610129
5.120000 0.432055 2.773049
5.140000 0.375691 2.848861
5.160000 0.318682 2.837564
5.180000 0.262769 2.739157
5.200000 0.209696 2.553642
5.220000 0.160903 2.326265
5.240000 0.116623 2.102275
5.260000 0.076789 1.881672
5.280000 0.041333 1.664455
5.300000 0.010188 1.450625
5.320000 -0.016714 1.240181
5.340000 -0.039442 1.033123
5.360000 -0.058062 0.829452
5.380000 -0.072642 0.629168
5.400000 -0.083251 0.432270
5.420000 -0.089921 0.233509
5.440000 -0.092544 0.027634
5.460000 -0.090979 -0.185354
5.480000 -0.085082 -0.405456
5.500000 -0.074713 -0.632671
5.520000 -0.059728 -0.866999
5.540000 -0.039986 -1.108441
5.560000 -0.015343 -1.356996
5.580000 0.014342 -1.612665
5.600000 0.049211 -1.875447
5.620000 0.089291 -2.127920
5.640000 0.134143 -2.352664
5.660000 0.183213 -2.549677
5.680000 0.235945 -2.718960
5.700000 0.291786 -2.860512
5.720000 0.350181 -2.974335
5.740000 0.410575 -3.060427
5.760000 0.472413 -3.118790
5.780000 0.535141 -3.149422
5.800000 0.598205 -3.152324
5.820000 0.660971 -3.115741
5.840000 0.722493 -3.027920
5.860000 0.781746 -2.888861
5.880000 0.837706 -2.698564
5.900000 0.889347 -2.457028
5.920000 0.935645 -2.164254
5.940000 0.975576 -1.820242
5.960000 1.008114 -1.424991
5.980000 1.032234 -0.978502
6.000000 1.046912 -0.480774
6.020000 1.051475 0.015435
6.040000 1.046656 0.457368
6.060000 1.033542 0.845027
6.080000 1.013217 1.178410
6.100000 0.986767 1.457517
6.120000 0.955278 1.682350
6.140000 0.919835 1.852906
6.160000 0.881524 1.969188
6.180000 0.841430 2.031194
6.200000 0.800638 2.038925
6.220000 0.760061 2.018405
6.240000 0.719917 1.995657
6.260000 0.680250 1.970682
6.280000 0.641104 1.943480
6.300000 0.602525 1.914050
6.320000 0.564557 1.882394
6.340000 0.527244 1.848509
6.360000 0.490632 1.812398
6.380000 0.454763 1.774059
6.400000 0.419684 1.733493
6.420000 0.385452 1.688678
6.440000 0.352179 1.637595
6.460000 0.319990 1.580243
6.480000 0.289011 1.516621
6.500000 0.259367 1.446731
6.520000 0.231183 1.370571
6.540000 0.204586 1.288143
6.560000 0.179699 1.199446
6.580000 0.156650 1.104479
6.600000 0.135562 1.003244
6.620000 0.116501 0.904898
6.640000 0.099286 0.818602
6.660000 0.083676 0.744356
6.680000 0.069431 0.682158
6.700000 0.056310 0.632010
6.720000 0.044070 0.593911
6.740000 0.032473 0.567861
6.760000 0.021276 0.553860
6.780000 0.010238 0.551909
6.800000 -0.000881 0.562007
6.820000 -0.012262 0.575148
6.840000 -0.023847 0.582323
6.860000 -0.035516 0.583534
6.880000 -0.047149 0.578781
6.900000 -0.058627 0.568063
6.920000 -0.069831 0.551380
6.940000 -0.080643 0.528732
6.960000 -0.090941 0.500120
6.980000 -0.100608 0.465544
7.000000 -0.109523 0.425002
7.020000 -0.117592 0.382036
7.040000 -0.124812 0.340183
7.060000 -0.131206 0.299444
7.080000 -0.136797 0.259820
7.100000 -0.141606 0.221309
7.120000 -0.145657 0.183912
7.140000 -0.148970 0.147629
7.160000 -0.151569 0.112460
7.180000 -0.153476 0.078404
7.200000 -0.154713 0.045463
7.220000 -0.155316 0.015695
7.240000 -0.155376 -0.008839
7.260000 -0.154997 -0.028141
7.280000 -0.154285 -0.042209
7.300000 -0.153344 -0.051045
7.320000 -0.152278 -0.054647
7.340000 -0.151193 -0.053016
7.360000 -0.150192 -0.046152
7.380000 -0.149382 -0.034055
7.400000 -0.148865 -0.016725
7.420000 -0.148704 -0.000671
7.440000 -0.148786 0.007595
7.460000 -0.148956 0.008075
7.480000 -0.149057 0.000768
7.500000 -0.148935 -0.014325
7.520000 -0.148432 -0.037206
7.540000 -0.147395 -0.067873
7.560000 -0.145666 -0.106326
7.580000 -0.143090 -0.152567
7.600000 -0.139511 -0.206594
7.620000 -0.134820 -0.261501
7.640000 -0.129091 -0.310381
7.660000 -0.122445 -0.353234
7.680000 -0.115002 -0.390059
7.700000 -0.106883 -0.420858
7.720000 -0.098208 -0.445629
7.740000 -0.089098 -0.464374
7.760000 -0.079673 -0.477091
7.780000 -0.070054 -0.483781
7.800000 -0.060362 -0.484445
7.820000 -0.050693 -0.482641
7.840000 -0.041049 -0.481931
7.860000 -0.031408 -0.482314
7.880000 -0.021749 -0.483790
7.900000 -0.012050 -0.486359
7.920000 -0.002288 -0.490022
7.940000 0.007559 -0.494779
7.960000 0.017511 -0.500628
7.980000 0.027591 -0.507571
8.000000 0.037821 -0.515608
8.020000 0.048213 -0.523323
8.040000 0.058742 -0.529304
8.060000 0.069374 -0.533550
8.080000 0.080073 -0.536061
8.100000 0.090805 -0.536838
8.120000 0.101535 -0.535880
8.140000 0.112228 -0.533187
8.160000 0.122851 -0.528760
8.180000 0.133367 -0.522597
8.200000 0.143743 -0.514700
8.220000 0.153921 -0.501665
8.240000 0.163753 -0.480088
8.260000 0.173067 -0.449969
8.280000 0.181694 -0.411308
8.300000 0.189463 -0.364106
8.320000 0.196202 -0.308362
8.340000 0.201740 -0.244075
8.360000 0.205908 -0.171247
8.380000 0.208533 -0.089878
8.400000 0.209446 0.000034
8.420000 0.208541 0.088574
8.440000 0.205978 0.165829
8.460000 0.201983 0.231799
8.480000 0.196782 0.286485
8.500000 0.190599 0.329885
8.520000 0.183661 0.362001
8.540000 0.176194 0.382832
8.560000 0.168423 0.392378
8.580000 0.160574 0.390639
8.600000 0.152873 0.377615
8.620000 0.145509 0.358692
8.640000 0.138529 0.339257
8.660000 0.131942 0.319308
8.680000 0.125760 0.298847
8.700000 0.119992 0.277872
8.720000 0.114648 0.256385
8.740000 0.109740 0.234385
8.760000 0.105276 0.211871
8.780000 0.101268 0.188845
8.800000 0.097726 0.165306
8.820000 0.094635 0.144991
8.840000 0.091880 0.131636
8.860000 0.089323 0.125241
8.880000 0.086824 0.125807
8.900000 0.084244 0.133333
8.920000 0.081444 0.147820
8.940000 0.078285 0.169267
8.960000 0.074627 0.197674
8.980000 0.070332 0.233042
9.000000 0.065259 0.275370
9.020000 0.059332 0.315476
9.040000 0.052716 0.344177
9.060000 0.045640 0.361473
9.080000 0.038333 0.367364
9.100000 0.031022 0.361850
9.120000 0.023935 0.344932
9.140000 0.017301 0.316608
9.160000 0.011347 0.276880
9.180000 0.006302 0.225747
9.200000 0.002393 0.163209
9.220000 -0.000220 0.099581
9.240000 -0.001652 0.045181
9.260000 -0.002088 0.000006
9.280000 -0.001714 -0.035942
9.300000 -0.000712 -0.062663
9.320000 0.000732 -0.080159
9.340000 0.002433 -0.088427
9.360000 0.004207 -0.087470
9.380000 0.005870 -0.077286
9.400000 0.007237 -0.057875
9.420000 0.008163 -0.035157
9.440000 0.008661 -0.015051
9.460000 0.008782 0.002443
9.480000 0.008580 0.017326
9.500000 0.008107 0.029597
9.520000 0.007414 0.039256
9.540000 0.006554 0.046304
9.560000 0.005579 0.050740
9.580000 0.004542 0.052564
9.600000 0.003494 0.051776
9.620000 0.002478 0.049870
9.640000 0.001497 0.048336
9.660000 0.000542 0.047176
9.680000 -0.000393 0.046389
9.700000 -0.001316 0.045975
9.720000 -0.002234 0.045934
9.740000 -0.003156 0.046267
9.760000 -0.004087 0.046973
9.780000 -0.005037 0.048052
9.800000 -0.006012 0.049505
9.820000 -0.007010 0.049803
9.840000 -0.007986 0.047420
9.860000 -0.008888 0.042356
9.880000 -0.009663 0.034610
9.900000 -0.010255 0.024183
9.920000 -0.010612 0.011074
9.940000 -0.010680 -0.004716
9.960000 -0.010405 -0.023188
9.980000 -0.009735 -0.044340
10.000000 -0.008614 -0.068175
10.020000 -0.007009 -0.091769
10.040000 -0.004964 -0.112202
10.060000 -0.002542 -0.129475
10.080000 0.000194 -0.143586
10.100000 0.003180 -0.154536
10.120000 0.006354 -0.162325
10.140000 0.009652 -0.166953
10.160000 0.013011 -0.168420
10.180000 0.016368 -0.166726
10.200000 0.019659 -0.161871
10.220000 0.022830 -0.155182
10.240000 0.025863 -0.147985
10.260000 0.028746 -0.140280
10.280000 0.031471 -0.132067
10.300000 0.034026 -0.123346
10.320000 0.036401 -0.114117
10.340000 0.038587 -0.104381
10.360000 0.040573 -0.094137
10.380000 0.042349 -0.083385
10.400000 0.043905 -0.072125
10.420000 0.045227 -0.059770
10.440000 0.046285 -0.045733
10.460000 0.047045 -0.030014
10.480000 0.047474 -0.012613
10.500000 0.047538 0.006471
10.520000 0.047204 0.027237
10.540000 0.046437 0.049685
10.560000 0.045205 0.073815
10.580000 0.043474 0.099627
10.600000 0.041209 0.127122
10.620000 0.038411 0.151313
10.640000 0.035212 0.167218
10.660000 0.031777 0.174835
10.680000 0.028274 0.174164
10.700000 0.024866 0.165206
10.720000 0.021721 0.147961
10.740000 0.019003 0.122428
10.760000 0.016879 0.088607
10.780000 0.015514 0.046499
10.800000 0.015074 -0.003896
10.820000 0.015665 -0.053612
10.840000 0.017154 -0.093679
10.860000 0.019348 -0.124099
10.880000 0.022054 -0.144870
10.900000 0.025078 -0.155994
10.920000 0.028229 -0.157470
10.940000 0.031313 -0.149299
10.960000 0.034137 -0.131479
10.980000 0.036508 -0.104012
11.000000 0.038233 -0.066896
11.020000 0.039171 -0.027892
11.040000 0.039388 0.005242
11.060000 0.039001 0.032506
11.080000 0.038127 0.053900
11.100000 0.036884 0.069424
11.120000 0.035389 0.079077
11.140000 0.033760 0.082861
11.160000 0.032114 0.080775
11.180000 0.030568 0.072818
11.200000 0.029240 0.058992
11.220000 0.028223 0.042991
11.240000 0.027510 0.028514
11.260000 0.027072 0.015560
11.280000 0.026878 0.004128
11.300000 0.026897 -0.005780
11.320000 0.027099 -0.014166
11.340000 0.027453 -0.021029
11.360000 0.027930 -0.026369
11.380000 0.028498 -0.030186
11.400000 0.029127 -0.032480
11.420000 0.029786 -0.033067
11.440000 0.030437 -0.031763
11.460000 0.031044 -0.028567
11.480000 0.031567 -0.023480
11.500000 0.031970 -0.016501
11.520000 0.032215 -0.007631
11.540000 0.032263 0.003131
11.560000 0.032077 0.015784
11.580000 0.031619 0.030328
11.600000 0.030851 0.046764
11.620000 0.029744 0.063789
11.640000 0.028304 0.080102
11.660000 0.026545 0.095703
11.680000 0.024481 0.110592
11.700000 0.022126 0.124768
11.720000 0.019495 0.138232
11.740000 0.016601 0.150983
11.760000 0.013460 0.163023
11.780000 0.010085 0.174350
11.800000 0.006491 0.184965
11.820000 0.002693 0.194710
11.840000 -0.001291 0.203430
11.860000 -0.005438 0.211124
11.880000 -0.009729 0.217792
11.900000 -0.014143 0.223434
11.920000 -0.018659 0.228051
11.940000 -0.023258 0.231641
11.960000 -0.027918 0.234206
11.980000 -0.032619 0.235745
12.000000 -0.037341 0.236258
12.020 0.0 0.0
12.040 0.0 0.0
12.060 0.0 0.0
12.080 0.0 0.0
12.100 0.0 0.0
12.120 0.0 0.0
12.140 0.0 0.0
12.160 0.0 0.0
12.180 0.0 0.0
12.200 0.0 0.0
12.220 0.0 0.0
12.240 0.0 0.0
12.260 0.0 0.0
12.280 0.0 0.0
12.300 0.0 0.0
12.320 0.0 0.0
12.340 0.0 0.0
12.360 0.0 0.0
12.380 0.0 0.0
12.400 0.0 0.0
12.420 0.0 0.0
12.440 0.0 0.0
12.460 0.0 0.0
12.480 0.0 0.0
12.500 0.0 0.0
12.520 0.0 0.0
12.540 0.0 0.0
12.560 0.0 0.0
12.580 0.0 0.0
12.600 0.0 0.0
12.620 0.0 0.0
12.640 0.0 0.0
12.660 0.0 0.0
12.680 0.0 0.0
12.700 0.0 0.0
12.720 0.0 0.0
12.740 0.0 0.0
12.760 0.0 0.0
12.780 0.0 0.0
12.800 0.0 0.0
12.820 0.0 0.0
12.840 0.0 0.0
12.860 0.0 0.0
12.880 0.0 0.0
12.900 0.0 0.0
12.920 0.0 0.0
12.940 0.0 0.0
12.960 0.0 0.0
12.980 0.0 0.0
13.000 0.0 0.0
13.020 0.0 0.0
13.040 0.0 0.0
13.060 0.0 0.0
13.080 0.0 0.0
13.100 0.0 0.0
13.120 0.0 0.0
13.140 0.0 0.0
13.160 0.0 0.0
13.180 0.0 0.0
13.200 0.0 0.0
13.220 0.0 0.0
13.240 0.0 0.0
13.260 0.0 0.0
13.280 0.0 0.0
13.300 0.0 0.0
13.320 0.0 0.0
13.340 0.0 0.0
13.360 0.0 0.0
13.380 0.0 0.0
13.400 0.0 0.0
13.420 0.0 0.0
13.440 0.0 0.0
13.460 0.0 0.0
13.480 0.0 0.0
13.500 0.0 0.0
13.520 0.0 0.0
13.540 0.0 0.0
13.560 0.0 0.0
13.580 0.0 0.0
13.600 0.0 0.0
13.620 0.0 0.0
13.640 0.0 0.0
13.660 0.0 0.0
13.680 0.0 0.0
13.700 0.0 0.0
13.720 0.0 0.0
13.740 0.0 0.0
13.760 0.0 0.0
13.780 0.0 0.0
13.800 0.0 0.0
13.820 0.0 0.0
13.840 0.0 0.0
13.860 0.0 0.0
13.880 0.0 0.0
13.900 0.0 0.0
13.920 0.0 0.0
13.940 0.0 0.0
13.960 0.0 0.0
13.980 0.0 0.0
14.000 0.0 0.0
14.020 0.0 0.0
14.040 0.0 0.0
14.060 0.0 0.0
14.080 0.0 0.0
14.100 0.0 0.0
14.120 0.0 0.0
14.140 0.0 0.0
14.160 0.0 0.0
14.180 0.0 0.0
14.200 0.0 0.0
14.220 0.0 0.0
14.240 0.0 0.0
14.260 0.0 0.0
14.280 0.0 0.0
14.300 0.0 0.0
14.320 0.0 0.0
14.340 0.0 0.0
14.360 0.0 0.0
14.380 0.0 0.0
14.400 0.0 0.0
14.420 0.0 0.0
14.440 0.0 0.0
14.460 0.0 0.0
14.480 0.0 0.0
14.500 0.0 0.0
14.520 0.0 0.0
14.540 0.0 0.0
14.560 0.0 0.0
14.580 0.0 0.0
14.600 0.0 0.0
14.620 0.0 0.0
14.640 0.0 0.0
14.660 0.0 0.0
14.680 0.0 0.0
14.700 0.0 0.0
14.720 0.0 0.0
14.740 0.0 0.0
14.760 0.0 0.0
14.780 0.0 0.0
14.800 0.0 0.0
14.820 0.0 0.0
14.840 0.0 0.0
14.860 0.0 0.0
14.880 0.0 0.0
14.900 0.0 0.0
14.920 0.0 0.0
14.940 0.0 0.0
14.960 0.0 0.0
14.980 0.0 0.0
15.000 0.0 0.0
15.020 0.0 0.0
15.040 0.0 0.0
15.060 0.0 0.0
15.080 0.0 0.0
15.100 0.0 0.0
15.120 0.0 0.0
15.140 0.0 0.0
15.160 0.0 0.0
15.180 0.0 0.0
15.200 0.0 0.0
15.220 0.0 0.0
15.240 0.0 0.0
15.260 0.0 0.0
15.280 0.0 0.0
15.300 0.0 0.0
15.320 0.0 0.0
15.340 0.0 0.0
15.360 0.0 0.0
15.380 0.0 0.0
15.400 0.0 0.0
15.420 0.0 0.0
15.440 0.0 0.0
15.460 0.0 0.0
15.480 0.0 0.0
15.500 0.0 0.0
15.520 0.0 0.0
15.540 0.0 0.0
15.560 0.0 0.0
15.580 0.0 0.0
15.600 0.0 0.0
15.620 0.0 0.0
15.640 0.0 0.0
15.660 0.0 0.0
15.680 0.0 0.0
15.700 0.0 0.0
15.720 0.0 0.0
15.740 0.0 0.0
15.760 0.0 0.0
15.780 0.0 0.0
15.800 0.0 0.0
15.820 0.0 0.0
15.840 0.0 0.0
15.860 0.0 0.0
15.880 0.0 0.0
15.900 0.0 0.0
15.920 0.0 0.0
15.940 0.0 0.0
15.960 0.0 0.0
15.980 0.0 0.0
16.000 0.0 0.0
16.020 0.0 0.0
16.040 0.0 0.0
16.060 0.0 0.0
16.080 0.0 0.0
16.100 0.0 0.0
16.120 0.0 0.0
16.140 0.0 0.0
16.160 0.0 0.0
16.180 0.0 0.0
16.200 0.0 0.0
16.220 0.0 0.0
16.240 0.0 0.0
16.260 0.0 0.0
16.280 0.0 0.0
16.300 0.0 0.0
16.320 0.0 0.0
16.340 0.0 0.0
16.360 0.0 0.0
16.380 0.0 0.0
16.400 0.0 0.0
16.420 0.0 0.0
16.440 0.0 0.0
16.460 0.0 0.0
16.480 0.0 0.0
16.500 0.0 0.0
16.520 0.0 0.0
16.540 0.0 0.0
16.560 0.0 0.0
16.580 0.0 0.0
16.600 0.0 0.0
16.620 0.0 0.0
16.640 0.0 0.0
16.660 0.0 0.0
16.680 0.0 0.0
16.700 0.0 0.0
16.720 0.0 0.0
16.740 0.0 0.0
16.760 0.0 0.0
16.780 0.0 0.0
16.800 0.0 0.0
16.820 0.0 0.0
16.840 0.0 0.0
16.860 0.0 0.0
16.880 0.0 0.0
16.900 0.0 0.0
16.920 0.0 0.0
16.940 0.0 0.0
16.960 0.0 0.0
16.980 0.0 0.0
17.000 0.0 0.0
17.020 0.0 0.0
17.040 0.0 0.0
17.060 0.0 0.0
17.080 0.0 0.0
17.100 0.0 0.0
17.120 0.0 0.0
17.140 0.0 0.0
17.160 0.0 0.0
17.180 0.0 0.0
17.200 0.0 0.0
17.220 0.0 0.0
17.240 0.0 0.0
17.260 0.0 0.0
17.280 0.0 0.0
17.300 0.0 0.0
17.320 0.0 0.0
17.340 0.0 0.0
17.360 0.0 0.0
17.380 0.0 0.0
17.400 0.0 0.0
17.420 0.0 0.0
17.440 0.0 0.0
17.460 0.0 0.0
17.480 0.0 0.0
17.500 0.0 0.0
17.520 0.0 0.0
17.540 0.0 0.0
17.560 0.0 0.0
17.580 0.0 0.0
17.600 0.0 0.0
17.620 0.0 0.0
17.640 0.0 0.0
17.660 0.0 0.0
17.680 0.0 0.0
17.700 0.0 0.0
17.720 0.0 0.0
17.740 0.0 0.0
17.760 0.0 0.0
17.780 0.0 0.0
17.800 0.0 0.0
17.820 0.0 0.0
17.840 0.0 0.0
17.860 0.0 0.0
17.880 0.0 0.0
17.900 0.0 0.0
17.920 0.0 0.0
17.940 0.0 0.0
17.960 0.0 0.0
17.980 0.0 0.0
18.000 0.0 0.0
18.020 0.0 0.0
18.040 0.0 0.0
18.060 0.0 0.0
18.080 0.0 0.0
18.100 0.0 0.0
18.120 0.0 0.0
18.140 0.0 0.0
18.160 0.0 0.0
18.180 0.0 0.0
18.200 0.0 0.0
18.220 0.0 0.0
18.240 0.0 0.0
18.260 0.0 0.0
18.280 0.0 0.0
18.300 0.0 0.0
18.320 0.0 0.0
18.340 0.0 0.0
18.360 0.0 0.0
18.380 0.0 0.0
18.400 0.0 0.0
18.420 0.0 0.0
18.440 0.0 0.0
18.460 0.0 0.0
18.480 0.0 0.0
18.500 0.0 0.0
18.520 0.0 0.0
18.540 0.0 0.0
18.560 0.0 0.0
18.580 0.0 0.0
18.600 0.0 0.0
18.620 0.0 0.0
18.640 0.0 0.0
18.660 0.0 0.0
18.680 0.0 0.0
18.700 0.0 0.0
18.720 0.0 0.0
18.740 0.0 0.0
18.760 0.0 0.0
18.780 0.0 0.0
18.800 0.0 0.0
18.820 0.0 0.0
18.840 0.0 0.0
18.860 0.0 0.0
18.880 0.0 0.0
18.900 0.0 0.0
18.920 0.0 0.0
18.940 0.0 0.0
18.960 0.0 0.0
18.980 0.0 0.0
19.000 0.0 0.0
19.020 0.0 0.0
19.040 0.0 0.0
19.060 0.0 0.0
19.080 0.0 0.0
19.100 0.0 0.0
19.120 0.0 0.0
19.140 0.0 0.0
19.160 0.0 0.0
19.180 0.0 0.0
19.200 0.0 0.0
19.220 0.0 0.0
19.240 0.0 0.0
19.260 0.0 0.0
19.280 0.0 0.0
19.300 0.0 0.0
19.320 0.0 0.0
19.340 0.0 0.0
19.360 0.0 0.0
19.380 0.0 0.0
19.400 0.0 0.0
19.420 0.0 0.0
19.440 0.0 0.0
19.460 0.0 0.0
19.480 0.0 0.0
19.500 0.0 0.0
19.520 0.0 0.0
19.540 0.0 0.0
19.560 0.0 0.0
19.580 0.0 0.0
19.600 0.0 0.0
19.620 0.0 0.0
19.640 0.0 0.0
19.660 0.0 0.0
19.680 0.0 0.0
19.700 0.0 0.0
19.720 0.0 0.0
19.740 0.0 0.0
19.760 0.0 0.0
19.780 0.0 0.0
19.800 0.0 0.0
19.820 0.0 0.0
19.840 0.0 0.0
19.860 0.0 0.0
19.880 0.0 0.0
19.900 0.0 0.0
19.920 0.0 0.0
19.940 0.0 0.0
19.960 0.0 0.0
19.980 0.0 0.0
20.000 0.0 0.0
