14 35 lj/cut 0.239 4.097 4.5987
15 35 lj/cut 0.239 4.097 4.5987
16 35 lj/cut 0.239 4.097 4.5987
17 35 lj/cut 0.239 4.097 4.5987
18 35 lj/cut 0.239 4.097 4.5987
19 35 lj/cut 0.239 4.097 4.5987
20 35 lj/cut 0.239 4.097 4.5987
21 35 lj/cut 0.239 4.097 4.5987
22 35 lj/cut 0.239 4.097 4.5987
23 35 lj/cut 0.239 4.097 4.5987
24 35 lj/cut 0.239 4.097 4.5987
25 35 lj/cut 0.239 4.097 4.5987
26 35 lj/cut 0.239 4.097 4.5987
27 35 lj/cut 0.239 4.097 4.5987
28 35 lj/cut 0.239 4.097 4.5987
29 35 lj/cut 0.239 4.097 4.5987
30 35 lj/cut 0.239 4.097 4.5987
31 35 lj/cut 0.239 4.097 4.5987
32 35 lj/cut 0.239 4.097 4.5987
33 35 lj/cut 0.239 4.097 4.5987
34 35 lj/cut 0.239 4.097 4.5987
14 36 lj/cut 0.239 4.85 5.4439
15 36 lj/cut 0.239 4.85 5.4439
16 36 lj/cut 0.239 4.85 5.4439
17 36 lj/cut 0.239 4.85 5.4439
18 36 lj/cut 0.239 4.85 5.4439
19 36 lj/cut 0.239 4.85 5.4439
20 36 lj/cut 0.239 4.85 5.4439
21 36 lj/cut 0.239 4.85 5.4439
22 36 lj/cut 0.239 4.85 5.4439
23 36 lj/cut 0.239 4.85 5.4439
24 36 lj/cut 0.239 4.85 5.4439
25 36 lj/cut 0.239 4.85 5.4439
26 36 lj/cut 0.239 4.85 5.4439
27 36 lj/cut 0.239 4.85 5.4439
28 36 lj/cut 0.239 4.85 5.4439
29 36 lj/cut 0.239 4.85 5.4439
30 36 lj/cut 0.239 4.85 5.4439
31 36 lj/cut 0.239 4.85 5.4439
32 36 lj/cut 0.239 4.85 5.4439
33 36 lj/cut 0.239 4.85 5.4439
34 36 lj/cut 0.239 4.85 5.4439
14 37 lj/cut 0.239 5.089 5.7122
15 37 lj/cut 0.239 5.089 5.7122
16 37 lj/cut 0.239 5.089 5.7122
17 37 lj/cut 0.239 5.089 5.7122
18 37 lj/cut 0.239 5.089 5.7122
19 37 lj/cut 0.239 5.089 5.7122
20 37 lj/cut 0.239 5.089 5.7122
21 37 lj/cut 0.239 5.089 5.7122
22 37 lj/cut 0.239 5.089 5.7122
23 37 lj/cut 0.239 5.089 5.7122
24 37 lj/cut 0.239 5.089 5.7122
25 37 lj/cut 0.239 5.089 5.7122
26 37 lj/cut 0.239 5.089 5.7122
27 37 lj/cut 0.239 5.089 5.7122
28 37 lj/cut 0.239 5.089 5.7122
29 37 lj/cut 0.239 5.089 5.7122
30 37 lj/cut 0.239 5.089 5.7122
31 37 lj/cut 0.239 5.089 5.7122
32 37 lj/cut 0.239 5.089 5.7122
33 37 lj/cut 0.239 5.089 5.7122
34 37 lj/cut 0.239 5.089 5.7122
14 38 lj/cut 0.239 4.5 5.0511
15 38 lj/cut 0.239 4.5 5.0511
16 38 lj/cut 0.239 4.5 5.0511
17 38 lj/cut 0.239 4.5 5.0511
18 38 lj/cut 0.239 4.5 5.0511
19 38 lj/cut 0.239 4.5 5.0511
20 38 lj/cut 0.239 4.5 5.0511
21 38 lj/cut 0.239 4.5 5.0511
22 38 lj/cut 0.239 4.5 5.0511
23 38 lj/cut 0.239 4.5 5.0511
24 38 lj/cut 0.239 4.5 5.0511
25 38 lj/cut 0.239 4.5 5.0511
26 38 lj/cut 0.239 4.5 5.0511
27 38 lj/cut 0.239 4.5 5.0511
28 38 lj/cut 0.239 4.5 5.0511
29 38 lj/cut 0.239 4.5 5.0511
30 38 lj/cut 0.239 4.5 5.0511
31 38 lj/cut 0.239 4.5 5.0511
32 38 lj/cut 0.239 4.5 5.0511
33 38 lj/cut 0.239 4.5 5.0511
34 38 lj/cut 0.239 4.5 5.0511
