1	2	3.8904043490e+00	8.9627250000e+01
2	3	3.8577595830e+00	8.9627250000e+01
3	4	3.8874199670e+00	8.9627250000e+01
4	5	3.5823792370e+00	8.9627250000e+01
5	6	3.7529072730e+00	8.9627250000e+01
6	7	3.7829284950e+00	8.9627250000e+01
7	8	3.8896535840e+00	8.9627250000e+01
8	9	3.8316924460e+00	8.9627250000e+01
9	10	3.8268245320e+00	8.9627250000e+01
10	11	3.7980023700e+00	8.9627250000e+01
11	12	3.7999773680e+00	8.9627250000e+01
12	13	3.7984074290e+00	8.9627250000e+01
13	14	3.7922811080e+00	8.9627250000e+01
14	15	3.8214857060e+00	8.9627250000e+01
15	16	3.7547093100e+00	8.9627250000e+01
16	17	3.7308694700e+00	8.9627250000e+01
17	18	3.7987404490e+00	8.9627250000e+01
18	19	3.8582292570e+00	8.9627250000e+01
19	20	3.8719832130e+00	8.9627250000e+01
20	21	3.8386118580e+00	8.9627250000e+01
21	22	3.9121923520e+00	8.9627250000e+01
22	23	3.8694393650e+00	8.9627250000e+01
23	24	3.7770058250e+00	8.9627250000e+01
24	25	3.9171808740e+00	8.9627250000e+01
25	26	3.7676908050e+00	8.9627250000e+01
26	27	3.7945832450e+00	8.9627250000e+01
27	28	3.8479549110e+00	8.9627250000e+01
28	29	3.7862712530e+00	8.9627250000e+01
29	30	3.7988898380e+00	8.9627250000e+01
30	31	3.7671598050e+00	8.9627250000e+01
31	32	3.8197060100e+00	8.9627250000e+01
32	33	3.7333770240e+00	8.9627250000e+01
33	34	3.7877594960e+00	8.9627250000e+01
34	35	3.7584845350e+00	8.9627250000e+01
35	36	3.8311808880e+00	8.9627250000e+01
36	37	3.7884825460e+00	8.9627250000e+01
37	38	3.8476180940e+00	8.9627250000e+01
38	39	3.7868777380e+00	8.9627250000e+01
39	40	3.7406182640e+00	8.9627250000e+01
40	41	3.9114046070e+00	8.9627250000e+01
41	42	3.7949140970e+00	8.9627250000e+01
42	43	3.9092788340e+00	8.9627250000e+01
43	44	3.9114489640e+00	8.9627250000e+01
44	45	3.7926498650e+00	8.9627250000e+01
45	46	3.8168084840e+00	8.9627250000e+01
46	47	3.7727907440e+00	8.9627250000e+01
47	48	3.7456699000e+00	8.9627250000e+01
48	49	3.8240253660e+00	8.9627250000e+01
49	50	3.8106284260e+00	8.9627250000e+01
50	51	3.8819551770e+00	8.9627250000e+01
51	52	3.8324083810e+00	8.9627250000e+01
52	53	3.8455523660e+00	8.9627250000e+01
53	54	3.8081696390e+00	8.9627250000e+01
54	55	3.8376090210e+00	8.9627250000e+01
55	56	3.8535782070e+00	8.9627250000e+01
56	57	3.7876713160e+00	8.9627250000e+01
57	58	3.8575166880e+00	8.9627250000e+01
58	59	3.8249058810e+00	8.9627250000e+01
