2	45
6	11
6	10
6	14
6	45
6	49
6	41
7	11
7	40
8	12
9	13
9	38
10	38
10	41
10	14
10	15
10	39
10	40
11	49
11	15
12	16
13	17
13	35
13	38
13	39
14	35
14	49
14	18
14	50
14	39
14	41
14	45
14	46
15	53
15	19
15	20
15	49
16	20
16	21
17	21
17	35
17	49
17	50
17	25
17	26
17	27
17	31
17	28
17	34
18	49
18	25
18	22
18	53
18	54
18	57
18	50
21	25
24	28
25	50
25	54
26	50
26	54
27	50
27	54
27	31
27	32
27	47
27	35
27	46
28	32
29	33
29	36
30	34
31	35
31	36
32	46
32	36
32	43
32	47
33	37
34	38
35	39
35	46
35	50
36	46
36	41
36	43
39	46
40	45
41	45
41	46
41	49
42	46
43	47
44	48
45	49
46	50
46	51
47	51
47	52
47	54
48	52
48	53
48	55
49	53
50	54
51	55
52	56
53	57
54	58
55	59
