1	2	3	1.310972753e+02	1.1950300000e+01
2	3	4	9.730972791e+01	1.1950300000e+01
3	4	5	1.215485769e+02	1.1950300000e+01
4	5	6	8.948311931e+01	1.1950300000e+01
5	6	7	1.088433657e+02	1.1950300000e+01
6	7	8	7.363622567e+01	1.1950300000e+01
7	8	9	9.261213820e+01	1.1950300000e+01
8	9	10	1.151333784e+02	1.1950300000e+01
9	10	11	1.039158870e+02	1.1950300000e+01
10	11	12	1.381439751e+02	1.1950300000e+01
11	12	13	1.278177116e+02	1.1950300000e+01
12	13	14	9.082542273e+01	1.1950300000e+01
13	14	15	1.125424701e+02	1.1950300000e+01
14	15	16	1.015147645e+02	1.1950300000e+01
15	16	17	8.508065025e+01	1.1950300000e+01
16	17	18	1.336966476e+02	1.1950300000e+01
17	18	19	9.846721791e+01	1.1950300000e+01
18	19	20	1.289464461e+02	1.1950300000e+01
19	20	21	1.243018456e+02	1.1950300000e+01
20	21	22	1.213896037e+02	1.1950300000e+01
21	22	23	1.108933596e+02	1.1950300000e+01
22	23	24	1.294203253e+02	1.1950300000e+01
23	24	25	9.188346434e+01	1.1950300000e+01
24	25	26	1.216220866e+02	1.1950300000e+01
25	26	27	1.166364542e+02	1.1950300000e+01
26	27	28	1.103797531e+02	1.1950300000e+01
27	28	29	1.284494713e+02	1.1950300000e+01
28	29	30	1.161640098e+02	1.1950300000e+01
29	30	31	8.530025703e+01	1.1950300000e+01
30	31	32	1.272301825e+02	1.1950300000e+01
31	32	33	1.198228698e+02	1.1950300000e+01
32	33	34	1.271828669e+02	1.1950300000e+01
33	34	35	1.390022531e+02	1.1950300000e+01
34	35	36	1.157394725e+02	1.1950300000e+01
35	36	37	1.060798381e+02	1.1950300000e+01
36	37	38	1.057791731e+02	1.1950300000e+01
37	38	39	1.178650440e+02	1.1950300000e+01
38	39	40	1.198060207e+02	1.1950300000e+01
39	40	41	1.309463244e+02	1.1950300000e+01
40	41	42	1.136026161e+02	1.1950300000e+01
41	42	43	1.201994100e+02	1.1950300000e+01
42	43	44	1.050719088e+02	1.1950300000e+01
43	44	45	9.812110177e+01	1.1950300000e+01
44	45	46	9.383950943e+01	1.1950300000e+01
45	46	47	9.292031770e+01	1.1950300000e+01
46	47	48	8.714698491e+01	1.1950300000e+01
47	48	49	9.075534595e+01	1.1950300000e+01
48	49	50	8.929854281e+01	1.1950300000e+01
49	50	51	9.303910509e+01	1.1950300000e+01
50	51	52	8.853403012e+01	1.1950300000e+01
51	52	53	9.273244258e+01	1.1950300000e+01
52	53	54	9.475724516e+01	1.1950300000e+01
53	54	55	9.678473876e+01	1.1950300000e+01
54	55	56	8.801688632e+01	1.1950300000e+01
55	56	57	9.622577525e+01	1.1950300000e+01
56	57	58	1.325888441e+02	1.1950300000e+01
57	58	59	1.032191658e+02	1.1950300000e+01
58	59	60	1.181774733e+02	1.1950300000e+01
59	60	61	1.106773595e+02	1.1950300000e+01
60	61	62	1.034775568e+02	1.1950300000e+01
61	62	63	1.157013441e+02	1.1950300000e+01
62	63	64	1.135801785e+02	1.1950300000e+01
63	64	65	1.020278250e+02	1.1950300000e+01
64	65	66	9.722922451e+01	1.1950300000e+01
65	66	67	8.808841453e+01	1.1950300000e+01
66	67	68	9.336581602e+01	1.1950300000e+01
67	68	69	8.918982375e+01	1.1950300000e+01
68	69	70	9.255274967e+01	1.1950300000e+01
69	70	71	9.174069007e+01	1.1950300000e+01
70	71	72	9.381818646e+01	1.1950300000e+01
71	72	73	9.102490885e+01	1.1950300000e+01
72	73	74	9.308155541e+01	1.1950300000e+01
73	74	75	9.261124996e+01	1.1950300000e+01
74	75	76	9.197197297e+01	1.1950300000e+01
75	76	77	8.601984620e+01	1.1950300000e+01
76	77	78	9.058065413e+01	1.1950300000e+01
77	78	79	1.011866057e+02	1.1950300000e+01
78	79	80	1.283623047e+02	1.1950300000e+01
79	80	81	1.261391483e+02	1.1950300000e+01
80	81	82	9.719976752e+01	1.1950300000e+01
81	82	83	1.244333428e+02	1.1950300000e+01
82	83	84	1.228339187e+02	1.1950300000e+01
83	84	85	1.303992373e+02	1.1950300000e+01
84	85	86	1.063223821e+02	1.1950300000e+01
85	86	87	8.948477298e+01	1.1950300000e+01
86	87	88	9.001974909e+01	1.1950300000e+01
87	88	89	8.959495724e+01	1.1950300000e+01
88	89	90	9.138787429e+01	1.1950300000e+01
89	90	91	9.119036040e+01	1.1950300000e+01
90	91	92	8.913766110e+01	1.1950300000e+01
91	92	93	9.148276427e+01	1.1950300000e+01
92	93	94	9.385237176e+01	1.1950300000e+01
93	94	95	8.939349281e+01	1.1950300000e+01
94	95	96	9.458003766e+01	1.1950300000e+01
95	96	97	9.434272701e+01	1.1950300000e+01
96	97	98	9.353788947e+01	1.1950300000e+01
97	98	99	8.814952335e+01	1.1950300000e+01
98	99	100	9.356241857e+01	1.1950300000e+01
99	100	101	9.537828103e+01	1.1950300000e+01
100	101	102	9.169749633e+01	1.1950300000e+01
101	102	103	8.953117065e+01	1.1950300000e+01
102	103	104	9.001439154e+01	1.1950300000e+01
103	104	105	8.947890483e+01	1.1950300000e+01
104	105	106	8.908793369e+01	1.1950300000e+01
105	106	107	9.210384798e+01	1.1950300000e+01
106	107	108	8.771848399e+01	1.1950300000e+01
107	108	109	9.158020893e+01	1.1950300000e+01
108	109	110	8.808951861e+01	1.1950300000e+01
109	110	111	9.215442279e+01	1.1950300000e+01
110	111	112	9.178755998e+01	1.1950300000e+01
111	112	113	8.950600594e+01	1.1950300000e+01
112	113	114	8.698664156e+01	1.1950300000e+01
113	114	115	9.023807480e+01	1.1950300000e+01
114	115	116	9.281078651e+01	1.1950300000e+01
115	116	117	1.318393062e+02	1.1950300000e+01
116	117	118	9.363769688e+01	1.1950300000e+01
117	118	119	1.175745478e+02	1.1950300000e+01
118	119	120	1.157732893e+02	1.1950300000e+01
119	120	121	1.355615201e+02	1.1950300000e+01
120	121	122	9.009622645e+01	1.1950300000e+01
121	122	123	8.773247645e+01	1.1950300000e+01
122	123	124	9.232058244e+01	1.1950300000e+01
123	124	125	8.872501738e+01	1.1950300000e+01
124	125	126	9.375368815e+01	1.1950300000e+01
125	126	127	9.176208814e+01	1.1950300000e+01
126	127	128	9.283897532e+01	1.1950300000e+01
127	128	129	9.236327543e+01	1.1950300000e+01
128	129	130	9.235594624e+01	1.1950300000e+01
129	130	131	9.110620498e+01	1.1950300000e+01
130	131	132	8.845365500e+01	1.1950300000e+01
131	132	133	9.320042077e+01	1.1950300000e+01
132	133	134	9.390424470e+01	1.1950300000e+01
133	134	135	9.410415192e+01	1.1950300000e+01
136	137	138	9.843021743e+01	1.1950300000e+01
137	138	139	1.294555690e+02	1.1950300000e+01
138	139	140	1.298672096e+02	1.1950300000e+01
139	140	141	9.677062198e+01	1.1950300000e+01
140	141	142	1.238104705e+02	1.1950300000e+01
141	142	143	1.407248625e+02	1.1950300000e+01
142	143	144	1.182193852e+02	1.1950300000e+01
143	144	145	1.208872550e+02	1.1950300000e+01
144	145	146	1.355038528e+02	1.1950300000e+01
145	146	147	8.907403231e+01	1.1950300000e+01
146	147	148	1.214377314e+02	1.1950300000e+01
147	148	149	1.157648884e+02	1.1950300000e+01
148	149	150	1.019085753e+02	1.1950300000e+01
149	150	151	1.131828661e+02	1.1950300000e+01
150	151	152	1.242506070e+02	1.1950300000e+01
151	152	153	1.215415784e+02	1.1950300000e+01
152	153	154	1.348523914e+02	1.1950300000e+01
153	154	155	1.173628120e+02	1.1950300000e+01
154	155	156	1.237140947e+02	1.1950300000e+01
155	156	157	8.302411909e+01	1.1950300000e+01
156	157	158	1.122432176e+02	1.1950300000e+01
157	158	159	1.339229927e+02	1.1950300000e+01
158	159	160	1.054276669e+02	1.1950300000e+01
159	160	161	1.005439617e+02	1.1950300000e+01
160	161	162	8.224387786e+01	1.1950300000e+01
161	162	163	8.481077337e+01	1.1950300000e+01
162	163	164	9.038746910e+01	1.1950300000e+01
163	164	165	9.140729897e+01	1.1950300000e+01
164	165	166	1.333166788e+02	1.1950300000e+01
165	166	167	8.776459021e+01	1.1950300000e+01
166	167	168	9.415377885e+01	1.1950300000e+01
167	168	169	9.012751069e+01	1.1950300000e+01
168	169	170	9.042047548e+01	1.1950300000e+01
169	170	171	8.892758473e+01	1.1950300000e+01
170	171	172	9.156721299e+01	1.1950300000e+01
171	172	173	8.879634916e+01	1.1950300000e+01
172	173	174	9.120165434e+01	1.1950300000e+01
173	174	175	9.136469850e+01	1.1950300000e+01
174	175	176	8.393180844e+01	1.1950300000e+01
175	176	177	8.931960256e+01	1.1950300000e+01
176	177	178	9.735272555e+01	1.1950300000e+01
177	178	179	1.170251533e+02	1.1950300000e+01
178	179	180	1.036381172e+02	1.1950300000e+01
179	180	181	1.298306764e+02	1.1950300000e+01
180	181	182	1.329810154e+02	1.1950300000e+01
181	182	183	1.163916937e+02	1.1950300000e+01
182	183	184	8.973778215e+01	1.1950300000e+01
183	184	185	9.415256575e+01	1.1950300000e+01
184	185	186	9.395483413e+01	1.1950300000e+01
185	186	187	9.756901816e+01	1.1950300000e+01
186	187	188	9.022036156e+01	1.1950300000e+01
187	188	189	9.039910376e+01	1.1950300000e+01
188	189	190	9.258967344e+01	1.1950300000e+01
189	190	191	8.969806106e+01	1.1950300000e+01
190	191	192	9.203097379e+01	1.1950300000e+01
191	192	193	9.299230640e+01	1.1950300000e+01
192	193	194	9.129349121e+01	1.1950300000e+01
193	194	195	9.076931208e+01	1.1950300000e+01
194	195	196	9.134855955e+01	1.1950300000e+01
195	196	197	9.235362849e+01	1.1950300000e+01
196	197	198	9.394320071e+01	1.1950300000e+01
197	198	199	8.822281905e+01	1.1950300000e+01
198	199	200	9.752757022e+01	1.1950300000e+01
199	200	201	9.574306923e+01	1.1950300000e+01
200	201	202	9.253424035e+01	1.1950300000e+01
201	202	203	9.031520662e+01	1.1950300000e+01
202	203	204	9.472377555e+01	1.1950300000e+01
203	204	205	9.031639161e+01	1.1950300000e+01
204	205	206	8.877986022e+01	1.1950300000e+01
205	206	207	8.814815267e+01	1.1950300000e+01
206	207	208	9.029921942e+01	1.1950300000e+01
207	208	209	9.240595355e+01	1.1950300000e+01
208	209	210	9.372525290e+01	1.1950300000e+01
209	210	211	8.735522674e+01	1.1950300000e+01
210	211	212	8.940910229e+01	1.1950300000e+01
211	212	213	8.842237716e+01	1.1950300000e+01
212	213	214	1.301150436e+02	1.1950300000e+01
213	214	215	9.291084228e+01	1.1950300000e+01
214	215	216	1.238906927e+02	1.1950300000e+01
215	216	217	1.064600199e+02	1.1950300000e+01
216	217	218	1.309016723e+02	1.1950300000e+01
217	218	219	8.719854268e+01	1.1950300000e+01
218	219	220	9.085288768e+01	1.1950300000e+01
219	220	221	8.627195994e+01	1.1950300000e+01
220	221	222	9.343050932e+01	1.1950300000e+01
221	222	223	9.101264113e+01	1.1950300000e+01
222	223	224	9.230295270e+01	1.1950300000e+01
223	224	225	9.077550763e+01	1.1950300000e+01
224	225	226	9.272106285e+01	1.1950300000e+01
225	226	227	9.484962081e+01	1.1950300000e+01
226	227	228	8.906719054e+01	1.1950300000e+01
227	228	229	8.871301428e+01	1.1950300000e+01
228	229	230	9.403379352e+01	1.1950300000e+01
229	230	231	1.034317557e+02	1.1950300000e+01
230	231	232	1.100260951e+02	1.1950300000e+01
231	232	233	1.226649115e+02	1.1950300000e+01
232	233	234	1.233786865e+02	1.1950300000e+01
233	234	235	1.038121118e+02	1.1950300000e+01
234	235	236	1.071876595e+02	1.1950300000e+01
235	236	237	9.881869916e+01	1.1950300000e+01
238	239	240	1.111001011e+02	1.1950300000e+01
239	240	241	1.001919402e+02	1.1950300000e+01
240	241	242	1.065663758e+02	1.1950300000e+01
241	242	243	1.390307911e+02	1.1950300000e+01
242	243	244	1.376706480e+02	1.1950300000e+01
243	244	245	1.403756487e+02	1.1950300000e+01
244	245	246	1.327936314e+02	1.1950300000e+01
245	246	247	1.223654959e+02	1.1950300000e+01
246	247	248	1.024035379e+02	1.1950300000e+01
247	248	249	9.084461736e+01	1.1950300000e+01
248	249	250	1.257213378e+02	1.1950300000e+01
249	250	251	8.477685727e+01	1.1950300000e+01
250	251	252	9.399073277e+01	1.1950300000e+01
251	252	253	1.152773059e+02	1.1950300000e+01
252	253	254	1.211046432e+02	1.1950300000e+01
253	254	255	8.448718156e+01	1.1950300000e+01
254	255	256	9.196531525e+01	1.1950300000e+01
255	256	257	8.814100103e+01	1.1950300000e+01
256	257	258	9.056493568e+01	1.1950300000e+01
257	258	259	9.319934518e+01	1.1950300000e+01
258	259	260	9.256816212e+01	1.1950300000e+01
259	260	261	1.397205412e+02	1.1950300000e+01
260	261	262	9.516905530e+01	1.1950300000e+01
261	262	263	1.157462980e+02	1.1950300000e+01
262	263	264	1.146237278e+02	1.1950300000e+01
263	264	265	9.247725548e+01	1.1950300000e+01
264	265	266	9.322860732e+01	1.1950300000e+01
265	266	267	9.348538657e+01	1.1950300000e+01
266	267	268	8.901346249e+01	1.1950300000e+01
267	268	269	9.114192777e+01	1.1950300000e+01
268	269	270	9.370592190e+01	1.1950300000e+01
269	270	271	9.048161663e+01	1.1950300000e+01
270	271	272	8.887357786e+01	1.1950300000e+01
271	272	273	9.377227374e+01	1.1950300000e+01
272	273	274	9.362200010e+01	1.1950300000e+01
273	274	275	9.915676596e+01	1.1950300000e+01
274	275	276	9.599705196e+01	1.1950300000e+01
275	276	277	9.548714671e+01	1.1950300000e+01
276	277	278	1.395413263e+02	1.1950300000e+01
277	278	279	8.981874896e+01	1.1950300000e+01
278	279	280	1.365010908e+02	1.1950300000e+01
279	280	281	1.182324611e+02	1.1950300000e+01
280	281	282	1.209333889e+02	1.1950300000e+01
281	282	283	9.338401583e+01	1.1950300000e+01
282	283	284	9.631493937e+01	1.1950300000e+01
283	284	285	9.749942712e+01	1.1950300000e+01
284	285	286	8.995455658e+01	1.1950300000e+01
285	286	287	9.267934926e+01	1.1950300000e+01
286	287	288	9.211402895e+01	1.1950300000e+01
287	288	289	9.428714614e+01	1.1950300000e+01
288	289	290	8.963356785e+01	1.1950300000e+01
289	290	291	9.027041595e+01	1.1950300000e+01
290	291	292	9.371636154e+01	1.1950300000e+01
291	292	293	8.985888821e+01	1.1950300000e+01
292	293	294	9.083861435e+01	1.1950300000e+01
293	294	295	9.408734570e+01	1.1950300000e+01
294	295	296	9.052116573e+01	1.1950300000e+01
295	296	297	8.994600045e+01	1.1950300000e+01
296	297	298	9.111165801e+01	1.1950300000e+01
297	298	299	9.540272812e+01	1.1950300000e+01
298	299	300	9.302230522e+01	1.1950300000e+01
299	300	301	9.202137032e+01	1.1950300000e+01
300	301	302	9.193047947e+01	1.1950300000e+01
301	302	303	9.318293147e+01	1.1950300000e+01
302	303	304	9.345876794e+01	1.1950300000e+01
303	304	305	8.612179663e+01	1.1950300000e+01
304	305	306	9.011968951e+01	1.1950300000e+01
305	306	307	9.056625629e+01	1.1950300000e+01
306	307	308	9.003529749e+01	1.1950300000e+01
307	308	309	9.090388212e+01	1.1950300000e+01
308	309	310	8.771766206e+01	1.1950300000e+01
309	310	311	9.112650756e+01	1.1950300000e+01
310	311	312	9.407122518e+01	1.1950300000e+01
311	312	313	1.299499611e+02	1.1950300000e+01
312	313	314	9.729390952e+01	1.1950300000e+01
313	314	315	1.206117359e+02	1.1950300000e+01
314	315	316	1.121472654e+02	1.1950300000e+01
315	316	317	1.294800943e+02	1.1950300000e+01
316	317	318	9.095644029e+01	1.1950300000e+01
317	318	319	9.116060806e+01	1.1950300000e+01
318	319	320	9.176067761e+01	1.1950300000e+01
319	320	321	8.956979794e+01	1.1950300000e+01
320	321	322	9.240130370e+01	1.1950300000e+01
321	322	323	8.889573027e+01	1.1950300000e+01
322	323	324	9.323245982e+01	1.1950300000e+01
323	324	325	1.011563584e+02	1.1950300000e+01
324	325	326	9.489615980e+01	1.1950300000e+01
325	326	327	9.069523828e+01	1.1950300000e+01
326	327	328	1.149003431e+02	1.1950300000e+01
327	328	329	9.704165940e+01	1.1950300000e+01
328	329	330	9.976179295e+01	1.1950300000e+01
329	330	331	8.854664597e+01	1.1950300000e+01
330	331	332	8.919940396e+01	1.1950300000e+01
331	332	333	9.390963039e+01	1.1950300000e+01
332	333	334	8.819645061e+01	1.1950300000e+01
333	334	335	9.663217674e+01	1.1950300000e+01
334	335	336	9.481120668e+01	1.1950300000e+01
335	336	337	9.716653785e+01	1.1950300000e+01
336	337	338	1.274241508e+02	1.1950300000e+01
337	338	339	1.183441045e+02	1.1950300000e+01
338	339	340	1.061186104e+02	1.1950300000e+01
339	340	341	1.147832320e+02	1.1950300000e+01
340	341	342	8.853712518e+01	1.1950300000e+01
341	342	343	9.971050654e+01	1.1950300000e+01
342	343	344	1.174706623e+02	1.1950300000e+01
343	344	345	1.366494456e+02	1.1950300000e+01
344	345	346	1.148886019e+02	1.1950300000e+01
345	346	347	1.039827241e+02	1.1950300000e+01
346	347	348	1.300077959e+02	1.1950300000e+01
347	348	349	1.189526911e+02	1.1950300000e+01
348	349	350	1.105572431e+02	1.1950300000e+01
349	350	351	9.675152758e+01	1.1950300000e+01
350	351	352	9.033298523e+01	1.1950300000e+01
351	352	353	9.595194330e+01	1.1950300000e+01
352	353	354	1.175518359e+02	1.1950300000e+01
353	354	355	1.250713060e+02	1.1950300000e+01
354	355	356	1.521260452e+02	1.1950300000e+01
355	356	357	7.647677870e+01	1.1950300000e+01
356	357	358	7.871907991e+01	1.1950300000e+01
357	358	359	9.865190078e+01	1.1950300000e+01
358	359	360	1.113273031e+02	1.1950300000e+01
359	360	361	1.153188730e+02	1.1950300000e+01
360	361	362	1.012424247e+02	1.1950300000e+01
361	362	363	9.594472746e+01	1.1950300000e+01
362	363	364	1.038103890e+02	1.1950300000e+01
363	364	365	1.394195168e+02	1.1950300000e+01
366	367	368	1.347587418e+02	1.1950300000e+01
367	368	369	1.092094732e+02	1.1950300000e+01
368	369	370	1.511044752e+02	1.1950300000e+01
369	370	371	1.138251039e+02	1.1950300000e+01
370	371	372	1.662195652e+02	1.1950300000e+01
371	372	373	1.192361694e+02	1.1950300000e+01
372	373	374	9.328630821e+01	1.1950300000e+01
373	374	375	9.627760981e+01	1.1950300000e+01
374	375	376	9.733930182e+01	1.1950300000e+01
375	376	377	1.320893697e+02	1.1950300000e+01
376	377	378	1.261934114e+02	1.1950300000e+01
377	378	379	1.130635746e+02	1.1950300000e+01
378	379	380	1.110972754e+02	1.1950300000e+01
379	380	381	9.444001362e+01	1.1950300000e+01
380	381	382	1.276429855e+02	1.1950300000e+01
381	382	383	1.058424306e+02	1.1950300000e+01
382	383	384	1.322891434e+02	1.1950300000e+01
383	384	385	1.086200905e+02	1.1950300000e+01
384	385	386	1.364175583e+02	1.1950300000e+01
385	386	387	1.173329660e+02	1.1950300000e+01
386	387	388	1.094072429e+02	1.1950300000e+01
387	388	389	1.535395397e+02	1.1950300000e+01
388	389	390	1.045769767e+02	1.1950300000e+01
389	390	391	1.042049065e+02	1.1950300000e+01
390	391	392	9.553137449e+01	1.1950300000e+01
391	392	393	1.153218029e+02	1.1950300000e+01
392	393	394	1.123504247e+02	1.1950300000e+01
393	394	395	1.059307795e+02	1.1950300000e+01
394	395	396	1.182770971e+02	1.1950300000e+01
395	396	397	1.069838070e+02	1.1950300000e+01
396	397	398	1.248835307e+02	1.1950300000e+01
397	398	399	1.413876099e+02	1.1950300000e+01
398	399	400	9.151048725e+01	1.1950300000e+01
399	400	401	9.905480415e+01	1.1950300000e+01
400	401	402	9.036075300e+01	1.1950300000e+01
401	402	403	9.407229403e+01	1.1950300000e+01
402	403	404	8.585357621e+01	1.1950300000e+01
403	404	405	9.156605380e+01	1.1950300000e+01
404	405	406	9.121894562e+01	1.1950300000e+01
405	406	407	9.325132887e+01	1.1950300000e+01
406	407	408	8.985665374e+01	1.1950300000e+01
407	408	409	9.019531248e+01	1.1950300000e+01
408	409	410	9.335143790e+01	1.1950300000e+01
409	410	411	1.024987463e+02	1.1950300000e+01
410	411	412	1.080506804e+02	1.1950300000e+01
411	412	413	9.597916458e+01	1.1950300000e+01
412	413	414	9.871846335e+01	1.1950300000e+01
413	414	415	1.231744276e+02	1.1950300000e+01
414	415	416	1.309993860e+02	1.1950300000e+01
415	416	417	1.299517407e+02	1.1950300000e+01
416	417	418	1.203093639e+02	1.1950300000e+01
417	418	419	9.067588479e+01	1.1950300000e+01
418	419	420	9.061251535e+01	1.1950300000e+01
419	420	421	8.816602636e+01	1.1950300000e+01
420	421	422	8.911963501e+01	1.1950300000e+01
421	422	423	8.732003344e+01	1.1950300000e+01
422	423	424	9.013708972e+01	1.1950300000e+01
423	424	425	9.117319453e+01	1.1950300000e+01
424	425	426	9.017951101e+01	1.1950300000e+01
425	426	427	8.996229767e+01	1.1950300000e+01
426	427	428	9.403067306e+01	1.1950300000e+01
427	428	429	9.251009223e+01	1.1950300000e+01
428	429	430	9.204261755e+01	1.1950300000e+01
429	430	431	9.392494781e+01	1.1950300000e+01
430	431	432	9.078252559e+01	1.1950300000e+01
431	432	433	8.955226207e+01	1.1950300000e+01
432	433	434	9.365226508e+01	1.1950300000e+01
433	434	435	9.411949272e+01	1.1950300000e+01
434	435	436	9.369847159e+01	1.1950300000e+01
435	436	437	9.181502285e+01	1.1950300000e+01
436	437	438	9.175557573e+01	1.1950300000e+01
437	438	439	8.980144406e+01	1.1950300000e+01
438	439	440	9.007761324e+01	1.1950300000e+01
439	440	441	9.131510920e+01	1.1950300000e+01
440	441	442	9.064820018e+01	1.1950300000e+01
441	442	443	9.126599692e+01	1.1950300000e+01
442	443	444	9.239765045e+01	1.1950300000e+01
443	444	445	9.315048810e+01	1.1950300000e+01
444	445	446	8.713578949e+01	1.1950300000e+01
445	446	447	9.509848447e+01	1.1950300000e+01
446	447	448	9.250356507e+01	1.1950300000e+01
447	448	449	1.220976550e+02	1.1950300000e+01
448	449	450	9.532921797e+01	1.1950300000e+01
449	450	451	1.273369255e+02	1.1950300000e+01
450	451	452	1.054724987e+02	1.1950300000e+01
451	452	453	1.312185747e+02	1.1950300000e+01
452	453	454	8.454821391e+01	1.1950300000e+01
453	454	455	9.230503562e+01	1.1950300000e+01
454	455	456	8.888737318e+01	1.1950300000e+01
455	456	457	9.017511492e+01	1.1950300000e+01
456	457	458	9.396537112e+01	1.1950300000e+01
457	458	459	9.137965116e+01	1.1950300000e+01
458	459	460	8.690493697e+01	1.1950300000e+01
459	460	461	9.176273905e+01	1.1950300000e+01
460	461	462	9.066323772e+01	1.1950300000e+01
461	462	463	9.509718035e+01	1.1950300000e+01
462	463	464	1.064592285e+02	1.1950300000e+01
463	464	465	1.267230009e+02	1.1950300000e+01
464	465	466	1.195291994e+02	1.1950300000e+01
465	466	467	1.122071027e+02	1.1950300000e+01
466	467	468	9.387884121e+01	1.1950300000e+01
467	468	469	9.250308266e+01	1.1950300000e+01
468	469	470	8.942920334e+01	1.1950300000e+01
469	470	471	9.495024818e+01	1.1950300000e+01
470	471	472	9.208678051e+01	1.1950300000e+01
471	472	473	9.134432955e+01	1.1950300000e+01
472	473	474	8.980566381e+01	1.1950300000e+01
473	474	475	9.311831981e+01	1.1950300000e+01
474	475	476	9.254788317e+01	1.1950300000e+01
475	476	477	9.227232711e+01	1.1950300000e+01
476	477	478	9.276707410e+01	1.1950300000e+01
477	478	479	9.033881530e+01	1.1950300000e+01
478	479	480	9.528263895e+01	1.1950300000e+01
479	480	481	9.220230763e+01	1.1950300000e+01
480	481	482	9.014341290e+01	1.1950300000e+01
481	482	483	9.269648976e+01	1.1950300000e+01
482	483	484	9.126907028e+01	1.1950300000e+01
483	484	485	9.217564371e+01	1.1950300000e+01
484	485	486	9.001533235e+01	1.1950300000e+01
485	486	487	1.297525398e+02	1.1950300000e+01
488	489	490	9.401697412e+01	1.1950300000e+01
489	490	491	9.150763792e+01	1.1950300000e+01
490	491	492	1.285054554e+02	1.1950300000e+01
491	492	493	1.291535919e+02	1.1950300000e+01
492	493	494	1.110626975e+02	1.1950300000e+01
493	494	495	8.947779009e+01	1.1950300000e+01
494	495	496	1.062441131e+02	1.1950300000e+01
495	496	497	1.207537501e+02	1.1950300000e+01
496	497	498	1.144738124e+02	1.1950300000e+01
497	498	499	9.763113829e+01	1.1950300000e+01
498	499	500	8.629828537e+01	1.1950300000e+01
499	500	501	1.174906028e+02	1.1950300000e+01
500	501	502	9.624490943e+01	1.1950300000e+01
501	502	503	1.364793319e+02	1.1950300000e+01
502	503	504	1.300863570e+02	1.1950300000e+01
503	504	505	9.501414804e+01	1.1950300000e+01
504	505	506	1.296054948e+02	1.1950300000e+01
505	506	507	9.216102229e+01	1.1950300000e+01
506	507	508	1.453558226e+02	1.1950300000e+01
507	508	509	1.368603935e+02	1.1950300000e+01
508	509	510	1.185038830e+02	1.1950300000e+01
509	510	511	1.091752793e+02	1.1950300000e+01
510	511	512	1.473375657e+02	1.1950300000e+01
511	512	513	1.066020287e+02	1.1950300000e+01
512	513	514	1.104609342e+02	1.1950300000e+01
513	514	515	9.820200828e+01	1.1950300000e+01
514	515	516	1.132954710e+02	1.1950300000e+01
515	516	517	9.278131831e+01	1.1950300000e+01
516	517	518	9.968270002e+01	1.1950300000e+01
517	518	519	9.022362315e+01	1.1950300000e+01
518	519	520	1.255456552e+02	1.1950300000e+01
519	520	521	1.136005547e+02	1.1950300000e+01
520	521	522	1.152407526e+02	1.1950300000e+01
521	522	523	1.180748318e+02	1.1950300000e+01
522	523	524	1.358043300e+02	1.1950300000e+01
523	524	525	1.268650976e+02	1.1950300000e+01
524	525	526	1.087596160e+02	1.1950300000e+01
525	526	527	1.193451411e+02	1.1950300000e+01
526	527	528	1.307865616e+02	1.1950300000e+01
527	528	529	1.117093084e+02	1.1950300000e+01
528	529	530	1.211800937e+02	1.1950300000e+01
529	530	531	1.058172049e+02	1.1950300000e+01
530	531	532	9.830374011e+01	1.1950300000e+01
531	532	533	9.491737293e+01	1.1950300000e+01
532	533	534	9.123684173e+01	1.1950300000e+01
533	534	535	8.806892763e+01	1.1950300000e+01
534	535	536	8.942602953e+01	1.1950300000e+01
535	536	537	8.928476821e+01	1.1950300000e+01
536	537	538	9.266031466e+01	1.1950300000e+01
537	538	539	8.893513873e+01	1.1950300000e+01
538	539	540	9.175976219e+01	1.1950300000e+01
539	540	541	9.676957672e+01	1.1950300000e+01
540	541	542	9.583917269e+01	1.1950300000e+01
541	542	543	8.882003465e+01	1.1950300000e+01
542	543	544	9.452559713e+01	1.1950300000e+01
543	544	545	1.338256446e+02	1.1950300000e+01
544	545	546	1.059050208e+02	1.1950300000e+01
545	546	547	1.179294999e+02	1.1950300000e+01
546	547	548	1.118762327e+02	1.1950300000e+01
547	548	549	1.026643009e+02	1.1950300000e+01
548	549	550	1.149650051e+02	1.1950300000e+01
549	550	551	1.110572628e+02	1.1950300000e+01
550	551	552	1.049448189e+02	1.1950300000e+01
551	552	553	9.498070892e+01	1.1950300000e+01
552	553	554	8.877322734e+01	1.1950300000e+01
553	554	555	9.011509690e+01	1.1950300000e+01
554	555	556	9.194445928e+01	1.1950300000e+01
555	556	557	9.152610762e+01	1.1950300000e+01
556	557	558	8.963449939e+01	1.1950300000e+01
557	558	559	9.137707977e+01	1.1950300000e+01
558	559	560	9.271541452e+01	1.1950300000e+01
559	560	561	9.378162780e+01	1.1950300000e+01
560	561	562	9.376166732e+01	1.1950300000e+01
561	562	563	9.082946206e+01	1.1950300000e+01
562	563	564	8.963569548e+01	1.1950300000e+01
563	564	565	8.872238654e+01	1.1950300000e+01
564	565	566	9.780238477e+01	1.1950300000e+01
565	566	567	1.305628734e+02	1.1950300000e+01
566	567	568	1.240881640e+02	1.1950300000e+01
567	568	569	9.873482871e+01	1.1950300000e+01
568	569	570	1.241418074e+02	1.1950300000e+01
569	570	571	1.231622829e+02	1.1950300000e+01
570	571	572	1.322425553e+02	1.1950300000e+01
571	572	573	1.030694360e+02	1.1950300000e+01
572	573	574	9.025801754e+01	1.1950300000e+01
573	574	575	8.747638132e+01	1.1950300000e+01
574	575	576	8.860311522e+01	1.1950300000e+01
575	576	577	9.288146524e+01	1.1950300000e+01
576	577	578	8.881958502e+01	1.1950300000e+01
577	578	579	9.033617443e+01	1.1950300000e+01
578	579	580	9.082446697e+01	1.1950300000e+01
579	580	581	9.387612694e+01	1.1950300000e+01
580	581	582	9.053605648e+01	1.1950300000e+01
581	582	583	9.374655543e+01	1.1950300000e+01
582	583	584	9.423916646e+01	1.1950300000e+01
583	584	585	9.418495952e+01	1.1950300000e+01
584	585	586	8.792004523e+01	1.1950300000e+01
585	586	587	9.288199481e+01	1.1950300000e+01
586	587	588	9.542112765e+01	1.1950300000e+01
587	588	589	9.163086059e+01	1.1950300000e+01
588	589	590	9.019377208e+01	1.1950300000e+01
589	590	591	9.068724948e+01	1.1950300000e+01
590	591	592	8.804589705e+01	1.1950300000e+01
591	592	593	9.001008068e+01	1.1950300000e+01
592	593	594	9.129656001e+01	1.1950300000e+01
593	594	595	9.026640527e+01	1.1950300000e+01
594	595	596	8.959108537e+01	1.1950300000e+01
595	596	597	8.716885495e+01	1.1950300000e+01
596	597	598	9.398434213e+01	1.1950300000e+01
597	598	599	8.910099400e+01	1.1950300000e+01
598	599	600	9.106387744e+01	1.1950300000e+01
599	600	601	8.769073785e+01	1.1950300000e+01
600	601	602	9.106841992e+01	1.1950300000e+01
601	602	603	9.425102773e+01	1.1950300000e+01
602	603	604	1.332212391e+02	1.1950300000e+01
603	604	605	9.182813043e+01	1.1950300000e+01
604	605	606	1.182170725e+02	1.1950300000e+01
605	606	607	1.156334013e+02	1.1950300000e+01
606	607	608	1.348750997e+02	1.1950300000e+01
607	608	609	9.063951612e+01	1.1950300000e+01
608	609	610	9.042140632e+01	1.1950300000e+01
609	610	611	9.071392799e+01	1.1950300000e+01
610	611	612	8.920789309e+01	1.1950300000e+01
611	612	613	9.327710416e+01	1.1950300000e+01
612	613	614	9.257538553e+01	1.1950300000e+01
613	614	615	9.225153348e+01	1.1950300000e+01
614	615	616	9.092713505e+01	1.1950300000e+01
615	616	617	9.370875921e+01	1.1950300000e+01
616	617	618	8.923349781e+01	1.1950300000e+01
617	618	619	8.905975096e+01	1.1950300000e+01
618	619	620	9.316722700e+01	1.1950300000e+01
619	620	621	9.015633568e+01	1.1950300000e+01
620	621	622	1.143340184e+02	1.1950300000e+01
623	624	625	1.003007348e+02	1.1950300000e+01
624	625	626	1.303335668e+02	1.1950300000e+01
625	626	627	1.249219355e+02	1.1950300000e+01
626	627	628	1.207124032e+02	1.1950300000e+01
627	628	629	1.193492122e+02	1.1950300000e+01
628	629	630	9.460873309e+01	1.1950300000e+01
629	630	631	8.748057438e+01	1.1950300000e+01
630	631	632	1.182981872e+02	1.1950300000e+01
631	632	633	1.389564115e+02	1.1950300000e+01
632	633	634	1.490689141e+02	1.1950300000e+01
633	634	635	1.265950487e+02	1.1950300000e+01
634	635	636	1.106431596e+02	1.1950300000e+01
635	636	637	8.849940984e+01	1.1950300000e+01
636	637	638	1.061583151e+02	1.1950300000e+01
637	638	639	1.135524653e+02	1.1950300000e+01
638	639	640	1.213947169e+02	1.1950300000e+01
639	640	641	1.368308819e+02	1.1950300000e+01
640	641	642	1.160670634e+02	1.1950300000e+01
641	642	643	1.199546321e+02	1.1950300000e+01
642	643	644	1.137441539e+02	1.1950300000e+01
643	644	645	1.157897777e+02	1.1950300000e+01
644	645	646	1.407400857e+02	1.1950300000e+01
645	646	647	9.345983066e+01	1.1950300000e+01
646	647	648	9.087742899e+01	1.1950300000e+01
647	648	649	8.365056062e+01	1.1950300000e+01
648	649	650	8.564201666e+01	1.1950300000e+01
649	650	651	8.437442090e+01	1.1950300000e+01
650	651	652	9.127226395e+01	1.1950300000e+01
651	652	653	1.340888041e+02	1.1950300000e+01
652	653	654	9.035457064e+01	1.1950300000e+01
653	654	655	9.094238614e+01	1.1950300000e+01
654	655	656	9.310798715e+01	1.1950300000e+01
655	656	657	9.007011493e+01	1.1950300000e+01
656	657	658	8.823110314e+01	1.1950300000e+01
657	658	659	9.229301740e+01	1.1950300000e+01
658	659	660	8.976076320e+01	1.1950300000e+01
659	660	661	8.953282672e+01	1.1950300000e+01
660	661	662	9.220021434e+01	1.1950300000e+01
661	662	663	8.340007232e+01	1.1950300000e+01
662	663	664	8.733121043e+01	1.1950300000e+01
663	664	665	9.732663431e+01	1.1950300000e+01
664	665	666	1.167722909e+02	1.1950300000e+01
665	666	667	1.037669717e+02	1.1950300000e+01
666	667	668	1.296986534e+02	1.1950300000e+01
667	668	669	1.315529638e+02	1.1950300000e+01
668	669	670	1.173079039e+02	1.1950300000e+01
669	670	671	9.360506760e+01	1.1950300000e+01
670	671	672	9.234289417e+01	1.1950300000e+01
671	672	673	9.441311579e+01	1.1950300000e+01
672	673	674	9.854786984e+01	1.1950300000e+01
673	674	675	9.004619352e+01	1.1950300000e+01
674	675	676	9.007065325e+01	1.1950300000e+01
675	676	677	9.224163388e+01	1.1950300000e+01
676	677	678	8.899982872e+01	1.1950300000e+01
677	678	679	9.176815476e+01	1.1950300000e+01
678	679	680	9.256629740e+01	1.1950300000e+01
679	680	681	9.132146956e+01	1.1950300000e+01
680	681	682	9.076408829e+01	1.1950300000e+01
681	682	683	9.085132219e+01	1.1950300000e+01
682	683	684	9.204324501e+01	1.1950300000e+01
683	684	685	9.500036488e+01	1.1950300000e+01
684	685	686	8.964262156e+01	1.1950300000e+01
685	686	687	9.820805015e+01	1.1950300000e+01
686	687	688	9.440522392e+01	1.1950300000e+01
687	688	689	9.119313805e+01	1.1950300000e+01
688	689	690	9.052107604e+01	1.1950300000e+01
689	690	691	9.389451305e+01	1.1950300000e+01
690	691	692	9.143882847e+01	1.1950300000e+01
691	692	693	9.040789845e+01	1.1950300000e+01
692	693	694	8.758839537e+01	1.1950300000e+01
693	694	695	8.944543209e+01	1.1950300000e+01
694	695	696	9.338532818e+01	1.1950300000e+01
695	696	697	9.365404095e+01	1.1950300000e+01
696	697	698	8.797519129e+01	1.1950300000e+01
697	698	699	8.946600918e+01	1.1950300000e+01
698	699	700	9.169177836e+01	1.1950300000e+01
699	700	701	1.285261933e+02	1.1950300000e+01
700	701	702	9.331173196e+01	1.1950300000e+01
701	702	703	1.230559919e+02	1.1950300000e+01
702	703	704	1.079286015e+02	1.1950300000e+01
703	704	705	1.297046858e+02	1.1950300000e+01
704	705	706	8.429626450e+01	1.1950300000e+01
705	706	707	9.201840937e+01	1.1950300000e+01
706	707	708	8.722240928e+01	1.1950300000e+01
707	708	709	9.391354207e+01	1.1950300000e+01
708	709	710	9.170803453e+01	1.1950300000e+01
709	710	711	9.144332274e+01	1.1950300000e+01
710	711	712	9.026211559e+01	1.1950300000e+01
711	712	713	9.178652992e+01	1.1950300000e+01
712	713	714	9.394637231e+01	1.1950300000e+01
713	714	715	8.971482546e+01	1.1950300000e+01
714	715	716	9.101148793e+01	1.1950300000e+01
715	716	717	9.404545025e+01	1.1950300000e+01
716	717	718	9.856530258e+01	1.1950300000e+01
717	718	719	1.118388862e+02	1.1950300000e+01
718	719	720	1.253007832e+02	1.1950300000e+01
719	720	721	1.235131452e+02	1.1950300000e+01
720	721	722	1.024376819e+02	1.1950300000e+01
721	722	723	1.051702208e+02	1.1950300000e+01
722	723	724	1.348853573e+02	1.1950300000e+01
725	726	727	1.218426486e+02	1.1950300000e+01
726	727	728	9.869775965e+01	1.1950300000e+01
727	728	729	1.395564607e+02	1.1950300000e+01
728	729	730	8.768623877e+01	1.1950300000e+01
729	730	731	8.733759839e+01	1.1950300000e+01
730	731	732	9.209459626e+01	1.1950300000e+01
731	732	733	1.327527802e+02	1.1950300000e+01
732	733	734	1.202475519e+02	1.1950300000e+01
733	734	735	8.617172173e+01	1.1950300000e+01
734	735	736	8.429310574e+01	1.1950300000e+01
735	736	737	1.265308697e+02	1.1950300000e+01
736	737	738	9.139857926e+01	1.1950300000e+01
737	738	739	1.026238959e+02	1.1950300000e+01
738	739	740	1.260992446e+02	1.1950300000e+01
739	740	741	1.153671318e+02	1.1950300000e+01
740	741	742	8.883359362e+01	1.1950300000e+01
741	742	743	9.035346088e+01	1.1950300000e+01
742	743	744	9.114989693e+01	1.1950300000e+01
743	744	745	8.927196504e+01	1.1950300000e+01
744	745	746	9.142211987e+01	1.1950300000e+01
745	746	747	8.989918948e+01	1.1950300000e+01
746	747	748	1.377518032e+02	1.1950300000e+01
747	748	749	9.294349141e+01	1.1950300000e+01
748	749	750	1.164076256e+02	1.1950300000e+01
749	750	751	1.093501261e+02	1.1950300000e+01
750	751	752	9.387899109e+01	1.1950300000e+01
751	752	753	9.289683187e+01	1.1950300000e+01
752	753	754	8.983436137e+01	1.1950300000e+01
753	754	755	8.854607036e+01	1.1950300000e+01
754	755	756	9.118802903e+01	1.1950300000e+01
755	756	757	9.314317883e+01	1.1950300000e+01
756	757	758	9.168903173e+01	1.1950300000e+01
757	758	759	8.958446212e+01	1.1950300000e+01
758	759	760	9.517833498e+01	1.1950300000e+01
759	760	761	9.243888570e+01	1.1950300000e+01
760	761	762	9.348101908e+01	1.1950300000e+01
761	762	763	9.201401980e+01	1.1950300000e+01
762	763	764	9.250151342e+01	1.1950300000e+01
763	764	765	1.428997612e+02	1.1950300000e+01
764	765	766	9.090967680e+01	1.1950300000e+01
765	766	767	1.363439980e+02	1.1950300000e+01
766	767	768	1.196813026e+02	1.1950300000e+01
767	768	769	1.195402440e+02	1.1950300000e+01
768	769	770	9.623354512e+01	1.1950300000e+01
769	770	771	9.418522617e+01	1.1950300000e+01
770	771	772	9.713288033e+01	1.1950300000e+01
771	772	773	8.986266198e+01	1.1950300000e+01
772	773	774	9.378632011e+01	1.1950300000e+01
773	774	775	9.072558709e+01	1.1950300000e+01
774	775	776	9.555890823e+01	1.1950300000e+01
775	776	777	8.803176698e+01	1.1950300000e+01
776	777	778	9.199525024e+01	1.1950300000e+01
777	778	779	9.229265685e+01	1.1950300000e+01
778	779	780	9.077185065e+01	1.1950300000e+01
779	780	781	9.200991702e+01	1.1950300000e+01
780	781	782	9.303283251e+01	1.1950300000e+01
781	782	783	9.141396215e+01	1.1950300000e+01
782	783	784	8.954317326e+01	1.1950300000e+01
783	784	785	9.186250409e+01	1.1950300000e+01
784	785	786	9.340470831e+01	1.1950300000e+01
785	786	787	9.534805565e+01	1.1950300000e+01
786	787	788	8.995777637e+01	1.1950300000e+01
787	788	789	9.054356282e+01	1.1950300000e+01
788	789	790	9.600827938e+01	1.1950300000e+01
789	790	791	8.980608965e+01	1.1950300000e+01
790	791	792	8.870198652e+01	1.1950300000e+01
791	792	793	8.815287097e+01	1.1950300000e+01
792	793	794	9.274688378e+01	1.1950300000e+01
793	794	795	8.774142494e+01	1.1950300000e+01
794	795	796	9.189268754e+01	1.1950300000e+01
795	796	797	8.899746254e+01	1.1950300000e+01
796	797	798	9.292964295e+01	1.1950300000e+01
797	798	799	9.416058962e+01	1.1950300000e+01
798	799	800	1.341912143e+02	1.1950300000e+01
799	800	801	9.632869452e+01	1.1950300000e+01
800	801	802	1.209158923e+02	1.1950300000e+01
801	802	803	1.121043908e+02	1.1950300000e+01
802	803	804	1.285948021e+02	1.1950300000e+01
803	804	805	9.058121639e+01	1.1950300000e+01
804	805	806	9.039642682e+01	1.1950300000e+01
805	806	807	9.226794756e+01	1.1950300000e+01
806	807	808	8.963646859e+01	1.1950300000e+01
807	808	809	9.239061963e+01	1.1950300000e+01
808	809	810	8.994397858e+01	1.1950300000e+01
809	810	811	9.535897246e+01	1.1950300000e+01
810	811	812	9.874006623e+01	1.1950300000e+01
811	812	813	9.490203309e+01	1.1950300000e+01
812	813	814	8.970459171e+01	1.1950300000e+01
813	814	815	1.129716232e+02	1.1950300000e+01
814	815	816	9.568919401e+01	1.1950300000e+01
815	816	817	9.889093584e+01	1.1950300000e+01
816	817	818	8.816759296e+01	1.1950300000e+01
817	818	819	8.986505569e+01	1.1950300000e+01
818	819	820	9.444616973e+01	1.1950300000e+01
819	820	821	8.845838288e+01	1.1950300000e+01
820	821	822	9.348176099e+01	1.1950300000e+01
821	822	823	9.253907174e+01	1.1950300000e+01
822	823	824	9.699593522e+01	1.1950300000e+01
823	824	825	1.287743643e+02	1.1950300000e+01
824	825	826	1.176947063e+02	1.1950300000e+01
825	826	827	1.053240016e+02	1.1950300000e+01
826	827	828	1.148071786e+02	1.1950300000e+01
827	828	829	8.719337155e+01	1.1950300000e+01
828	829	830	1.005012246e+02	1.1950300000e+01
829	830	831	1.190630645e+02	1.1950300000e+01
830	831	832	1.360489429e+02	1.1950300000e+01
831	832	833	1.161266265e+02	1.1950300000e+01
832	833	834	1.042693365e+02	1.1950300000e+01
833	834	835	1.297144283e+02	1.1950300000e+01
834	835	836	1.188971735e+02	1.1950300000e+01
835	836	837	1.074859326e+02	1.1950300000e+01
836	837	838	9.469301447e+01	1.1950300000e+01
837	838	839	8.913453161e+01	1.1950300000e+01
838	839	840	9.493822265e+01	1.1950300000e+01
839	840	841	1.197176580e+02	1.1950300000e+01
840	841	842	1.216305187e+02	1.1950300000e+01
841	842	843	1.076087679e+02	1.1950300000e+01
842	843	844	9.753201141e+01	1.1950300000e+01
843	844	845	1.237292205e+02	1.1950300000e+01
844	845	846	1.226859150e+02	1.1950300000e+01
845	846	847	9.383276019e+01	1.1950300000e+01
846	847	848	1.135321055e+02	1.1950300000e+01
847	848	849	1.230511825e+02	1.1950300000e+01
848	849	850	1.016146622e+02	1.1950300000e+01
849	850	851	1.006604093e+02	1.1950300000e+01
850	851	852	9.538433909e+01	1.1950300000e+01
853	854	855	1.295637926e+02	1.1950300000e+01
854	855	856	9.629722542e+01	1.1950300000e+01
855	856	857	9.857498433e+01	1.1950300000e+01
856	857	858	8.633362652e+01	1.1950300000e+01
857	858	859	1.326769044e+02	1.1950300000e+01
858	859	860	1.271463326e+02	1.1950300000e+01
859	860	861	1.042977794e+02	1.1950300000e+01
860	861	862	9.835423580e+01	1.1950300000e+01
861	862	863	1.301568668e+02	1.1950300000e+01
862	863	864	1.353333431e+02	1.1950300000e+01
863	864	865	1.308120763e+02	1.1950300000e+01
864	865	866	1.213911253e+02	1.1950300000e+01
865	866	867	1.049353794e+02	1.1950300000e+01
866	867	868	9.977827461e+01	1.1950300000e+01
867	868	869	1.316629175e+02	1.1950300000e+01
868	869	870	1.331915483e+02	1.1950300000e+01
869	870	871	1.252832995e+02	1.1950300000e+01
870	871	872	9.124115237e+01	1.1950300000e+01
871	872	873	1.401482059e+02	1.1950300000e+01
872	873	874	1.049683568e+02	1.1950300000e+01
873	874	875	8.508222432e+01	1.1950300000e+01
874	875	876	9.262436505e+01	1.1950300000e+01
875	876	877	1.130531970e+02	1.1950300000e+01
876	877	878	1.013842893e+02	1.1950300000e+01
877	878	879	1.067772378e+02	1.1950300000e+01
878	879	880	8.141212675e+01	1.1950300000e+01
879	880	881	9.351563869e+01	1.1950300000e+01
880	881	882	9.298962777e+01	1.1950300000e+01
881	882	883	1.129139529e+02	1.1950300000e+01
882	883	884	1.065459492e+02	1.1950300000e+01
883	884	885	1.282224857e+02	1.1950300000e+01
884	885	886	1.410535811e+02	1.1950300000e+01
885	886	887	9.272365212e+01	1.1950300000e+01
886	887	888	9.763007286e+01	1.1950300000e+01
887	888	889	9.214433122e+01	1.1950300000e+01
888	889	890	9.352310178e+01	1.1950300000e+01
889	890	891	8.573908152e+01	1.1950300000e+01
890	891	892	9.177903243e+01	1.1950300000e+01
891	892	893	9.171186769e+01	1.1950300000e+01
892	893	894	9.203822089e+01	1.1950300000e+01
893	894	895	8.785103866e+01	1.1950300000e+01
894	895	896	9.231727174e+01	1.1950300000e+01
895	896	897	9.251759872e+01	1.1950300000e+01
896	897	898	1.009753832e+02	1.1950300000e+01
897	898	899	1.108649446e+02	1.1950300000e+01
898	899	900	9.330553864e+01	1.1950300000e+01
899	900	901	9.929186558e+01	1.1950300000e+01
900	901	902	1.268857894e+02	1.1950300000e+01
901	902	903	1.312791549e+02	1.1950300000e+01
902	903	904	1.296192897e+02	1.1950300000e+01
903	904	905	1.217518091e+02	1.1950300000e+01
904	905	906	9.224272490e+01	1.1950300000e+01
905	906	907	8.888034465e+01	1.1950300000e+01
906	907	908	9.166628309e+01	1.1950300000e+01
907	908	909	8.970862967e+01	1.1950300000e+01
908	909	910	8.862588333e+01	1.1950300000e+01
909	910	911	8.708137862e+01	1.1950300000e+01
910	911	912	9.265005455e+01	1.1950300000e+01
911	912	913	8.902641547e+01	1.1950300000e+01
912	913	914	8.865748738e+01	1.1950300000e+01
913	914	915	9.606984487e+01	1.1950300000e+01
914	915	916	9.144061495e+01	1.1950300000e+01
915	916	917	9.061729118e+01	1.1950300000e+01
916	917	918	9.547732381e+01	1.1950300000e+01
917	918	919	9.120579135e+01	1.1950300000e+01
918	919	920	9.003265387e+01	1.1950300000e+01
919	920	921	9.432238921e+01	1.1950300000e+01
920	921	922	9.387506975e+01	1.1950300000e+01
921	922	923	9.378726984e+01	1.1950300000e+01
922	923	924	9.137166181e+01	1.1950300000e+01
923	924	925	9.135881568e+01	1.1950300000e+01
924	925	926	9.022374318e+01	1.1950300000e+01
925	926	927	8.934942763e+01	1.1950300000e+01
926	927	928	9.412707524e+01	1.1950300000e+01
927	928	929	9.100309235e+01	1.1950300000e+01
928	929	930	9.221264862e+01	1.1950300000e+01
929	930	931	9.176519693e+01	1.1950300000e+01
930	931	932	9.168888931e+01	1.1950300000e+01
931	932	933	8.884430487e+01	1.1950300000e+01
932	933	934	9.451523946e+01	1.1950300000e+01
933	934	935	9.294112330e+01	1.1950300000e+01
934	935	936	1.223599111e+02	1.1950300000e+01
935	936	937	9.274814561e+01	1.1950300000e+01
936	937	938	1.312910003e+02	1.1950300000e+01
937	938	939	1.057362940e+02	1.1950300000e+01
938	939	940	1.319374621e+02	1.1950300000e+01
939	940	941	8.743579229e+01	1.1950300000e+01
940	941	942	9.104716778e+01	1.1950300000e+01
941	942	943	9.042569950e+01	1.1950300000e+01
942	943	944	8.927637239e+01	1.1950300000e+01
943	944	945	9.500315430e+01	1.1950300000e+01
944	945	946	9.041661146e+01	1.1950300000e+01
945	946	947	8.849103508e+01	1.1950300000e+01
946	947	948	9.128014995e+01	1.1950300000e+01
947	948	949	9.072590651e+01	1.1950300000e+01
948	949	950	9.529426749e+01	1.1950300000e+01
949	950	951	1.064887657e+02	1.1950300000e+01
950	951	952	1.270386276e+02	1.1950300000e+01
951	952	953	1.177167719e+02	1.1950300000e+01
952	953	954	1.094136675e+02	1.1950300000e+01
953	954	955	9.398771203e+01	1.1950300000e+01
954	955	956	8.887796535e+01	1.1950300000e+01
955	956	957	9.421544839e+01	1.1950300000e+01
956	957	958	9.309018119e+01	1.1950300000e+01
957	958	959	9.294113091e+01	1.1950300000e+01
958	959	960	8.857959464e+01	1.1950300000e+01
959	960	961	9.101548789e+01	1.1950300000e+01
960	961	962	9.094487066e+01	1.1950300000e+01
961	962	963	9.363914056e+01	1.1950300000e+01
962	963	964	9.321212692e+01	1.1950300000e+01
963	964	965	9.009437799e+01	1.1950300000e+01
964	965	966	9.469220103e+01	1.1950300000e+01
965	966	967	9.236428792e+01	1.1950300000e+01
966	967	968	9.163836702e+01	1.1950300000e+01
967	968	969	9.369003663e+01	1.1950300000e+01
968	969	970	9.086694581e+01	1.1950300000e+01
969	970	971	8.901548066e+01	1.1950300000e+01
970	971	972	9.728661454e+01	1.1950300000e+01
971	972	973	8.368477013e+01	1.1950300000e+01
972	973	974	1.261110724e+02	1.1950300000e+01
