1	2	3.8055313690e+00	5.9751500000e+01
2	3	3.8149849280e+00	5.9751500000e+01
3	4	3.7911293830e+00	5.9751500000e+01
4	5	3.8080474000e+00	5.9751500000e+01
5	6	3.7833715120e+00	5.9751500000e+01
6	7	3.8026246200e+00	5.9751500000e+01
7	8	3.7798546270e+00	5.9751500000e+01
8	9	3.8025619000e+00	5.9751500000e+01
9	10	3.8051235200e+00	5.9751500000e+01
10	11	3.7993369160e+00	5.9751500000e+01
11	12	3.7971202250e+00	5.9751500000e+01
12	13	3.7763171210e+00	5.9751500000e+01
13	14	3.7917655520e+00	5.9751500000e+01
14	15	3.8058596930e+00	5.9751500000e+01
15	16	3.8439577260e+00	5.9751500000e+01
16	17	3.8086359760e+00	5.9751500000e+01
17	18	3.8050311430e+00	5.9751500000e+01
18	19	3.8225777950e+00	5.9751500000e+01
19	20	3.8102195470e+00	5.9751500000e+01
20	21	3.8069625690e+00	5.9751500000e+01
21	22	3.8062388260e+00	5.9751500000e+01
22	23	3.8046263940e+00	5.9751500000e+01
23	24	3.8037227820e+00	5.9751500000e+01
24	25	3.8036748020e+00	5.9751500000e+01
25	26	3.8024962850e+00	5.9751500000e+01
26	27	3.8082535370e+00	5.9751500000e+01
27	28	3.8020665430e+00	5.9751500000e+01
28	29	3.8016746310e+00	5.9751500000e+01
29	30	3.8303947580e+00	5.9751500000e+01
30	31	3.8022594600e+00	5.9751500000e+01
31	32	3.8084133180e+00	5.9751500000e+01
32	33	3.7920777950e+00	5.9751500000e+01
33	34	3.7973359080e+00	5.9751500000e+01
34	35	3.7999210520e+00	5.9751500000e+01
35	36	3.8548376100e+00	5.9751500000e+01
36	37	3.8155170030e+00	5.9751500000e+01
37	38	3.8284677090e+00	5.9751500000e+01
38	39	3.7894866410e+00	5.9751500000e+01
39	40	3.8073451380e+00	5.9751500000e+01
40	41	3.7932562530e+00	5.9751500000e+01
41	42	3.8081725280e+00	5.9751500000e+01
42	43	3.8385127330e+00	5.9751500000e+01
43	44	3.7914975930e+00	5.9751500000e+01
44	45	3.7921890780e+00	5.9751500000e+01
45	46	3.7902381190e+00	5.9751500000e+01
46	47	3.8196107130e+00	5.9751500000e+01
47	48	3.8405920120e+00	5.9751500000e+01
48	49	3.8075959610e+00	5.9751500000e+01
49	50	3.8411443610e+00	5.9751500000e+01
50	51	3.8095251670e+00	5.9751500000e+01
51	52	3.8210492010e+00	5.9751500000e+01
52	53	3.8172023790e+00	5.9751500000e+01
53	54	3.8017325000e+00	5.9751500000e+01
54	55	3.7867459650e+00	5.9751500000e+01
55	56	3.7677226540e+00	5.9751500000e+01
56	57	3.8131127700e+00	5.9751500000e+01
57	58	3.8005150970e+00	5.9751500000e+01
58	59	3.8063990860e+00	5.9751500000e+01
59	60	3.7904603940e+00	5.9751500000e+01
60	61	3.8117716350e+00	5.9751500000e+01
61	62	3.8094212160e+00	5.9751500000e+01
62	63	3.8467743630e+00	5.9751500000e+01
63	64	3.8016274150e+00	5.9751500000e+01
64	65	3.8151998640e+00	5.9751500000e+01
65	66	3.7943193070e+00	5.9751500000e+01
66	67	3.8149648750e+00	5.9751500000e+01
67	68	3.7760268800e+00	5.9751500000e+01
68	69	3.8098853000e+00	5.9751500000e+01
69	70	3.7812222890e+00	5.9751500000e+01
70	71	3.8041844070e+00	5.9751500000e+01
71	72	3.8274618220e+00	5.9751500000e+01
72	73	3.7966983020e+00	5.9751500000e+01
73	74	3.8050178710e+00	5.9751500000e+01
74	75	3.8185308690e+00	5.9751500000e+01
75	76	3.8390755400e+00	5.9751500000e+01
76	77	3.8254603640e+00	5.9751500000e+01
77	78	3.8058130540e+00	5.9751500000e+01
78	79	3.8037204160e+00	5.9751500000e+01
79	80	3.7977854070e+00	5.9751500000e+01
80	81	3.7780231600e+00	5.9751500000e+01
81	82	3.7710615220e+00	5.9751500000e+01
82	83	3.7638477650e+00	5.9751500000e+01
83	84	3.8354603370e+00	5.9751500000e+01
84	85	3.7700606100e+00	5.9751500000e+01
85	86	3.8281469410e+00	5.9751500000e+01
86	87	3.8306351950e+00	5.9751500000e+01
87	88	3.8564989300e+00	5.9751500000e+01
88	89	3.7606782630e+00	5.9751500000e+01
89	90	3.8080422790e+00	5.9751500000e+01
90	91	3.8276261570e+00	5.9751500000e+01
91	92	3.8054478050e+00	5.9751500000e+01
92	93	3.7984620570e+00	5.9751500000e+01
93	94	3.8200503920e+00	5.9751500000e+01
94	95	3.8280943040e+00	5.9751500000e+01
95	96	3.8207262400e+00	5.9751500000e+01
96	97	3.7737297200e+00	5.9751500000e+01
97	98	3.8088897330e+00	5.9751500000e+01
98	99	3.8128531310e+00	5.9751500000e+01
99	100	3.8004898370e+00	5.9751500000e+01
100	101	3.7691739150e+00	5.9751500000e+01
101	102	3.8390148480e+00	5.9751500000e+01
102	103	3.8155107130e+00	5.9751500000e+01
103	104	3.8179054470e+00	5.9751500000e+01
104	105	3.8086026310e+00	5.9751500000e+01
105	106	3.8524263780e+00	5.9751500000e+01
106	107	3.8211006270e+00	5.9751500000e+01
107	108	3.8424913790e+00	5.9751500000e+01
108	109	3.8118419430e+00	5.9751500000e+01
109	110	3.8461280530e+00	5.9751500000e+01
110	111	3.8332452310e+00	5.9751500000e+01
111	112	3.7791386580e+00	5.9751500000e+01
112	113	3.8047844880e+00	5.9751500000e+01
113	114	3.8002149940e+00	5.9751500000e+01
114	115	3.8259551750e+00	5.9751500000e+01
115	116	3.8038030970e+00	5.9751500000e+01
116	117	3.7925533620e+00	5.9751500000e+01
117	118	3.7923892210e+00	5.9751500000e+01
118	119	3.7947856330e+00	5.9751500000e+01
119	120	3.7789747290e+00	5.9751500000e+01
120	121	3.8316455990e+00	5.9751500000e+01
121	122	3.8190403240e+00	5.9751500000e+01
122	123	3.8225584360e+00	5.9751500000e+01
123	124	3.7944429100e+00	5.9751500000e+01
124	125	3.8239513600e+00	5.9751500000e+01
125	126	3.7867732970e+00	5.9751500000e+01
126	127	3.8012907020e+00	5.9751500000e+01
127	128	3.8042252820e+00	5.9751500000e+01
128	129	3.8064960270e+00	5.9751500000e+01
129	130	3.8227380240e+00	5.9751500000e+01
130	131	3.7905868940e+00	5.9751500000e+01
131	132	3.7915450680e+00	5.9751500000e+01
132	133	3.7982723700e+00	5.9751500000e+01
133	134	3.8003438000e+00	5.9751500000e+01
134	135	3.7732662240e+00	5.9751500000e+01
136	137	3.7912285610e+00	5.9751500000e+01
137	138	3.7958476000e+00	5.9751500000e+01
138	139	3.7854422460e+00	5.9751500000e+01
139	140	3.7828424500e+00	5.9751500000e+01
140	141	3.7815336840e+00	5.9751500000e+01
141	142	3.7864775190e+00	5.9751500000e+01
142	143	3.7992971720e+00	5.9751500000e+01
143	144	3.8000164470e+00	5.9751500000e+01
144	145	3.7949678520e+00	5.9751500000e+01
145	146	3.7908379020e+00	5.9751500000e+01
146	147	3.7980622690e+00	5.9751500000e+01
147	148	3.8045242800e+00	5.9751500000e+01
148	149	3.7830898750e+00	5.9751500000e+01
149	150	3.7931551510e+00	5.9751500000e+01
150	151	3.8100221780e+00	5.9751500000e+01
151	152	3.7988350850e+00	5.9751500000e+01
152	153	3.7983624100e+00	5.9751500000e+01
153	154	3.7712667630e+00	5.9751500000e+01
154	155	3.7763817340e+00	5.9751500000e+01
155	156	3.7746043500e+00	5.9751500000e+01
156	157	3.8138268180e+00	5.9751500000e+01
157	158	3.8194578150e+00	5.9751500000e+01
158	159	3.8207005900e+00	5.9751500000e+01
159	160	3.8061136350e+00	5.9751500000e+01
160	161	3.8202211980e+00	5.9751500000e+01
161	162	3.7875274260e+00	5.9751500000e+01
162	163	3.7665589070e+00	5.9751500000e+01
163	164	3.8056138800e+00	5.9751500000e+01
164	165	3.7760918950e+00	5.9751500000e+01
165	166	3.7665991290e+00	5.9751500000e+01
166	167	3.8315567330e+00	5.9751500000e+01
167	168	3.8019978960e+00	5.9751500000e+01
168	169	3.8353586530e+00	5.9751500000e+01
169	170	3.8027127160e+00	5.9751500000e+01
170	171	3.8086383390e+00	5.9751500000e+01
171	172	3.8139084940e+00	5.9751500000e+01
172	173	3.8027501890e+00	5.9751500000e+01
173	174	3.8304011540e+00	5.9751500000e+01
174	175	3.7779808100e+00	5.9751500000e+01
175	176	3.8262118340e+00	5.9751500000e+01
176	177	3.8432410800e+00	5.9751500000e+01
177	178	3.8047384930e+00	5.9751500000e+01
178	179	3.8419751430e+00	5.9751500000e+01
179	180	3.8069234300e+00	5.9751500000e+01
180	181	3.7835684210e+00	5.9751500000e+01
181	182	3.8003470890e+00	5.9751500000e+01
182	183	3.7838172520e+00	5.9751500000e+01
183	184	3.7912263190e+00	5.9751500000e+01
184	185	3.8229283280e+00	5.9751500000e+01
185	186	3.7802207610e+00	5.9751500000e+01
186	187	3.7708813290e+00	5.9751500000e+01
187	188	3.7673142950e+00	5.9751500000e+01
188	189	3.8014724780e+00	5.9751500000e+01
189	190	3.8031760410e+00	5.9751500000e+01
190	191	3.7959297940e+00	5.9751500000e+01
191	192	3.7852895530e+00	5.9751500000e+01
192	193	3.7857448410e+00	5.9751500000e+01
193	194	3.8000196050e+00	5.9751500000e+01
194	195	3.8429923240e+00	5.9751500000e+01
195	196	3.7970484590e+00	5.9751500000e+01
196	197	3.8170195180e+00	5.9751500000e+01
197	198	3.7911177770e+00	5.9751500000e+01
198	199	3.8062308130e+00	5.9751500000e+01
199	200	3.7511706170e+00	5.9751500000e+01
200	201	3.8244373440e+00	5.9751500000e+01
201	202	3.7968593600e+00	5.9751500000e+01
202	203	3.8121092590e+00	5.9751500000e+01
203	204	3.7920961220e+00	5.9751500000e+01
204	205	3.8065659060e+00	5.9751500000e+01
205	206	3.8266426540e+00	5.9751500000e+01
206	207	3.7992217620e+00	5.9751500000e+01
207	208	3.8416237450e+00	5.9751500000e+01
208	209	3.7967230610e+00	5.9751500000e+01
209	210	3.7860974630e+00	5.9751500000e+01
210	211	3.7920723890e+00	5.9751500000e+01
211	212	3.7914849330e+00	5.9751500000e+01
212	213	3.8279909870e+00	5.9751500000e+01
213	214	3.7762056350e+00	5.9751500000e+01
214	215	3.8050768720e+00	5.9751500000e+01
215	216	3.8446735880e+00	5.9751500000e+01
216	217	3.7925633810e+00	5.9751500000e+01
217	218	3.7748437050e+00	5.9751500000e+01
218	219	3.8395490620e+00	5.9751500000e+01
219	220	3.8344242070e+00	5.9751500000e+01
220	221	3.8125623930e+00	5.9751500000e+01
221	222	3.8393976090e+00	5.9751500000e+01
222	223	3.8242288110e+00	5.9751500000e+01
223	224	3.7992562430e+00	5.9751500000e+01
224	225	3.8219067230e+00	5.9751500000e+01
225	226	3.7873205570e+00	5.9751500000e+01
226	227	3.8027449300e+00	5.9751500000e+01
227	228	3.8348542350e+00	5.9751500000e+01
228	229	3.8264737030e+00	5.9751500000e+01
229	230	3.7997990740e+00	5.9751500000e+01
230	231	3.8219882260e+00	5.9751500000e+01
231	232	3.7934982540e+00	5.9751500000e+01
232	233	3.8118184640e+00	5.9751500000e+01
233	234	3.7825729340e+00	5.9751500000e+01
234	235	3.7796816000e+00	5.9751500000e+01
235	236	3.8000238160e+00	5.9751500000e+01
236	237	3.7855822540e+00	5.9751500000e+01
238	239	3.7910784750e+00	5.9751500000e+01
239	240	3.7999992110e+00	5.9751500000e+01
240	241	3.7978019960e+00	5.9751500000e+01
241	242	3.7971456390e+00	5.9751500000e+01
242	243	3.8045690950e+00	5.9751500000e+01
243	244	3.7930670970e+00	5.9751500000e+01
244	245	3.7835533560e+00	5.9751500000e+01
245	246	3.7933968950e+00	5.9751500000e+01
246	247	3.7879314940e+00	5.9751500000e+01
247	248	3.7890928990e+00	5.9751500000e+01
248	249	3.7906994080e+00	5.9751500000e+01
249	250	3.8111675380e+00	5.9751500000e+01
250	251	3.7858967230e+00	5.9751500000e+01
251	252	3.7991543800e+00	5.9751500000e+01
252	253	3.7898127920e+00	5.9751500000e+01
253	254	3.7782305380e+00	5.9751500000e+01
254	255	3.8055675000e+00	5.9751500000e+01
255	256	3.8350465450e+00	5.9751500000e+01
256	257	3.7837528990e+00	5.9751500000e+01
257	258	3.8319193620e+00	5.9751500000e+01
258	259	3.8288171800e+00	5.9751500000e+01
259	260	3.7990006580e+00	5.9751500000e+01
260	261	3.7824328150e+00	5.9751500000e+01
261	262	3.8242116830e+00	5.9751500000e+01
262	263	3.8562593270e+00	5.9751500000e+01
263	264	3.7876727680e+00	5.9751500000e+01
264	265	3.7914518330e+00	5.9751500000e+01
265	266	3.8150630400e+00	5.9751500000e+01
266	267	3.7862045640e+00	5.9751500000e+01
267	268	3.8453178020e+00	5.9751500000e+01
268	269	3.8033424770e+00	5.9751500000e+01
269	270	3.7951151500e+00	5.9751500000e+01
270	271	3.8437222840e+00	5.9751500000e+01
271	272	3.8123869160e+00	5.9751500000e+01
272	273	3.8188802020e+00	5.9751500000e+01
273	274	3.8105115140e+00	5.9751500000e+01
274	275	3.8004118200e+00	5.9751500000e+01
275	276	3.7548311550e+00	5.9751500000e+01
276	277	3.8240515160e+00	5.9751500000e+01
277	278	3.7736360450e+00	5.9751500000e+01
278	279	3.8094747670e+00	5.9751500000e+01
279	280	3.8217895020e+00	5.9751500000e+01
280	281	3.7847787250e+00	5.9751500000e+01
281	282	3.8168276090e+00	5.9751500000e+01
282	283	3.7930705240e+00	5.9751500000e+01
283	284	3.8125705240e+00	5.9751500000e+01
284	285	3.8164818880e+00	5.9751500000e+01
285	286	3.7925414960e+00	5.9751500000e+01
286	287	3.7816261050e+00	5.9751500000e+01
287	288	3.7994348260e+00	5.9751500000e+01
288	289	3.8391482130e+00	5.9751500000e+01
289	290	3.8483432800e+00	5.9751500000e+01
290	291	3.8448449900e+00	5.9751500000e+01
291	292	3.8236545350e+00	5.9751500000e+01
292	293	3.7870322150e+00	5.9751500000e+01
293	294	3.7892929420e+00	5.9751500000e+01
294	295	3.8272576340e+00	5.9751500000e+01
295	296	3.7854244150e+00	5.9751500000e+01
296	297	3.8196027280e+00	5.9751500000e+01
297	298	3.8163984330e+00	5.9751500000e+01
298	299	3.7832141100e+00	5.9751500000e+01
299	300	3.7970280480e+00	5.9751500000e+01
300	301	3.8079225310e+00	5.9751500000e+01
301	302	3.8191908830e+00	5.9751500000e+01
302	303	3.8372465390e+00	5.9751500000e+01
303	304	3.7995011510e+00	5.9751500000e+01
304	305	3.8044091530e+00	5.9751500000e+01
305	306	3.8348807020e+00	5.9751500000e+01
306	307	3.8273705070e+00	5.9751500000e+01
307	308	3.8348012990e+00	5.9751500000e+01
308	309	3.8398697890e+00	5.9751500000e+01
309	310	3.8337640770e+00	5.9751500000e+01
310	311	3.8221457320e+00	5.9751500000e+01
311	312	3.7996898560e+00	5.9751500000e+01
312	313	3.7763915320e+00	5.9751500000e+01
313	314	3.7757040400e+00	5.9751500000e+01
314	315	3.8055405660e+00	5.9751500000e+01
315	316	3.8177036290e+00	5.9751500000e+01
316	317	3.8716340220e+00	5.9751500000e+01
317	318	3.7672892110e+00	5.9751500000e+01
318	319	3.8352112070e+00	5.9751500000e+01
319	320	3.7983285800e+00	5.9751500000e+01
320	321	3.8308843630e+00	5.9751500000e+01
321	322	3.8130527140e+00	5.9751500000e+01
322	323	3.8565443080e+00	5.9751500000e+01
323	324	3.7627693260e+00	5.9751500000e+01
324	325	3.7596070270e+00	5.9751500000e+01
325	326	3.7967109450e+00	5.9751500000e+01
326	327	3.8283954860e+00	5.9751500000e+01
327	328	3.7969743220e+00	5.9751500000e+01
328	329	3.7930365140e+00	5.9751500000e+01
329	330	3.8266196570e+00	5.9751500000e+01
330	331	3.8442362050e+00	5.9751500000e+01
331	332	3.7970427970e+00	5.9751500000e+01
332	333	3.8189959410e+00	5.9751500000e+01
333	334	3.8151064210e+00	5.9751500000e+01
334	335	3.8124488190e+00	5.9751500000e+01
335	336	3.7980011850e+00	5.9751500000e+01
336	337	3.7696143040e+00	5.9751500000e+01
337	338	3.7911272730e+00	5.9751500000e+01
338	339	3.7946384540e+00	5.9751500000e+01
339	340	3.8010314390e+00	5.9751500000e+01
340	341	3.8305229410e+00	5.9751500000e+01
341	342	3.7559687170e+00	5.9751500000e+01
342	343	3.7882798210e+00	5.9751500000e+01
343	344	3.8151677550e+00	5.9751500000e+01
344	345	3.8124935410e+00	5.9751500000e+01
345	346	3.8473255650e+00	5.9751500000e+01
346	347	3.7804229920e+00	5.9751500000e+01
347	348	3.7863525980e+00	5.9751500000e+01
348	349	3.8059944820e+00	5.9751500000e+01
349	350	3.8347638780e+00	5.9751500000e+01
350	351	3.7646743550e+00	5.9751500000e+01
351	352	3.7956044310e+00	5.9751500000e+01
352	353	3.8143291680e+00	5.9751500000e+01
353	354	3.7842702070e+00	5.9751500000e+01
354	355	3.8206666960e+00	5.9751500000e+01
355	356	3.8017114570e+00	5.9751500000e+01
356	357	3.7975925270e+00	5.9751500000e+01
357	358	3.8008922640e+00	5.9751500000e+01
358	359	3.7987149140e+00	5.9751500000e+01
359	360	3.8139875460e+00	5.9751500000e+01
360	361	3.8105025920e+00	5.9751500000e+01
361	362	3.8017639330e+00	5.9751500000e+01
362	363	3.8052705550e+00	5.9751500000e+01
363	364	3.8066926590e+00	5.9751500000e+01
364	365	3.8106294760e+00	5.9751500000e+01
366	367	3.8024603880e+00	5.9751500000e+01
367	368	3.8047373100e+00	5.9751500000e+01
368	369	3.8065271570e+00	5.9751500000e+01
369	370	2.9401193850e+00	5.9751500000e+01
370	371	3.8087386360e+00	5.9751500000e+01
371	372	2.9824092610e+00	5.9751500000e+01
372	373	3.8142675570e+00	5.9751500000e+01
373	374	3.8272687390e+00	5.9751500000e+01
374	375	3.7795695520e+00	5.9751500000e+01
375	376	3.7921881550e+00	5.9751500000e+01
376	377	3.8046588550e+00	5.9751500000e+01
377	378	3.7975452600e+00	5.9751500000e+01
378	379	3.7961393550e+00	5.9751500000e+01
379	380	3.8074576820e+00	5.9751500000e+01
380	381	3.8094684670e+00	5.9751500000e+01
381	382	3.8222353410e+00	5.9751500000e+01
382	383	3.8066083330e+00	5.9751500000e+01
383	384	3.8058380150e+00	5.9751500000e+01
384	385	3.8049529560e+00	5.9751500000e+01
385	386	3.8079482660e+00	5.9751500000e+01
386	387	3.8001603910e+00	5.9751500000e+01
387	388	3.8028581360e+00	5.9751500000e+01
388	389	3.8102783360e+00	5.9751500000e+01
389	390	3.8181504680e+00	5.9751500000e+01
390	391	3.8156281270e+00	5.9751500000e+01
391	392	3.7962082400e+00	5.9751500000e+01
392	393	3.7918545590e+00	5.9751500000e+01
393	394	3.7940702420e+00	5.9751500000e+01
394	395	3.7907582350e+00	5.9751500000e+01
395	396	3.7903754430e+00	5.9751500000e+01
396	397	3.7858555180e+00	5.9751500000e+01
397	398	3.8096716390e+00	5.9751500000e+01
398	399	3.7714985090e+00	5.9751500000e+01
399	400	3.7897064530e+00	5.9751500000e+01
400	401	3.8240942720e+00	5.9751500000e+01
401	402	3.7971406350e+00	5.9751500000e+01
402	403	3.7838845120e+00	5.9751500000e+01
403	404	3.8259328270e+00	5.9751500000e+01
404	405	3.8340225610e+00	5.9751500000e+01
405	406	3.7867270830e+00	5.9751500000e+01
406	407	3.7851903520e+00	5.9751500000e+01
407	408	3.8395896920e+00	5.9751500000e+01
408	409	3.8081394410e+00	5.9751500000e+01
409	410	3.7349823290e+00	5.9751500000e+01
410	411	3.8017756380e+00	5.9751500000e+01
411	412	3.8304878280e+00	5.9751500000e+01
412	413	3.8066671770e+00	5.9751500000e+01
413	414	3.7999564470e+00	5.9751500000e+01
414	415	3.7611350680e+00	5.9751500000e+01
415	416	3.8329347760e+00	5.9751500000e+01
416	417	3.8258997630e+00	5.9751500000e+01
417	418	3.7945932590e+00	5.9751500000e+01
418	419	3.8385169010e+00	5.9751500000e+01
419	420	3.8123496690e+00	5.9751500000e+01
420	421	3.7957776540e+00	5.9751500000e+01
421	422	3.8487439510e+00	5.9751500000e+01
422	423	3.8306992830e+00	5.9751500000e+01
423	424	3.8719868280e+00	5.9751500000e+01
424	425	3.7984588980e+00	5.9751500000e+01
425	426	3.8412630740e+00	5.9751500000e+01
426	427	3.7979714320e+00	5.9751500000e+01
427	428	3.7895563060e+00	5.9751500000e+01
428	429	3.8221735960e+00	5.9751500000e+01
429	430	3.8354538190e+00	5.9751500000e+01
430	431	3.8283714550e+00	5.9751500000e+01
431	432	3.8045383430e+00	5.9751500000e+01
432	433	3.8319198840e+00	5.9751500000e+01
433	434	3.8163439310e+00	5.9751500000e+01
434	435	3.7964885090e+00	5.9751500000e+01
435	436	3.8255930260e+00	5.9751500000e+01
436	437	3.8189414760e+00	5.9751500000e+01
437	438	3.8087883900e+00	5.9751500000e+01
438	439	3.8633525600e+00	5.9751500000e+01
439	440	3.8285438490e+00	5.9751500000e+01
440	441	3.8372894080e+00	5.9751500000e+01
441	442	3.7951034240e+00	5.9751500000e+01
442	443	3.8056828560e+00	5.9751500000e+01
443	444	3.8305683650e+00	5.9751500000e+01
444	445	3.8116404600e+00	5.9751500000e+01
445	446	3.7998534180e+00	5.9751500000e+01
446	447	3.7899589710e+00	5.9751500000e+01
447	448	3.8034075510e+00	5.9751500000e+01
448	449	3.7703956030e+00	5.9751500000e+01
449	450	3.8004974670e+00	5.9751500000e+01
450	451	3.7848759560e+00	5.9751500000e+01
451	452	3.7876818770e+00	5.9751500000e+01
452	453	3.7806991420e+00	5.9751500000e+01
453	454	3.7797944390e+00	5.9751500000e+01
454	455	3.8370995560e+00	5.9751500000e+01
455	456	3.8112975480e+00	5.9751500000e+01
456	457	3.8051014440e+00	5.9751500000e+01
457	458	3.7878930820e+00	5.9751500000e+01
458	459	3.8458979450e+00	5.9751500000e+01
459	460	3.8207818570e+00	5.9751500000e+01
460	461	3.8047953950e+00	5.9751500000e+01
461	462	3.8034501440e+00	5.9751500000e+01
462	463	3.7882230660e+00	5.9751500000e+01
463	464	3.7862312400e+00	5.9751500000e+01
464	465	3.7661890550e+00	5.9751500000e+01
465	466	3.8125642290e+00	5.9751500000e+01
466	467	3.7955902040e+00	5.9751500000e+01
467	468	3.7722816700e+00	5.9751500000e+01
468	469	3.7871922320e+00	5.9751500000e+01
469	470	3.8133027680e+00	5.9751500000e+01
470	471	3.7914254580e+00	5.9751500000e+01
471	472	3.8335927010e+00	5.9751500000e+01
472	473	3.8402924370e+00	5.9751500000e+01
473	474	3.8393142620e+00	5.9751500000e+01
474	475	3.8349574970e+00	5.9751500000e+01
475	476	3.8100523620e+00	5.9751500000e+01
476	477	3.8033169730e+00	5.9751500000e+01
477	478	3.7675461510e+00	5.9751500000e+01
478	479	3.7849031690e+00	5.9751500000e+01
479	480	3.8178645860e+00	5.9751500000e+01
480	481	3.7929057460e+00	5.9751500000e+01
481	482	3.8489585600e+00	5.9751500000e+01
482	483	3.7765518660e+00	5.9751500000e+01
483	484	3.8061385940e+00	5.9751500000e+01
484	485	3.8188620030e+00	5.9751500000e+01
485	486	3.7908758880e+00	5.9751500000e+01
486	487	3.8268464820e+00	5.9751500000e+01
488	489	3.8082289850e+00	5.9751500000e+01
489	490	3.8135340560e+00	5.9751500000e+01
490	491	3.8100808390e+00	5.9751500000e+01
491	492	3.8138117420e+00	5.9751500000e+01
492	493	3.8051771310e+00	5.9751500000e+01
493	494	3.8218829130e+00	5.9751500000e+01
494	495	3.8073980620e+00	5.9751500000e+01
495	496	3.8169659420e+00	5.9751500000e+01
496	497	3.8077849200e+00	5.9751500000e+01
497	498	3.8276558100e+00	5.9751500000e+01
498	499	3.7947660010e+00	5.9751500000e+01
499	500	3.7862869670e+00	5.9751500000e+01
500	501	3.8151449510e+00	5.9751500000e+01
501	502	3.7945551780e+00	5.9751500000e+01
502	503	3.8069799050e+00	5.9751500000e+01
503	504	3.8024016100e+00	5.9751500000e+01
504	505	3.8024624920e+00	5.9751500000e+01
505	506	3.8270951120e+00	5.9751500000e+01
506	507	3.8029161180e+00	5.9751500000e+01
507	508	3.7957426150e+00	5.9751500000e+01
508	509	3.7839985470e+00	5.9751500000e+01
509	510	3.8019902680e+00	5.9751500000e+01
510	511	3.8098988180e+00	5.9751500000e+01
511	512	3.8146934350e+00	5.9751500000e+01
512	513	3.8072973350e+00	5.9751500000e+01
513	514	3.8017042230e+00	5.9751500000e+01
514	515	3.8005685100e+00	5.9751500000e+01
515	516	3.8056991470e+00	5.9751500000e+01
516	517	3.8361574520e+00	5.9751500000e+01
517	518	3.8009886870e+00	5.9751500000e+01
518	519	3.7706596240e+00	5.9751500000e+01
519	520	3.7808430280e+00	5.9751500000e+01
520	521	3.7905704060e+00	5.9751500000e+01
521	522	3.8174940730e+00	5.9751500000e+01
522	523	3.8337450360e+00	5.9751500000e+01
523	524	3.8282902190e+00	5.9751500000e+01
524	525	3.8733073720e+00	5.9751500000e+01
525	526	3.8446412060e+00	5.9751500000e+01
526	527	3.8172368280e+00	5.9751500000e+01
527	528	3.7905610400e+00	5.9751500000e+01
528	529	3.7893608960e+00	5.9751500000e+01
529	530	3.8385188550e+00	5.9751500000e+01
530	531	3.7785682470e+00	5.9751500000e+01
531	532	3.7942816180e+00	5.9751500000e+01
532	533	3.8100599730e+00	5.9751500000e+01
533	534	3.8155073060e+00	5.9751500000e+01
534	535	3.8434221730e+00	5.9751500000e+01
535	536	3.7907346250e+00	5.9751500000e+01
536	537	3.8366554450e+00	5.9751500000e+01
537	538	3.8582418280e+00	5.9751500000e+01
538	539	3.8218982190e+00	5.9751500000e+01
539	540	3.7547852140e+00	5.9751500000e+01
540	541	3.7713683190e+00	5.9751500000e+01
541	542	3.7882518400e+00	5.9751500000e+01
542	543	3.8122410730e+00	5.9751500000e+01
543	544	3.7924109750e+00	5.9751500000e+01
544	545	3.7859797940e+00	5.9751500000e+01
545	546	3.7919443560e+00	5.9751500000e+01
546	547	3.8060710710e+00	5.9751500000e+01
547	548	3.8036982000e+00	5.9751500000e+01
548	549	3.8020186740e+00	5.9751500000e+01
549	550	3.8339796560e+00	5.9751500000e+01
550	551	3.8142603480e+00	5.9751500000e+01
551	552	3.7904154130e+00	5.9751500000e+01
552	553	3.8313919140e+00	5.9751500000e+01
553	554	3.8407375590e+00	5.9751500000e+01
554	555	3.7853138580e+00	5.9751500000e+01
555	556	3.8277194250e+00	5.9751500000e+01
556	557	3.7957041510e+00	5.9751500000e+01
557	558	3.8152093000e+00	5.9751500000e+01
558	559	3.7941233510e+00	5.9751500000e+01
559	560	3.8169364680e+00	5.9751500000e+01
560	561	3.7815617140e+00	5.9751500000e+01
561	562	3.7857691420e+00	5.9751500000e+01
562	563	3.7727121540e+00	5.9751500000e+01
563	564	3.7791931680e+00	5.9751500000e+01
564	565	3.8135926630e+00	5.9751500000e+01
565	566	3.8110919700e+00	5.9751500000e+01
566	567	3.7939089340e+00	5.9751500000e+01
567	568	3.8062815190e+00	5.9751500000e+01
568	569	3.8157700400e+00	5.9751500000e+01
569	570	3.7809192000e+00	5.9751500000e+01
570	571	3.8587310090e+00	5.9751500000e+01
571	572	3.7599174190e+00	5.9751500000e+01
572	573	3.8171105560e+00	5.9751500000e+01
573	574	3.8481930820e+00	5.9751500000e+01
574	575	3.9032081680e+00	5.9751500000e+01
575	576	3.7680874460e+00	5.9751500000e+01
576	577	3.8251151620e+00	5.9751500000e+01
577	578	3.8526680370e+00	5.9751500000e+01
578	579	3.8057804720e+00	5.9751500000e+01
579	580	3.8026910210e+00	5.9751500000e+01
580	581	3.8280117550e+00	5.9751500000e+01
581	582	3.8218954720e+00	5.9751500000e+01
582	583	3.7965617340e+00	5.9751500000e+01
583	584	3.7559261170e+00	5.9751500000e+01
584	585	3.8005874550e+00	5.9751500000e+01
585	586	3.8185979100e+00	5.9751500000e+01
586	587	3.8133316140e+00	5.9751500000e+01
587	588	3.7711097840e+00	5.9751500000e+01
588	589	3.8361179600e+00	5.9751500000e+01
589	590	3.8066606100e+00	5.9751500000e+01
590	591	3.8165607550e+00	5.9751500000e+01
591	592	3.8094646610e+00	5.9751500000e+01
592	593	3.8702492170e+00	5.9751500000e+01
593	594	3.8276151840e+00	5.9751500000e+01
594	595	3.8300267620e+00	5.9751500000e+01
595	596	3.8410333250e+00	5.9751500000e+01
596	597	3.8048219410e+00	5.9751500000e+01
597	598	3.8442477810e+00	5.9751500000e+01
598	599	3.8047861960e+00	5.9751500000e+01
599	600	3.7780791420e+00	5.9751500000e+01
600	601	3.8184318770e+00	5.9751500000e+01
601	602	3.8293186080e+00	5.9751500000e+01
602	603	3.7841630510e+00	5.9751500000e+01
603	604	3.7942383950e+00	5.9751500000e+01
604	605	3.8298909910e+00	5.9751500000e+01
605	606	3.7972180610e+00	5.9751500000e+01
606	607	3.7869256660e+00	5.9751500000e+01
607	608	3.8462779410e+00	5.9751500000e+01
608	609	3.8337326460e+00	5.9751500000e+01
609	610	3.8056044200e+00	5.9751500000e+01
610	611	3.8108230080e+00	5.9751500000e+01
611	612	3.8189554850e+00	5.9751500000e+01
612	613	3.8126591770e+00	5.9751500000e+01
613	614	3.8471176220e+00	5.9751500000e+01
614	615	3.8184130210e+00	5.9751500000e+01
615	616	3.7863286970e+00	5.9751500000e+01
616	617	3.8359792750e+00	5.9751500000e+01
617	618	3.8222080010e+00	5.9751500000e+01
618	619	3.7987888860e+00	5.9751500000e+01
619	620	3.8001649960e+00	5.9751500000e+01
620	621	3.7857029730e+00	5.9751500000e+01
621	622	3.8068761470e+00	5.9751500000e+01
623	624	3.7923349010e+00	5.9751500000e+01
624	625	3.7977559160e+00	5.9751500000e+01
625	626	3.7944966730e+00	5.9751500000e+01
626	627	3.7997411750e+00	5.9751500000e+01
627	628	3.7907215670e+00	5.9751500000e+01
628	629	3.7827024730e+00	5.9751500000e+01
629	630	3.7951839220e+00	5.9751500000e+01
630	631	3.7882482760e+00	5.9751500000e+01
631	632	3.7989778890e+00	5.9751500000e+01
632	633	3.7879842920e+00	5.9751500000e+01
633	634	3.7934382820e+00	5.9751500000e+01
634	635	3.7920200420e+00	5.9751500000e+01
635	636	3.7764335030e+00	5.9751500000e+01
636	637	3.7968180100e+00	5.9751500000e+01
637	638	3.7971759240e+00	5.9751500000e+01
638	639	3.8091030440e+00	5.9751500000e+01
639	640	3.8066772910e+00	5.9751500000e+01
640	641	3.8140532250e+00	5.9751500000e+01
641	642	3.7862502560e+00	5.9751500000e+01
642	643	3.7875389110e+00	5.9751500000e+01
643	644	3.7854635120e+00	5.9751500000e+01
644	645	3.7739615790e+00	5.9751500000e+01
645	646	3.8091223400e+00	5.9751500000e+01
646	647	3.8060691010e+00	5.9751500000e+01
647	648	3.8256838600e+00	5.9751500000e+01
648	649	3.8324464770e+00	5.9751500000e+01
649	650	3.8020038140e+00	5.9751500000e+01
650	651	3.8025350750e+00	5.9751500000e+01
651	652	3.8383806480e+00	5.9751500000e+01
652	653	3.7845841250e+00	5.9751500000e+01
653	654	3.8596157840e+00	5.9751500000e+01
654	655	3.7970293650e+00	5.9751500000e+01
655	656	3.8127167480e+00	5.9751500000e+01
656	657	3.8006677040e+00	5.9751500000e+01
657	658	3.8396378740e+00	5.9751500000e+01
658	659	3.8276052570e+00	5.9751500000e+01
659	660	3.8241762510e+00	5.9751500000e+01
660	661	3.8617247440e+00	5.9751500000e+01
661	662	3.8242966670e+00	5.9751500000e+01
662	663	3.8382299310e+00	5.9751500000e+01
663	664	3.8387918670e+00	5.9751500000e+01
664	665	3.8039560990e+00	5.9751500000e+01
665	666	3.7724138160e+00	5.9751500000e+01
666	667	3.8219845630e+00	5.9751500000e+01
667	668	3.7913815420e+00	5.9751500000e+01
668	669	3.7966208660e+00	5.9751500000e+01
669	670	3.7922828220e+00	5.9751500000e+01
670	671	3.7974384790e+00	5.9751500000e+01
671	672	3.8143281190e+00	5.9751500000e+01
672	673	3.7812163390e+00	5.9751500000e+01
673	674	3.7805884460e+00	5.9751500000e+01
674	675	3.8031251620e+00	5.9751500000e+01
675	676	3.8274933050e+00	5.9751500000e+01
676	677	3.8018683560e+00	5.9751500000e+01
677	678	3.8171655710e+00	5.9751500000e+01
678	679	3.8310147480e+00	5.9751500000e+01
679	680	3.8021376880e+00	5.9751500000e+01
680	681	3.7895660700e+00	5.9751500000e+01
681	682	3.7911879400e+00	5.9751500000e+01
682	683	3.7957478840e+00	5.9751500000e+01
683	684	3.8115515210e+00	5.9751500000e+01
684	685	3.8114423780e+00	5.9751500000e+01
685	686	3.7925076140e+00	5.9751500000e+01
686	687	3.7911161940e+00	5.9751500000e+01
687	688	3.7883670620e+00	5.9751500000e+01
688	689	3.8367113520e+00	5.9751500000e+01
689	690	3.8237199170e+00	5.9751500000e+01
690	691	3.8272264110e+00	5.9751500000e+01
691	692	3.7757725040e+00	5.9751500000e+01
692	693	3.8025839900e+00	5.9751500000e+01
693	694	3.8304071590e+00	5.9751500000e+01
694	695	3.8438456000e+00	5.9751500000e+01
695	696	3.8204796820e+00	5.9751500000e+01
696	697	3.8001260510e+00	5.9751500000e+01
697	698	3.7858026890e+00	5.9751500000e+01
698	699	3.8170457160e+00	5.9751500000e+01
699	700	3.7804089730e+00	5.9751500000e+01
700	701	3.7978738790e+00	5.9751500000e+01
701	702	3.8323492790e+00	5.9751500000e+01
702	703	3.8082159870e+00	5.9751500000e+01
703	704	3.7919651900e+00	5.9751500000e+01
704	705	3.7650197870e+00	5.9751500000e+01
705	706	3.8131184090e+00	5.9751500000e+01
706	707	3.8286428400e+00	5.9751500000e+01
707	708	3.8443583340e+00	5.9751500000e+01
708	709	3.8363808470e+00	5.9751500000e+01
709	710	3.8268281910e+00	5.9751500000e+01
710	711	3.7795666420e+00	5.9751500000e+01
711	712	3.7895679170e+00	5.9751500000e+01
712	713	3.7687720810e+00	5.9751500000e+01
713	714	3.7747029020e+00	5.9751500000e+01
714	715	3.7640443670e+00	5.9751500000e+01
715	716	3.7823975200e+00	5.9751500000e+01
716	717	3.8523273480e+00	5.9751500000e+01
717	718	3.8351200760e+00	5.9751500000e+01
718	719	3.7731706830e+00	5.9751500000e+01
719	720	3.7945373890e+00	5.9751500000e+01
720	721	3.7837192020e+00	5.9751500000e+01
721	722	3.7831998360e+00	5.9751500000e+01
722	723	3.7470096080e+00	5.9751500000e+01
723	724	3.7714753080e+00	5.9751500000e+01
725	726	3.7897769060e+00	5.9751500000e+01
726	727	3.8000119740e+00	5.9751500000e+01
727	728	3.7934063850e+00	5.9751500000e+01
728	729	3.8046327020e+00	5.9751500000e+01
729	730	3.8197189690e+00	5.9751500000e+01
730	731	3.7945418700e+00	5.9751500000e+01
731	732	3.7856216130e+00	5.9751500000e+01
732	733	3.8065362210e+00	5.9751500000e+01
733	734	3.8077356790e+00	5.9751500000e+01
734	735	3.8043235930e+00	5.9751500000e+01
735	736	3.8045496450e+00	5.9751500000e+01
736	737	3.8046505750e+00	5.9751500000e+01
737	738	3.7930754010e+00	5.9751500000e+01
738	739	3.7908324940e+00	5.9751500000e+01
739	740	3.7917634420e+00	5.9751500000e+01
740	741	3.7837912200e+00	5.9751500000e+01
741	742	3.7948835290e+00	5.9751500000e+01
742	743	3.8005696940e+00	5.9751500000e+01
743	744	3.8006111350e+00	5.9751500000e+01
744	745	3.8129634140e+00	5.9751500000e+01
745	746	3.7856568780e+00	5.9751500000e+01
746	747	3.7956589680e+00	5.9751500000e+01
747	748	3.7689299540e+00	5.9751500000e+01
748	749	3.8212157750e+00	5.9751500000e+01
749	750	3.8688440130e+00	5.9751500000e+01
750	751	3.7712138630e+00	5.9751500000e+01
751	752	3.8088028300e+00	5.9751500000e+01
752	753	3.7823513850e+00	5.9751500000e+01
753	754	3.8290612430e+00	5.9751500000e+01
754	755	3.8113312630e+00	5.9751500000e+01
755	756	3.7933313850e+00	5.9751500000e+01
756	757	3.7941651260e+00	5.9751500000e+01
757	758	3.8074400850e+00	5.9751500000e+01
758	759	3.7932537480e+00	5.9751500000e+01
759	760	3.8104773980e+00	5.9751500000e+01
760	761	3.7762619080e+00	5.9751500000e+01
761	762	3.8110949870e+00	5.9751500000e+01
762	763	3.7688016660e+00	5.9751500000e+01
763	764	3.7947557230e+00	5.9751500000e+01
764	765	3.8085421100e+00	5.9751500000e+01
765	766	3.7934094160e+00	5.9751500000e+01
766	767	3.8067031670e+00	5.9751500000e+01
767	768	3.8012378250e+00	5.9751500000e+01
768	769	3.8064919550e+00	5.9751500000e+01
769	770	3.7903249200e+00	5.9751500000e+01
770	771	3.8387425020e+00	5.9751500000e+01
771	772	3.8194629200e+00	5.9751500000e+01
772	773	3.8086358450e+00	5.9751500000e+01
773	774	3.8073356830e+00	5.9751500000e+01
774	775	3.8064379670e+00	5.9751500000e+01
775	776	3.8001280240e+00	5.9751500000e+01
776	777	3.8013320030e+00	5.9751500000e+01
777	778	3.7979401000e+00	5.9751500000e+01
778	779	3.8018575720e+00	5.9751500000e+01
779	780	3.8169817920e+00	5.9751500000e+01
780	781	3.8206557030e+00	5.9751500000e+01
781	782	3.7997713090e+00	5.9751500000e+01
782	783	3.7754169310e+00	5.9751500000e+01
783	784	3.8108306180e+00	5.9751500000e+01
784	785	3.8104914380e+00	5.9751500000e+01
785	786	3.7865080220e+00	5.9751500000e+01
786	787	3.8085381710e+00	5.9751500000e+01
787	788	3.8098541970e+00	5.9751500000e+01
788	789	3.8008880540e+00	5.9751500000e+01
789	790	3.8200946320e+00	5.9751500000e+01
790	791	3.7970842760e+00	5.9751500000e+01
791	792	3.8122818630e+00	5.9751500000e+01
792	793	3.8045050930e+00	5.9751500000e+01
793	794	3.8085004920e+00	5.9751500000e+01
794	795	3.7902712300e+00	5.9751500000e+01
795	796	3.8383608480e+00	5.9751500000e+01
796	797	3.7871547370e+00	5.9751500000e+01
797	798	3.8099482940e+00	5.9751500000e+01
798	799	3.8044161180e+00	5.9751500000e+01
799	800	3.7937116390e+00	5.9751500000e+01
800	801	3.8098538030e+00	5.9751500000e+01
801	802	3.8216788200e+00	5.9751500000e+01
802	803	3.8358953320e+00	5.9751500000e+01
803	804	3.8552089440e+00	5.9751500000e+01
804	805	3.8202774770e+00	5.9751500000e+01
805	806	3.8082468410e+00	5.9751500000e+01
806	807	3.7984366520e+00	5.9751500000e+01
807	808	3.7870999460e+00	5.9751500000e+01
808	809	3.8091304780e+00	5.9751500000e+01
809	810	3.8153712790e+00	5.9751500000e+01
810	811	3.7983950560e+00	5.9751500000e+01
811	812	3.7559153350e+00	5.9751500000e+01
812	813	3.8131117210e+00	5.9751500000e+01
813	814	3.7976605960e+00	5.9751500000e+01
814	815	3.7980148760e+00	5.9751500000e+01
815	816	3.8165802760e+00	5.9751500000e+01
816	817	3.8191301370e+00	5.9751500000e+01
817	818	3.7537413340e+00	5.9751500000e+01
818	819	3.8110426390e+00	5.9751500000e+01
819	820	3.8007478210e+00	5.9751500000e+01
820	821	3.8380583630e+00	5.9751500000e+01
821	822	3.8002242040e+00	5.9751500000e+01
822	823	3.7817569990e+00	5.9751500000e+01
823	824	3.8013308200e+00	5.9751500000e+01
824	825	3.8333386230e+00	5.9751500000e+01
825	826	3.7931370920e+00	5.9751500000e+01
826	827	3.8106280320e+00	5.9751500000e+01
827	828	3.8389188580e+00	5.9751500000e+01
828	829	3.7747795960e+00	5.9751500000e+01
829	830	3.7918508670e+00	5.9751500000e+01
830	831	3.8375781430e+00	5.9751500000e+01
831	832	3.8154286780e+00	5.9751500000e+01
832	833	3.8073262270e+00	5.9751500000e+01
833	834	3.8090634020e+00	5.9751500000e+01
834	835	3.8063113380e+00	5.9751500000e+01
835	836	3.7983023840e+00	5.9751500000e+01
836	837	3.8252785520e+00	5.9751500000e+01
837	838	3.8018766420e+00	5.9751500000e+01
838	839	3.7917535520e+00	5.9751500000e+01
839	840	3.8244378670e+00	5.9751500000e+01
840	841	3.8369188160e+00	5.9751500000e+01
841	842	3.8271127500e+00	5.9751500000e+01
842	843	3.8197007740e+00	5.9751500000e+01
843	844	3.8017123770e+00	5.9751500000e+01
844	845	3.7929423930e+00	5.9751500000e+01
845	846	3.8133506260e+00	5.9751500000e+01
846	847	3.8048395500e+00	5.9751500000e+01
847	848	3.8074328620e+00	5.9751500000e+01
848	849	3.8014051350e+00	5.9751500000e+01
849	850	3.8003294590e+00	5.9751500000e+01
850	851	3.8032282340e+00	5.9751500000e+01
851	852	3.8033633800e+00	5.9751500000e+01
853	854	3.8038565960e+00	5.9751500000e+01
854	855	3.8027476910e+00	5.9751500000e+01
855	856	3.8055149450e+00	5.9751500000e+01
856	857	3.8407616430e+00	5.9751500000e+01
857	858	3.8067048740e+00	5.9751500000e+01
858	859	3.8360971050e+00	5.9751500000e+01
859	860	3.8054912950e+00	5.9751500000e+01
860	861	3.8031530340e+00	5.9751500000e+01
861	862	3.7881805660e+00	5.9751500000e+01
862	863	3.7965102400e+00	5.9751500000e+01
863	864	3.8041957100e+00	5.9751500000e+01
864	865	3.8044576490e+00	5.9751500000e+01
865	866	3.8033618020e+00	5.9751500000e+01
866	867	3.8080347950e+00	5.9751500000e+01
867	868	3.8075656260e+00	5.9751500000e+01
868	869	3.8019859280e+00	5.9751500000e+01
869	870	3.8046903950e+00	5.9751500000e+01
870	871	3.8086970210e+00	5.9751500000e+01
871	872	3.8053517580e+00	5.9751500000e+01
872	873	3.8230464290e+00	5.9751500000e+01
873	874	3.8125668520e+00	5.9751500000e+01
874	875	3.7917982540e+00	5.9751500000e+01
875	876	3.7999439470e+00	5.9751500000e+01
876	877	3.8271855190e+00	5.9751500000e+01
877	878	3.8096847640e+00	5.9751500000e+01
878	879	3.8093628080e+00	5.9751500000e+01
879	880	3.7757131780e+00	5.9751500000e+01
880	881	3.8007879450e+00	5.9751500000e+01
881	882	3.7976447960e+00	5.9751500000e+01
882	883	3.7915951790e+00	5.9751500000e+01
883	884	3.8056722140e+00	5.9751500000e+01
884	885	3.8019128080e+00	5.9751500000e+01
885	886	3.7852208650e+00	5.9751500000e+01
886	887	3.7935246140e+00	5.9751500000e+01
887	888	3.8260687400e+00	5.9751500000e+01
888	889	3.7876455750e+00	5.9751500000e+01
889	890	3.8322773910e+00	5.9751500000e+01
890	891	3.8121560830e+00	5.9751500000e+01
891	892	3.8110044610e+00	5.9751500000e+01
892	893	3.7973524990e+00	5.9751500000e+01
893	894	3.7857128790e+00	5.9751500000e+01
894	895	3.8063443090e+00	5.9751500000e+01
895	896	3.7873474890e+00	5.9751500000e+01
896	897	3.8180683600e+00	5.9751500000e+01
897	898	3.8383643650e+00	5.9751500000e+01
898	899	3.8469712760e+00	5.9751500000e+01
899	900	3.7972680970e+00	5.9751500000e+01
900	901	3.7986188280e+00	5.9751500000e+01
901	902	3.7619035080e+00	5.9751500000e+01
902	903	3.8077301640e+00	5.9751500000e+01
903	904	3.7681439730e+00	5.9751500000e+01
904	905	3.7998790770e+00	5.9751500000e+01
905	906	3.8121744450e+00	5.9751500000e+01
906	907	3.8159241340e+00	5.9751500000e+01
907	908	3.7812159420e+00	5.9751500000e+01
908	909	3.8220783610e+00	5.9751500000e+01
909	910	3.8329470390e+00	5.9751500000e+01
910	911	3.8203936970e+00	5.9751500000e+01
911	912	3.8004165560e+00	5.9751500000e+01
912	913	3.8537787950e+00	5.9751500000e+01
913	914	3.8177152850e+00	5.9751500000e+01
914	915	3.7674912080e+00	5.9751500000e+01
915	916	3.8189111010e+00	5.9751500000e+01
916	917	3.8046095730e+00	5.9751500000e+01
917	918	3.7931245700e+00	5.9751500000e+01
918	919	3.7916688940e+00	5.9751500000e+01
919	920	3.8228765350e+00	5.9751500000e+01
920	921	3.8126183920e+00	5.9751500000e+01
921	922	3.7821443650e+00	5.9751500000e+01
922	923	3.8032099600e+00	5.9751500000e+01
923	924	3.8013314770e+00	5.9751500000e+01
924	925	3.8034373930e+00	5.9751500000e+01
925	926	3.8313843450e+00	5.9751500000e+01
926	927	3.7800137570e+00	5.9751500000e+01
927	928	3.8228665950e+00	5.9751500000e+01
928	929	3.8054514840e+00	5.9751500000e+01
929	930	3.8084386560e+00	5.9751500000e+01
930	931	3.8020703570e+00	5.9751500000e+01
931	932	3.8054393960e+00	5.9751500000e+01
932	933	3.7891621770e+00	5.9751500000e+01
933	934	3.8000065790e+00	5.9751500000e+01
934	935	3.8024105510e+00	5.9751500000e+01
935	936	3.7660614710e+00	5.9751500000e+01
936	937	3.8074268210e+00	5.9751500000e+01
937	938	3.8078535950e+00	5.9751500000e+01
938	939	3.7872460970e+00	5.9751500000e+01
939	940	3.8102570780e+00	5.9751500000e+01
940	941	3.8196641210e+00	5.9751500000e+01
941	942	3.8511278870e+00	5.9751500000e+01
942	943	3.7894570850e+00	5.9751500000e+01
943	944	3.7981649520e+00	5.9751500000e+01
944	945	3.7971992310e+00	5.9751500000e+01
945	946	3.8322918730e+00	5.9751500000e+01
946	947	3.8092344380e+00	5.9751500000e+01
947	948	3.8109796640e+00	5.9751500000e+01
948	949	3.8245293830e+00	5.9751500000e+01
949	950	3.8082108660e+00	5.9751500000e+01
950	951	3.7657170630e+00	5.9751500000e+01
951	952	3.8471861150e+00	5.9751500000e+01
952	953	3.8083269290e+00	5.9751500000e+01
953	954	3.8033866490e+00	5.9751500000e+01
954	955	3.7763699500e+00	5.9751500000e+01
955	956	3.8186078620e+00	5.9751500000e+01
956	957	3.8223119970e+00	5.9751500000e+01
957	958	3.8120034100e+00	5.9751500000e+01
958	959	3.8010326230e+00	5.9751500000e+01
959	960	3.7994795700e+00	5.9751500000e+01
960	961	3.8278236640e+00	5.9751500000e+01
961	962	3.8098496030e+00	5.9751500000e+01
962	963	3.7929678350e+00	5.9751500000e+01
963	964	3.7814063520e+00	5.9751500000e+01
964	965	3.8075025940e+00	5.9751500000e+01
965	966	3.7969328410e+00	5.9751500000e+01
966	967	3.8058413000e+00	5.9751500000e+01
967	968	3.8162967650e+00	5.9751500000e+01
968	969	3.8011794220e+00	5.9751500000e+01
969	970	3.8146927790e+00	5.9751500000e+01
970	971	3.8016608210e+00	5.9751500000e+01
971	972	3.8064453230e+00	5.9751500000e+01
972	973	3.8030077570e+00	5.9751500000e+01
973	974	3.8134742690e+00	5.9751500000e+01
