;ai	aj	ak	al	func	 phi0(deg)       Kd              mult
1	2	3	4	1	 5.743064726e+01 1.000000000e+00 1
1	2	3	4	1	 1.722919418e+02 5.000000000e-01 3
2	3	4	5	1	 2.710613520e+02 1.000000000e+00 1
2	3	4	5	1	 8.131840559e+02 5.000000000e-01 3
3	4	5	6	1	 2.510622952e+02 1.000000000e+00 1
3	4	5	6	1	 7.531868856e+02 5.000000000e-01 3
4	5	6	7	1	 2.021985721e+02 1.000000000e+00 1
4	5	6	7	1	 6.065957164e+02 5.000000000e-01 3
5	6	7	8	1	 3.374154523e+02 1.000000000e+00 1
5	6	7	8	1	 1.012246357e+03 5.000000000e-01 3
6	7	8	9	1	 3.396497050e+02 1.000000000e+00 1
6	7	8	9	1	 1.018949115e+03 5.000000000e-01 3
7	8	9	10	1	 6.613711024e+01 1.000000000e+00 1
7	8	9	10	1	 1.984113307e+02 5.000000000e-01 3
8	9	10	11	1	 9.030862275e+01 1.000000000e+00 1
8	9	10	11	1	 2.709258682e+02 5.000000000e-01 3
9	10	11	12	1	 1.689880797e+02 1.000000000e+00 1
9	10	11	12	1	 5.069642392e+02 5.000000000e-01 3
10	11	12	13	1	 2.870512183e+02 1.000000000e+00 1
10	11	12	13	1	 8.611536549e+02 5.000000000e-01 3
11	12	13	14	1	 2.496570771e+01 1.000000000e+00 1
11	12	13	14	1	 7.489712312e+01 5.000000000e-01 3
12	13	14	15	1	 3.070150886e+02 1.000000000e+00 1
12	13	14	15	1	 9.210452658e+02 5.000000000e-01 3
13	14	15	16	1	 1.645990698e+01 1.000000000e+00 1
13	14	15	16	1	 4.937972095e+01 5.000000000e-01 3
14	15	16	17	1	 2.465620507e+02 1.000000000e+00 1
14	15	16	17	1	 7.396861520e+02 5.000000000e-01 3
15	16	17	18	1	 1.054429471e+01 1.000000000e+00 1
15	16	17	18	1	 3.163288414e+01 5.000000000e-01 3
16	17	18	19	1	 1.614225953e+02 1.000000000e+00 1
16	17	18	19	1	 4.842677860e+02 5.000000000e-01 3
17	18	19	20	1	 2.379136319e+02 1.000000000e+00 1
17	18	19	20	1	 7.137408956e+02 5.000000000e-01 3
18	19	20	21	1	 1.242646580e+02 1.000000000e+00 1
18	19	20	21	1	 3.727939739e+02 5.000000000e-01 3
19	20	21	22	1	 2.593408478e+02 1.000000000e+00 1
19	20	21	22	1	 7.780225434e+02 5.000000000e-01 3
20	21	22	23	1	 1.373097711e+01 1.000000000e+00 1
20	21	22	23	1	 4.119293132e+01 5.000000000e-01 3
21	22	23	24	1	 3.363889743e+02 1.000000000e+00 1
21	22	23	24	1	 1.009166923e+03 5.000000000e-01 3
22	23	24	25	1	 7.772025711e+01 1.000000000e+00 1
22	23	24	25	1	 2.331607713e+02 5.000000000e-01 3
23	24	25	26	1	 3.171373662e+02 1.000000000e+00 1
23	24	25	26	1	 9.514120987e+02 5.000000000e-01 3
24	25	26	27	1	 3.208545229e+02 1.000000000e+00 1
24	25	26	27	1	 9.625635688e+02 5.000000000e-01 3
25	26	27	28	1	 1.410076145e+02 1.000000000e+00 1
25	26	27	28	1	 4.230228435e+02 5.000000000e-01 3
26	27	28	29	1	 2.409292980e+02 1.000000000e+00 1
26	27	28	29	1	 7.227878939e+02 5.000000000e-01 3
27	28	29	30	1	 1.454380660e+02 1.000000000e+00 1
27	28	29	30	1	 4.363141979e+02 5.000000000e-01 3
28	29	30	31	1	 3.532255944e+02 1.000000000e+00 1
28	29	30	31	1	 1.059676783e+03 5.000000000e-01 3
29	30	31	32	1	 2.455791089e+02 1.000000000e+00 1
29	30	31	32	1	 7.367373266e+02 5.000000000e-01 3
30	31	32	33	1	 7.819986425e+01 1.000000000e+00 1
30	31	32	33	1	 2.345995927e+02 5.000000000e-01 3
31	32	33	34	1	 2.227157804e+02 1.000000000e+00 1
31	32	33	34	1	 6.681473413e+02 5.000000000e-01 3
32	33	34	35	1	 2.012810895e+02 1.000000000e+00 1
32	33	34	35	1	 6.038432686e+02 5.000000000e-01 3
33	34	35	36	1	 2.075731088e+01 1.000000000e+00 1
33	34	35	36	1	 6.227193264e+01 5.000000000e-01 3
34	35	36	37	1	 7.066302846e+01 1.000000000e+00 1
34	35	36	37	1	 2.119890854e+02 5.000000000e-01 3
35	36	37	38	1	 1.447369100e+02 1.000000000e+00 1
35	36	37	38	1	 4.342107301e+02 5.000000000e-01 3
36	37	38	39	1	 3.067346962e+01 1.000000000e+00 1
36	37	38	39	1	 9.202040887e+01 5.000000000e-01 3
37	38	39	40	1	 1.012974709e+02 1.000000000e+00 1
37	38	39	40	1	 3.038924127e+02 5.000000000e-01 3
38	39	40	41	1	 3.537766836e+02 1.000000000e+00 1
38	39	40	41	1	 1.061330051e+03 5.000000000e-01 3
39	40	41	42	1	 3.925763975e+01 1.000000000e+00 1
39	40	41	42	1	 1.177729193e+02 5.000000000e-01 3
40	41	42	43	1	 7.880266848e+01 1.000000000e+00 1
40	41	42	43	1	 2.364080054e+02 5.000000000e-01 3
41	42	43	44	1	 9.568442819e+01 1.000000000e+00 1
41	42	43	44	1	 2.870532846e+02 5.000000000e-01 3
42	43	44	45	1	 2.060363068e+02 1.000000000e+00 1
42	43	44	45	1	 6.181089205e+02 5.000000000e-01 3
43	44	45	46	1	 2.707858891e+02 1.000000000e+00 1
43	44	45	46	1	 8.123576674e+02 5.000000000e-01 3
44	45	46	47	1	 2.187999275e+02 1.000000000e+00 1
44	45	46	47	1	 6.563997824e+02 5.000000000e-01 3
45	46	47	48	1	 2.372549283e+02 1.000000000e+00 1
45	46	47	48	1	 7.117647850e+02 5.000000000e-01 3
46	47	48	49	1	 2.272719981e+02 1.000000000e+00 1
46	47	48	49	1	 6.818159944e+02 5.000000000e-01 3
47	48	49	50	1	 2.331446360e+02 1.000000000e+00 1
47	48	49	50	1	 6.994339080e+02 5.000000000e-01 3
48	49	50	51	1	 2.286812296e+02 1.000000000e+00 1
48	49	50	51	1	 6.860436889e+02 5.000000000e-01 3
49	50	51	52	1	 2.341820490e+02 1.000000000e+00 1
49	50	51	52	1	 7.025461471e+02 5.000000000e-01 3
50	51	52	53	1	 2.254775447e+02 1.000000000e+00 1
50	51	52	53	1	 6.764326342e+02 5.000000000e-01 3
51	52	53	54	1	 2.300013426e+02 1.000000000e+00 1
51	52	53	54	1	 6.900040277e+02 5.000000000e-01 3
52	53	54	55	1	 2.212483401e+02 1.000000000e+00 1
52	53	54	55	1	 6.637450203e+02 5.000000000e-01 3
53	54	55	56	1	 2.364694029e+02 1.000000000e+00 1
53	54	55	56	1	 7.094082087e+02 5.000000000e-01 3
54	55	56	57	1	 2.316869670e+02 1.000000000e+00 1
54	55	56	57	1	 6.950609010e+02 5.000000000e-01 3
55	56	57	58	1	 2.413465852e+02 1.000000000e+00 1
55	56	57	58	1	 7.240397556e+02 5.000000000e-01 3
56	57	58	59	1	 2.228249921e+01 1.000000000e+00 1
56	57	58	59	1	 6.684749762e+01 5.000000000e-01 3
57	58	59	60	1	 3.078244817e+02 1.000000000e+00 1
57	58	59	60	1	 9.234734450e+02 5.000000000e-01 3
58	59	60	61	1	 8.330395567e+01 1.000000000e+00 1
58	59	60	61	1	 2.499118670e+02 5.000000000e-01 3
59	60	61	62	1	 2.375240473e+01 1.000000000e+00 1
59	60	61	62	1	 7.125721418e+01 5.000000000e-01 3
60	61	62	63	1	 2.552559484e+02 1.000000000e+00 1
60	61	62	63	1	 7.657678452e+02 5.000000000e-01 3
61	62	63	64	1	 8.034283682e+01 1.000000000e+00 1
61	62	63	64	1	 2.410285105e+02 5.000000000e-01 3
62	63	64	65	1	 4.932291917e+01 1.000000000e+00 1
62	63	64	65	1	 1.479687575e+02 5.000000000e-01 3
63	64	65	66	1	 2.248802942e+02 1.000000000e+00 1
63	64	65	66	1	 6.746408826e+02 5.000000000e-01 3
64	65	66	67	1	 2.293227512e+02 1.000000000e+00 1
64	65	66	67	1	 6.879682535e+02 5.000000000e-01 3
65	66	67	68	1	 2.281089616e+02 1.000000000e+00 1
65	66	67	68	1	 6.843268848e+02 5.000000000e-01 3
66	67	68	69	1	 2.320195148e+02 1.000000000e+00 1
66	67	68	69	1	 6.960585443e+02 5.000000000e-01 3
67	68	69	70	1	 2.318865302e+02 1.000000000e+00 1
67	68	69	70	1	 6.956595907e+02 5.000000000e-01 3
68	69	70	71	1	 2.301067285e+02 1.000000000e+00 1
68	69	70	71	1	 6.903201855e+02 5.000000000e-01 3
69	70	71	72	1	 2.295098025e+02 1.000000000e+00 1
69	70	71	72	1	 6.885294075e+02 5.000000000e-01 3
70	71	72	73	1	 2.274616608e+02 1.000000000e+00 1
70	71	72	73	1	 6.823849823e+02 5.000000000e-01 3
71	72	73	74	1	 2.314679208e+02 1.000000000e+00 1
71	72	73	74	1	 6.944037624e+02 5.000000000e-01 3
72	73	74	75	1	 2.259470593e+02 1.000000000e+00 1
72	73	74	75	1	 6.778411780e+02 5.000000000e-01 3
73	74	75	76	1	 2.296203515e+02 1.000000000e+00 1
73	74	75	76	1	 6.888610544e+02 5.000000000e-01 3
74	75	76	77	1	 2.453641798e+02 1.000000000e+00 1
74	75	76	77	1	 7.360925393e+02 5.000000000e-01 3
75	76	77	78	1	 2.429304390e+02 1.000000000e+00 1
75	76	77	78	1	 7.287913170e+02 5.000000000e-01 3
76	77	78	79	1	 2.153916135e+02 1.000000000e+00 1
76	77	78	79	1	 6.461748406e+02 5.000000000e-01 3
77	78	79	80	1	 1.812766012e+02 1.000000000e+00 1
77	78	79	80	1	 5.438298036e+02 5.000000000e-01 3
78	79	80	81	1	 4.517156744e+01 1.000000000e+00 1
78	79	80	81	1	 1.355147023e+02 5.000000000e-01 3
79	80	81	82	1	 2.051519591e+02 1.000000000e+00 1
79	80	81	82	1	 6.154558774e+02 5.000000000e-01 3
80	81	82	83	1	 3.388281753e+02 1.000000000e+00 1
80	81	82	83	1	 1.016484526e+03 5.000000000e-01 3
81	82	83	84	1	 2.716152003e+01 1.000000000e+00 1
81	82	83	84	1	 8.148456009e+01 5.000000000e-01 3
82	83	84	85	1	 3.511025372e+01 1.000000000e+00 1
82	83	84	85	1	 1.053307611e+02 5.000000000e-01 3
83	84	85	86	1	 5.544753027e+01 1.000000000e+00 1
83	84	85	86	1	 1.663425908e+02 5.000000000e-01 3
84	85	86	87	1	 5.997604398e+01 1.000000000e+00 1
84	85	86	87	1	 1.799281319e+02 5.000000000e-01 3
85	86	87	88	1	 2.338230567e+02 1.000000000e+00 1
85	86	87	88	1	 7.014691702e+02 5.000000000e-01 3
86	87	88	89	1	 2.414555251e+02 1.000000000e+00 1
86	87	88	89	1	 7.243665754e+02 5.000000000e-01 3
87	88	89	90	1	 2.238310842e+02 1.000000000e+00 1
87	88	89	90	1	 6.714932527e+02 5.000000000e-01 3
88	89	90	91	1	 2.297456575e+02 1.000000000e+00 1
88	89	90	91	1	 6.892369724e+02 5.000000000e-01 3
89	90	91	92	1	 2.325276596e+02 1.000000000e+00 1
89	90	91	92	1	 6.975829789e+02 5.000000000e-01 3
90	91	92	93	1	 2.291314620e+02 1.000000000e+00 1
90	91	92	93	1	 6.873943861e+02 5.000000000e-01 3
91	92	93	94	1	 2.275549110e+02 1.000000000e+00 1
91	92	93	94	1	 6.826647331e+02 5.000000000e-01 3
92	93	94	95	1	 2.293743754e+02 1.000000000e+00 1
92	93	94	95	1	 6.881231263e+02 5.000000000e-01 3
93	94	95	96	1	 2.240109117e+02 1.000000000e+00 1
93	94	95	96	1	 6.720327351e+02 5.000000000e-01 3
94	95	96	97	1	 2.290748352e+02 1.000000000e+00 1
94	95	96	97	1	 6.872245057e+02 5.000000000e-01 3
95	96	97	98	1	 2.258829973e+02 1.000000000e+00 1
95	96	97	98	1	 6.776489918e+02 5.000000000e-01 3
96	97	98	99	1	 2.299256356e+02 1.000000000e+00 1
96	97	98	99	1	 6.897769069e+02 5.000000000e-01 3
97	98	99	100	1	 2.302978493e+02 1.000000000e+00 1
97	98	99	100	1	 6.908935478e+02 5.000000000e-01 3
98	99	100	101	1	 2.245122922e+02 1.000000000e+00 1
98	99	100	101	1	 6.735368767e+02 5.000000000e-01 3
99	100	101	102	1	 2.311369006e+02 1.000000000e+00 1
99	100	101	102	1	 6.934107017e+02 5.000000000e-01 3
100	101	102	103	1	 2.261874924e+02 1.000000000e+00 1
100	101	102	103	1	 6.785624772e+02 5.000000000e-01 3
101	102	103	104	1	 2.327118715e+02 1.000000000e+00 1
101	102	103	104	1	 6.981356146e+02 5.000000000e-01 3
102	103	104	105	1	 2.324530514e+02 1.000000000e+00 1
102	103	104	105	1	 6.973591542e+02 5.000000000e-01 3
103	104	105	106	1	 2.350843848e+02 1.000000000e+00 1
103	104	105	106	1	 7.052531545e+02 5.000000000e-01 3
104	105	106	107	1	 2.219500796e+02 1.000000000e+00 1
104	105	106	107	1	 6.658502388e+02 5.000000000e-01 3
105	106	107	108	1	 2.327945605e+02 1.000000000e+00 1
105	106	107	108	1	 6.983836816e+02 5.000000000e-01 3
106	107	108	109	1	 2.329520128e+02 1.000000000e+00 1
106	107	108	109	1	 6.988560383e+02 5.000000000e-01 3
107	108	109	110	1	 2.319821491e+02 1.000000000e+00 1
107	108	109	110	1	 6.959464473e+02 5.000000000e-01 3
108	109	110	111	1	 2.315923194e+02 1.000000000e+00 1
108	109	110	111	1	 6.947769583e+02 5.000000000e-01 3
109	110	111	112	1	 2.287780704e+02 1.000000000e+00 1
109	110	111	112	1	 6.863342113e+02 5.000000000e-01 3
110	111	112	113	1	 2.269036688e+02 1.000000000e+00 1
110	111	112	113	1	 6.807110064e+02 5.000000000e-01 3
111	112	113	114	1	 2.406254095e+02 1.000000000e+00 1
111	112	113	114	1	 7.218762285e+02 5.000000000e-01 3
112	113	114	115	1	 2.296249180e+02 1.000000000e+00 1
112	113	114	115	1	 6.888747541e+02 5.000000000e-01 3
113	114	115	116	1	 7.381381221e+01 1.000000000e+00 1
113	114	115	116	1	 2.214414366e+02 5.000000000e-01 3
114	115	116	117	1	 3.000016140e+02 1.000000000e+00 1
114	115	116	117	1	 9.000048420e+02 5.000000000e-01 3
115	116	117	118	1	 1.995596900e+01 1.000000000e+00 1
115	116	117	118	1	 5.986790701e+01 5.000000000e-01 3
116	117	118	119	1	 2.648690788e+02 1.000000000e+00 1
116	117	118	119	1	 7.946072365e+02 5.000000000e-01 3
117	118	119	120	1	 4.560770221e+01 1.000000000e+00 1
117	118	119	120	1	 1.368231066e+02 5.000000000e-01 3
118	119	120	121	1	 6.160753874e+00 1.000000000e+00 1
118	119	120	121	1	 1.848226162e+01 5.000000000e-01 3
119	120	121	122	1	 7.977664854e+01 1.000000000e+00 1
119	120	121	122	1	 2.393299456e+02 5.000000000e-01 3
120	121	122	123	1	 2.402140864e+02 1.000000000e+00 1
120	121	122	123	1	 7.206422592e+02 5.000000000e-01 3
121	122	123	124	1	 2.333201077e+02 1.000000000e+00 1
121	122	123	124	1	 6.999603232e+02 5.000000000e-01 3
122	123	124	125	1	 2.257770134e+02 1.000000000e+00 1
122	123	124	125	1	 6.773310402e+02 5.000000000e-01 3
123	124	125	126	1	 2.301554008e+02 1.000000000e+00 1
123	124	125	126	1	 6.904662025e+02 5.000000000e-01 3
124	125	126	127	1	 2.289796972e+02 1.000000000e+00 1
124	125	126	127	1	 6.869390916e+02 5.000000000e-01 3
125	126	127	128	1	 2.295483621e+02 1.000000000e+00 1
125	126	127	128	1	 6.886450862e+02 5.000000000e-01 3
126	127	128	129	1	 2.268939458e+02 1.000000000e+00 1
126	127	128	129	1	 6.806818375e+02 5.000000000e-01 3
127	128	129	130	1	 2.320537568e+02 1.000000000e+00 1
127	128	129	130	1	 6.961612705e+02 5.000000000e-01 3
128	129	130	131	1	 2.251388614e+02 1.000000000e+00 1
128	129	130	131	1	 6.754165843e+02 5.000000000e-01 3
129	130	131	132	1	 2.358312827e+02 1.000000000e+00 1
129	130	131	132	1	 7.074938481e+02 5.000000000e-01 3
130	131	132	133	1	 6.418383386e+01 1.000000000e+00 1
130	131	132	133	1	 1.925515016e+02 5.000000000e-01 3
131	132	133	134	1	 2.938302409e+02 1.000000000e+00 1
131	132	133	134	1	 8.814907227e+02 5.000000000e-01 3
132	133	134	135	1	 2.001206434e+02 1.000000000e+00 1
132	133	134	135	1	 6.003619303e+02 5.000000000e-01 3
136	137	138	139	1	 3.388124517e+02 1.000000000e+00 1
136	137	138	139	1	 1.016437355e+03 5.000000000e-01 3
137	138	139	140	1	 1.886392404e+02 1.000000000e+00 1
137	138	139	140	1	 5.659177212e+02 5.000000000e-01 3
138	139	140	141	1	 4.650554001e+01 1.000000000e+00 1
138	139	140	141	1	 1.395166200e+02 5.000000000e-01 3
139	140	141	142	1	 1.560051156e+02 1.000000000e+00 1
139	140	141	142	1	 4.680153469e+02 5.000000000e-01 3
140	141	142	143	1	 2.439050439e+02 1.000000000e+00 1
140	141	142	143	1	 7.317151316e+02 5.000000000e-01 3
141	142	143	144	1	 1.553674108e+02 1.000000000e+00 1
141	142	143	144	1	 4.661022325e+02 5.000000000e-01 3
142	143	144	145	1	 2.556934885e+02 1.000000000e+00 1
142	143	144	145	1	 7.670804656e+02 5.000000000e-01 3
143	144	145	146	1	 9.978214298e+01 1.000000000e+00 1
143	144	145	146	1	 2.993464289e+02 5.000000000e-01 3
144	145	146	147	1	 2.037868396e+02 1.000000000e+00 1
144	145	146	147	1	 6.113605189e+02 5.000000000e-01 3
145	146	147	148	1	 3.152097065e+02 1.000000000e+00 1
145	146	147	148	1	 9.456291196e+02 5.000000000e-01 3
146	147	148	149	1	 1.353961204e+02 1.000000000e+00 1
146	147	148	149	1	 4.061883613e+02 5.000000000e-01 3
147	148	149	150	1	 2.210823390e+02 1.000000000e+00 1
147	148	149	150	1	 6.632470170e+02 5.000000000e-01 3
148	149	150	151	1	 3.088229515e+02 1.000000000e+00 1
148	149	150	151	1	 9.264688545e+02 5.000000000e-01 3
149	150	151	152	1	 3.249791302e+02 1.000000000e+00 1
149	150	151	152	1	 9.749373907e+02 5.000000000e-01 3
150	151	152	153	1	 1.237872784e+01 1.000000000e+00 1
150	151	152	153	1	 3.713618353e+01 5.000000000e-01 3
151	152	153	154	1	 2.613849853e+02 1.000000000e+00 1
151	152	153	154	1	 7.841549558e+02 5.000000000e-01 3
152	153	154	155	1	 4.856581436e+01 1.000000000e+00 1
152	153	154	155	1	 1.456974431e+02 5.000000000e-01 3
153	154	155	156	1	 1.021697350e+02 1.000000000e+00 1
153	154	155	156	1	 3.065092049e+02 5.000000000e-01 3
154	155	156	157	1	 3.275496491e+02 1.000000000e+00 1
154	155	156	157	1	 9.826489474e+02 5.000000000e-01 3
155	156	157	158	1	 1.680465332e+02 1.000000000e+00 1
155	156	157	158	1	 5.041395996e+02 5.000000000e-01 3
156	157	158	159	1	 2.689695177e+02 1.000000000e+00 1
156	157	158	159	1	 8.069085531e+02 5.000000000e-01 3
157	158	159	160	1	 1.783169074e+02 1.000000000e+00 1
157	158	159	160	1	 5.349507222e+02 5.000000000e-01 3
158	159	160	161	1	 3.134245595e+02 1.000000000e+00 1
158	159	160	161	1	 9.402736785e+02 5.000000000e-01 3
159	160	161	162	1	 2.022723894e+02 1.000000000e+00 1
159	160	161	162	1	 6.068171681e+02 5.000000000e-01 3
160	161	162	163	1	 2.341514971e+02 1.000000000e+00 1
160	161	162	163	1	 7.024544913e+02 5.000000000e-01 3
161	162	163	164	1	 2.531626721e+02 1.000000000e+00 1
161	162	163	164	1	 7.594880164e+02 5.000000000e-01 3
162	163	164	165	1	 2.694376328e+02 1.000000000e+00 1
162	163	164	165	1	 8.083128985e+02 5.000000000e-01 3
163	164	165	166	1	 3.822472596e+01 1.000000000e+00 1
163	164	165	166	1	 1.146741779e+02 5.000000000e-01 3
164	165	166	167	1	 6.388776717e+01 1.000000000e+00 1
164	165	166	167	1	 1.916633015e+02 5.000000000e-01 3
165	166	167	168	1	 2.330774912e+02 1.000000000e+00 1
165	166	167	168	1	 6.992324737e+02 5.000000000e-01 3
166	167	168	169	1	 2.288720854e+02 1.000000000e+00 1
166	167	168	169	1	 6.866162562e+02 5.000000000e-01 3
167	168	169	170	1	 2.288460078e+02 1.000000000e+00 1
167	168	169	170	1	 6.865380233e+02 5.000000000e-01 3
168	169	170	171	1	 2.318920666e+02 1.000000000e+00 1
168	169	170	171	1	 6.956761997e+02 5.000000000e-01 3
169	170	171	172	1	 2.304174272e+02 1.000000000e+00 1
169	170	171	172	1	 6.912522815e+02 5.000000000e-01 3
170	171	172	173	1	 2.298417905e+02 1.000000000e+00 1
170	171	172	173	1	 6.895253714e+02 5.000000000e-01 3
171	172	173	174	1	 2.299730790e+02 1.000000000e+00 1
171	172	173	174	1	 6.899192371e+02 5.000000000e-01 3
172	173	174	175	1	 2.334900990e+02 1.000000000e+00 1
172	173	174	175	1	 7.004702970e+02 5.000000000e-01 3
173	174	175	176	1	 2.297316815e+02 1.000000000e+00 1
173	174	175	176	1	 6.891950444e+02 5.000000000e-01 3
174	175	176	177	1	 2.359675373e+02 1.000000000e+00 1
174	175	176	177	1	 7.079026118e+02 5.000000000e-01 3
175	176	177	178	1	 7.332429640e+01 1.000000000e+00 1
175	176	177	178	1	 2.199728892e+02 5.000000000e-01 3
176	177	178	179	1	 3.323193155e+02 1.000000000e+00 1
176	177	178	179	1	 9.969579466e+02 5.000000000e-01 3
177	178	179	180	1	 3.743220875e-01 1.000000000e+00 1
177	178	179	180	1	 1.122966263e+00 5.000000000e-01 3
178	179	180	181	1	 2.092880578e+02 1.000000000e+00 1
178	179	180	181	1	 6.278641733e+02 5.000000000e-01 3
179	180	181	182	1	 2.009181722e+01 1.000000000e+00 1
179	180	181	182	1	 6.027545166e+01 5.000000000e-01 3
180	181	182	183	1	 5.110640734e+01 1.000000000e+00 1
180	181	182	183	1	 1.533192220e+02 5.000000000e-01 3
181	182	183	184	1	 5.925784623e+01 1.000000000e+00 1
181	182	183	184	1	 1.777735387e+02 5.000000000e-01 3
182	183	184	185	1	 2.377934222e+02 1.000000000e+00 1
182	183	184	185	1	 7.133802666e+02 5.000000000e-01 3
183	184	185	186	1	 2.636274421e+02 1.000000000e+00 1
183	184	185	186	1	 7.908823262e+02 5.000000000e-01 3
184	185	186	187	1	 2.429913947e+02 1.000000000e+00 1
184	185	186	187	1	 7.289741842e+02 5.000000000e-01 3
185	186	187	188	1	 2.197789439e+02 1.000000000e+00 1
185	186	187	188	1	 6.593368316e+02 5.000000000e-01 3
186	187	188	189	1	 2.342787440e+02 1.000000000e+00 1
186	187	188	189	1	 7.028362321e+02 5.000000000e-01 3
187	188	189	190	1	 2.293028696e+02 1.000000000e+00 1
187	188	189	190	1	 6.879086087e+02 5.000000000e-01 3
188	189	190	191	1	 2.334829477e+02 1.000000000e+00 1
188	189	190	191	1	 7.004488431e+02 5.000000000e-01 3
189	190	191	192	1	 2.304258004e+02 1.000000000e+00 1
189	190	191	192	1	 6.912774012e+02 5.000000000e-01 3
190	191	192	193	1	 2.253748945e+02 1.000000000e+00 1
190	191	192	193	1	 6.761246834e+02 5.000000000e-01 3
191	192	193	194	1	 2.303826013e+02 1.000000000e+00 1
191	192	193	194	1	 6.911478040e+02 5.000000000e-01 3
192	193	194	195	1	 2.328110288e+02 1.000000000e+00 1
192	193	194	195	1	 6.984330864e+02 5.000000000e-01 3
193	194	195	196	1	 2.289265898e+02 1.000000000e+00 1
193	194	195	196	1	 6.867797693e+02 5.000000000e-01 3
194	195	196	197	1	 2.310741262e+02 1.000000000e+00 1
194	195	196	197	1	 6.932223786e+02 5.000000000e-01 3
195	196	197	198	1	 2.231722456e+02 1.000000000e+00 1
195	196	197	198	1	 6.695167367e+02 5.000000000e-01 3
196	197	198	199	1	 2.345035305e+02 1.000000000e+00 1
196	197	198	199	1	 7.035105916e+02 5.000000000e-01 3
197	198	199	200	1	 2.261648603e+02 1.000000000e+00 1
197	198	199	200	1	 6.784945808e+02 5.000000000e-01 3
198	199	200	201	1	 2.191127002e+02 1.000000000e+00 1
198	199	200	201	1	 6.573381007e+02 5.000000000e-01 3
199	200	201	202	1	 2.278267612e+02 1.000000000e+00 1
199	200	201	202	1	 6.834802835e+02 5.000000000e-01 3
200	201	202	203	1	 2.394312925e+02 1.000000000e+00 1
200	201	202	203	1	 7.182938774e+02 5.000000000e-01 3
201	202	203	204	1	 2.206032998e+02 1.000000000e+00 1
201	202	203	204	1	 6.618098995e+02 5.000000000e-01 3
202	203	204	205	1	 2.333408552e+02 1.000000000e+00 1
202	203	204	205	1	 7.000225656e+02 5.000000000e-01 3
203	204	205	206	1	 2.279845106e+02 1.000000000e+00 1
203	204	205	206	1	 6.839535317e+02 5.000000000e-01 3
204	205	206	207	1	 2.380871475e+02 1.000000000e+00 1
204	205	206	207	1	 7.142614425e+02 5.000000000e-01 3
205	206	207	208	1	 2.249383518e+02 1.000000000e+00 1
205	206	207	208	1	 6.748150555e+02 5.000000000e-01 3
206	207	208	209	1	 2.337691083e+02 1.000000000e+00 1
206	207	208	209	1	 7.013073250e+02 5.000000000e-01 3
207	208	209	210	1	 2.241425982e+02 1.000000000e+00 1
207	208	209	210	1	 6.724277947e+02 5.000000000e-01 3
208	209	210	211	1	 2.365026513e+02 1.000000000e+00 1
208	209	210	211	1	 7.095079539e+02 5.000000000e-01 3
209	210	211	212	1	 2.311351964e+02 1.000000000e+00 1
209	210	211	212	1	 6.934055892e+02 5.000000000e-01 3
210	211	212	213	1	 5.820456549e+01 1.000000000e+00 1
210	211	212	213	1	 1.746136965e+02 5.000000000e-01 3
211	212	213	214	1	 3.224084963e+02 1.000000000e+00 1
211	212	213	214	1	 9.672254890e+02 5.000000000e-01 3
212	213	214	215	1	 2.244206459e+01 1.000000000e+00 1
212	213	214	215	1	 6.732619378e+01 5.000000000e-01 3
213	214	215	216	1	 2.561856270e+02 1.000000000e+00 1
213	214	215	216	1	 7.685568809e+02 5.000000000e-01 3
214	215	216	217	1	 4.415618519e+01 1.000000000e+00 1
214	215	216	217	1	 1.324685556e+02 5.000000000e-01 3
215	216	217	218	1	 2.474021967e+01 1.000000000e+00 1
215	216	217	218	1	 7.422065902e+01 5.000000000e-01 3
216	217	218	219	1	 6.674333464e+01 1.000000000e+00 1
216	217	218	219	1	 2.002300039e+02 5.000000000e-01 3
217	218	219	220	1	 2.357450845e+02 1.000000000e+00 1
217	218	219	220	1	 7.072352534e+02 5.000000000e-01 3
218	219	220	221	1	 2.354551646e+02 1.000000000e+00 1
218	219	220	221	1	 7.063654938e+02 5.000000000e-01 3
219	220	221	222	1	 2.237406376e+02 1.000000000e+00 1
219	220	221	222	1	 6.712219127e+02 5.000000000e-01 3
220	221	222	223	1	 2.314884222e+02 1.000000000e+00 1
220	221	222	223	1	 6.944652667e+02 5.000000000e-01 3
221	222	223	224	1	 2.258025607e+02 1.000000000e+00 1
221	222	223	224	1	 6.774076821e+02 5.000000000e-01 3
222	223	224	225	1	 2.301082619e+02 1.000000000e+00 1
222	223	224	225	1	 6.903247856e+02 5.000000000e-01 3
223	224	225	226	1	 2.281208968e+02 1.000000000e+00 1
223	224	225	226	1	 6.843626903e+02 5.000000000e-01 3
224	225	226	227	1	 2.326860838e+02 1.000000000e+00 1
224	225	226	227	1	 6.980582515e+02 5.000000000e-01 3
225	226	227	228	1	 2.291468932e+02 1.000000000e+00 1
225	226	227	228	1	 6.874406795e+02 5.000000000e-01 3
226	227	228	229	1	 2.361448814e+02 1.000000000e+00 1
226	227	228	229	1	 7.084346443e+02 5.000000000e-01 3
227	228	229	230	1	 7.391987786e+01 1.000000000e+00 1
227	228	229	230	1	 2.217596336e+02 5.000000000e-01 3
228	229	230	231	1	 2.898593149e+02 1.000000000e+00 1
228	229	230	231	1	 8.695779446e+02 5.000000000e-01 3
229	230	231	232	1	 8.671643968e+00 1.000000000e+00 1
229	230	231	232	1	 2.601493190e+01 5.000000000e-01 3
230	231	232	233	1	 2.215699999e+01 1.000000000e+00 1
230	231	232	233	1	 6.647099998e+01 5.000000000e-01 3
231	232	233	234	1	 2.502210988e+01 1.000000000e+00 1
231	232	233	234	1	 7.506632963e+01 5.000000000e-01 3
232	233	234	235	1	 2.307106230e+02 1.000000000e+00 1
232	233	234	235	1	 6.921318691e+02 5.000000000e-01 3
233	234	235	236	1	 2.545349248e+02 1.000000000e+00 1
233	234	235	236	1	 7.636047744e+02 5.000000000e-01 3
234	235	236	237	1	 2.804562370e+02 1.000000000e+00 1
234	235	236	237	1	 8.413687111e+02 5.000000000e-01 3
238	239	240	241	1	 7.986273676e+01 1.000000000e+00 1
238	239	240	241	1	 2.395882103e+02 5.000000000e-01 3
239	240	241	242	1	 3.045579884e+02 1.000000000e+00 1
239	240	241	242	1	 9.136739651e+02 5.000000000e-01 3
240	241	242	243	1	 1.327886421e+02 1.000000000e+00 1
240	241	242	243	1	 3.983659264e+02 5.000000000e-01 3
241	242	243	244	1	 2.424411898e+01 1.000000000e+00 1
241	242	243	244	1	 7.273235693e+01 5.000000000e-01 3
242	243	244	245	1	 1.089729844e+01 1.000000000e+00 1
242	243	244	245	1	 3.269189533e+01 5.000000000e-01 3
243	244	245	246	1	 2.188508674e+02 1.000000000e+00 1
243	244	245	246	1	 6.565526021e+02 5.000000000e-01 3
244	245	246	247	1	 5.477295259e+01 1.000000000e+00 1
244	245	246	247	1	 1.643188578e+02 5.000000000e-01 3
245	246	247	248	1	 3.083801769e+02 1.000000000e+00 1
245	246	247	248	1	 9.251405308e+02 5.000000000e-01 3
246	247	248	249	1	 2.505569527e+02 1.000000000e+00 1
246	247	248	249	1	 7.516708580e+02 5.000000000e-01 3
247	248	249	250	1	 8.977570405e+01 1.000000000e+00 1
247	248	249	250	1	 2.693271121e+02 5.000000000e-01 3
248	249	250	251	1	 3.556461226e+02 1.000000000e+00 1
248	249	250	251	1	 1.066938368e+03 5.000000000e-01 3
249	250	251	252	1	 2.170423156e+02 1.000000000e+00 1
249	250	251	252	1	 6.511269467e+02 5.000000000e-01 3
250	251	252	253	1	 2.824834554e+02 1.000000000e+00 1
250	251	252	253	1	 8.474503661e+02 5.000000000e-01 3
251	252	253	254	1	 2.915850514e+01 1.000000000e+00 1
251	252	253	254	1	 8.747551543e+01 5.000000000e-01 3
252	253	254	255	1	 6.150908344e+01 1.000000000e+00 1
252	253	254	255	1	 1.845272503e+02 5.000000000e-01 3
253	254	255	256	1	 2.401305640e+02 1.000000000e+00 1
253	254	255	256	1	 7.203916920e+02 5.000000000e-01 3
254	255	256	257	1	 2.231504524e+02 1.000000000e+00 1
254	255	256	257	1	 6.694513572e+02 5.000000000e-01 3
255	256	257	258	1	 2.348286532e+02 1.000000000e+00 1
255	256	257	258	1	 7.044859595e+02 5.000000000e-01 3
256	257	258	259	1	 2.214881069e+02 1.000000000e+00 1
256	257	258	259	1	 6.644643208e+02 5.000000000e-01 3
257	258	259	260	1	 6.605938277e+01 1.000000000e+00 1
257	258	259	260	1	 1.981781483e+02 5.000000000e-01 3
258	259	260	261	1	 3.198523118e+02 1.000000000e+00 1
258	259	260	261	1	 9.595569353e+02 5.000000000e-01 3
259	260	261	262	1	 2.036497033e+01 1.000000000e+00 1
259	260	261	262	1	 6.109491100e+01 5.000000000e-01 3
260	261	262	263	1	 2.602356038e+02 1.000000000e+00 1
260	261	262	263	1	 7.807068113e+02 5.000000000e-01 3
261	262	263	264	1	 8.346989396e+01 1.000000000e+00 1
261	262	263	264	1	 2.504096819e+02 5.000000000e-01 3
262	263	264	265	1	 5.072044054e+00 1.000000000e+00 1
262	263	264	265	1	 1.521613216e+01 5.000000000e-01 3
263	264	265	266	1	 2.342861961e+02 1.000000000e+00 1
263	264	265	266	1	 7.028585883e+02 5.000000000e-01 3
264	265	266	267	1	 2.248521541e+02 1.000000000e+00 1
264	265	266	267	1	 6.745564622e+02 5.000000000e-01 3
265	266	267	268	1	 2.314658937e+02 1.000000000e+00 1
265	266	267	268	1	 6.943976810e+02 5.000000000e-01 3
266	267	268	269	1	 2.313307837e+02 1.000000000e+00 1
266	267	268	269	1	 6.939923511e+02 5.000000000e-01 3
267	268	269	270	1	 2.264416772e+02 1.000000000e+00 1
267	268	269	270	1	 6.793250317e+02 5.000000000e-01 3
268	269	270	271	1	 2.298316872e+02 1.000000000e+00 1
268	269	270	271	1	 6.894950617e+02 5.000000000e-01 3
269	270	271	272	1	 2.331922888e+02 1.000000000e+00 1
269	270	271	272	1	 6.995768665e+02 5.000000000e-01 3
270	271	272	273	1	 2.239436857e+02 1.000000000e+00 1
270	271	272	273	1	 6.718310571e+02 5.000000000e-01 3
271	272	273	274	1	 2.318704001e+02 1.000000000e+00 1
271	272	273	274	1	 6.956112004e+02 5.000000000e-01 3
272	273	274	275	1	 2.432021669e+02 1.000000000e+00 1
272	273	274	275	1	 7.296065006e+02 5.000000000e-01 3
273	274	275	276	1	 5.567184941e+01 1.000000000e+00 1
273	274	275	276	1	 1.670155482e+02 5.000000000e-01 3
274	275	276	277	1	 3.223549963e+02 1.000000000e+00 1
274	275	276	277	1	 9.670649888e+02 5.000000000e-01 3
275	276	277	278	1	 1.647227623e+02 1.000000000e+00 1
275	276	277	278	1	 4.941682870e+02 5.000000000e-01 3
276	277	278	279	1	 7.389391048e+01 1.000000000e+00 1
276	277	278	279	1	 2.216817314e+02 5.000000000e-01 3
277	278	279	280	1	 2.097096015e+02 1.000000000e+00 1
277	278	279	280	1	 6.291288045e+02 5.000000000e-01 3
278	279	280	281	1	 1.951895875e+01 1.000000000e+00 1
278	279	280	281	1	 5.855687626e+01 5.000000000e-01 3
279	280	281	282	1	 4.501603422e+01 1.000000000e+00 1
279	280	281	282	1	 1.350481027e+02 5.000000000e-01 3
280	281	282	283	1	 6.853890996e+01 1.000000000e+00 1
280	281	282	283	1	 2.056167299e+02 5.000000000e-01 3
281	282	283	284	1	 2.322386012e+02 1.000000000e+00 1
281	282	283	284	1	 6.967158035e+02 5.000000000e-01 3
282	283	284	285	1	 2.554534385e+02 1.000000000e+00 1
282	283	284	285	1	 7.663603154e+02 5.000000000e-01 3
283	284	285	286	1	 2.232107186e+02 1.000000000e+00 1
283	284	285	286	1	 6.696321557e+02 5.000000000e-01 3
284	285	286	287	1	 2.340035741e+02 1.000000000e+00 1
284	285	286	287	1	 7.020107223e+02 5.000000000e-01 3
285	286	287	288	1	 2.227453907e+02 1.000000000e+00 1
285	286	287	288	1	 6.682361721e+02 5.000000000e-01 3
286	287	288	289	1	 2.282141053e+02 1.000000000e+00 1
286	287	288	289	1	 6.846423160e+02 5.000000000e-01 3
287	288	289	290	1	 2.294712102e+02 1.000000000e+00 1
287	288	289	290	1	 6.884136305e+02 5.000000000e-01 3
288	289	290	291	1	 2.320592023e+02 1.000000000e+00 1
288	289	290	291	1	 6.961776068e+02 5.000000000e-01 3
289	290	291	292	1	 2.276639439e+02 1.000000000e+00 1
289	290	291	292	1	 6.829918317e+02 5.000000000e-01 3
290	291	292	293	1	 2.276306934e+02 1.000000000e+00 1
290	291	292	293	1	 6.828920803e+02 5.000000000e-01 3
291	292	293	294	1	 2.295100750e+02 1.000000000e+00 1
291	292	293	294	1	 6.885302251e+02 5.000000000e-01 3
292	293	294	295	1	 2.305541529e+02 1.000000000e+00 1
292	293	294	295	1	 6.916624588e+02 5.000000000e-01 3
293	294	295	296	1	 2.258975255e+02 1.000000000e+00 1
293	294	295	296	1	 6.776925766e+02 5.000000000e-01 3
294	295	296	297	1	 2.334293759e+02 1.000000000e+00 1
294	295	296	297	1	 7.002881276e+02 5.000000000e-01 3
295	296	297	298	1	 2.297281551e+02 1.000000000e+00 1
295	296	297	298	1	 6.891844652e+02 5.000000000e-01 3
296	297	298	299	1	 2.317319067e+02 1.000000000e+00 1
296	297	298	299	1	 6.951957202e+02 5.000000000e-01 3
297	298	299	300	1	 2.228776873e+02 1.000000000e+00 1
297	298	299	300	1	 6.686330620e+02 5.000000000e-01 3
298	299	300	301	1	 2.289552340e+02 1.000000000e+00 1
298	299	300	301	1	 6.868657019e+02 5.000000000e-01 3
299	300	301	302	1	 2.339983870e+02 1.000000000e+00 1
299	300	301	302	1	 7.019951611e+02 5.000000000e-01 3
300	301	302	303	1	 2.188719207e+02 1.000000000e+00 1
300	301	302	303	1	 6.566157622e+02 5.000000000e-01 3
301	302	303	304	1	 2.319475960e+02 1.000000000e+00 1
301	302	303	304	1	 6.958427879e+02 5.000000000e-01 3
302	303	304	305	1	 2.307003666e+02 1.000000000e+00 1
302	303	304	305	1	 6.921010997e+02 5.000000000e-01 3
303	304	305	306	1	 2.337886575e+02 1.000000000e+00 1
303	304	305	306	1	 7.013659725e+02 5.000000000e-01 3
304	305	306	307	1	 2.291214857e+02 1.000000000e+00 1
304	305	306	307	1	 6.873644572e+02 5.000000000e-01 3
305	306	307	308	1	 2.300971497e+02 1.000000000e+00 1
305	306	307	308	1	 6.902914491e+02 5.000000000e-01 3
306	307	308	309	1	 2.273180968e+02 1.000000000e+00 1
306	307	308	309	1	 6.819542903e+02 5.000000000e-01 3
307	308	309	310	1	 2.344696319e+02 1.000000000e+00 1
307	308	309	310	1	 7.034088957e+02 5.000000000e-01 3
308	309	310	311	1	 2.266276946e+02 1.000000000e+00 1
308	309	310	311	1	 6.798830839e+02 5.000000000e-01 3
309	310	311	312	1	 6.883145921e+01 1.000000000e+00 1
309	310	311	312	1	 2.064943776e+02 5.000000000e-01 3
310	311	312	313	1	 3.086953781e+02 1.000000000e+00 1
310	311	312	313	1	 9.260861343e+02 5.000000000e-01 3
311	312	313	314	1	 1.813099775e+01 1.000000000e+00 1
311	312	313	314	1	 5.439299325e+01 5.000000000e-01 3
312	313	314	315	1	 2.514330087e+02 1.000000000e+00 1
312	313	314	315	1	 7.542990261e+02 5.000000000e-01 3
313	314	315	316	1	 4.896756399e+01 1.000000000e+00 1
313	314	315	316	1	 1.469026920e+02 5.000000000e-01 3
314	315	316	317	1	 3.584446730e+02 1.000000000e+00 1
314	315	316	317	1	 1.075334019e+03 5.000000000e-01 3
315	316	317	318	1	 9.117021246e+01 1.000000000e+00 1
315	316	317	318	1	 2.735106374e+02 5.000000000e-01 3
316	317	318	319	1	 2.421257892e+02 1.000000000e+00 1
316	317	318	319	1	 7.263773676e+02 5.000000000e-01 3
317	318	319	320	1	 2.293582706e+02 1.000000000e+00 1
317	318	319	320	1	 6.880748118e+02 5.000000000e-01 3
318	319	320	321	1	 2.317273375e+02 1.000000000e+00 1
318	319	320	321	1	 6.951820124e+02 5.000000000e-01 3
319	320	321	322	1	 2.272096194e+02 1.000000000e+00 1
319	320	321	322	1	 6.816288582e+02 5.000000000e-01 3
320	321	322	323	1	 2.287023977e+02 1.000000000e+00 1
320	321	322	323	1	 6.861071930e+02 5.000000000e-01 3
321	322	323	324	1	 2.300963302e+02 1.000000000e+00 1
321	322	323	324	1	 6.902889905e+02 5.000000000e-01 3
322	323	324	325	1	 2.214134476e+02 1.000000000e+00 1
322	323	324	325	1	 6.642403427e+02 5.000000000e-01 3
323	324	325	326	1	 2.253751320e+02 1.000000000e+00 1
323	324	325	326	1	 6.761253960e+02 5.000000000e-01 3
324	325	326	327	1	 2.316909707e+02 1.000000000e+00 1
324	325	326	327	1	 6.950729120e+02 5.000000000e-01 3
325	326	327	328	1	 2.580193059e+02 1.000000000e+00 1
325	326	327	328	1	 7.740579177e+02 5.000000000e-01 3
326	327	328	329	1	 3.047718028e+01 1.000000000e+00 1
326	327	328	329	1	 9.143154084e+01 5.000000000e-01 3
327	328	329	330	1	 2.208908412e+02 1.000000000e+00 1
327	328	329	330	1	 6.626725236e+02 5.000000000e-01 3
328	329	330	331	1	 2.259817060e+02 1.000000000e+00 1
328	329	330	331	1	 6.779451181e+02 5.000000000e-01 3
329	330	331	332	1	 2.365715273e+02 1.000000000e+00 1
329	330	331	332	1	 7.097145819e+02 5.000000000e-01 3
330	331	332	333	1	 2.241949403e+02 1.000000000e+00 1
330	331	332	333	1	 6.725848209e+02 5.000000000e-01 3
331	332	333	334	1	 2.311468576e+02 1.000000000e+00 1
331	332	333	334	1	 6.934405727e+02 5.000000000e-01 3
332	333	334	335	1	 2.152814970e+02 1.000000000e+00 1
332	333	334	335	1	 6.458444909e+02 5.000000000e-01 3
333	334	335	336	1	 3.076193392e+02 1.000000000e+00 1
333	334	335	336	1	 9.228580177e+02 5.000000000e-01 3
334	335	336	337	1	 2.157431617e+02 1.000000000e+00 1
334	335	336	337	1	 6.472294851e+02 5.000000000e-01 3
335	336	337	338	1	 2.802787504e+02 1.000000000e+00 1
335	336	337	338	1	 8.408362511e+02 5.000000000e-01 3
336	337	338	339	1	 2.957044202e+01 1.000000000e+00 1
336	337	338	339	1	 8.871132607e+01 5.000000000e-01 3
337	338	339	340	1	 2.927301992e+01 1.000000000e+00 1
337	338	339	340	1	 8.781905975e+01 5.000000000e-01 3
338	339	340	341	1	 5.670940171e+01 1.000000000e+00 1
338	339	340	341	1	 1.701282051e+02 5.000000000e-01 3
339	340	341	342	1	 1.898255980e+02 1.000000000e+00 1
339	340	341	342	1	 5.694767939e+02 5.000000000e-01 3
340	341	342	343	1	 2.998553764e+02 1.000000000e+00 1
340	341	342	343	1	 8.995661293e+02 5.000000000e-01 3
341	342	343	344	1	 1.461404909e+01 1.000000000e+00 1
341	342	343	344	1	 4.384214728e+01 5.000000000e-01 3
342	343	344	345	1	 1.034291951e+02 1.000000000e+00 1
342	343	344	345	1	 3.102875854e+02 5.000000000e-01 3
343	344	345	346	1	 9.307886746e+01 1.000000000e+00 1
343	344	345	346	1	 2.792366024e+02 5.000000000e-01 3
344	345	346	347	1	 7.824725823e+01 1.000000000e+00 1
344	345	346	347	1	 2.347417747e+02 5.000000000e-01 3
345	346	347	348	1	 3.319070415e+02 1.000000000e+00 1
345	346	347	348	1	 9.957211246e+02 5.000000000e-01 3
346	347	348	349	1	 1.486663655e+00 1.000000000e+00 1
346	347	348	349	1	 4.459990966e+00 5.000000000e-01 3
347	348	349	350	1	 6.503692921e+01 1.000000000e+00 1
347	348	349	350	1	 1.951107876e+02 5.000000000e-01 3
348	349	350	351	1	 5.646127422e+01 1.000000000e+00 1
348	349	350	351	1	 1.693838227e+02 5.000000000e-01 3
349	350	351	352	1	 2.409125716e+02 1.000000000e+00 1
349	350	351	352	1	 7.227377149e+02 5.000000000e-01 3
350	351	352	353	1	 2.423550083e+02 1.000000000e+00 1
350	351	352	353	1	 7.270650248e+02 5.000000000e-01 3
351	352	353	354	1	 2.772579588e+02 1.000000000e+00 1
351	352	353	354	1	 8.317738764e+02 5.000000000e-01 3
352	353	354	355	1	 6.826233116e+01 1.000000000e+00 1
352	353	354	355	1	 2.047869935e+02 5.000000000e-01 3
353	354	355	356	1	 3.018556111e+02 1.000000000e+00 1
353	354	355	356	1	 9.055668333e+02 5.000000000e-01 3
354	355	356	357	1	 2.733958369e+02 1.000000000e+00 1
354	355	356	357	1	 8.201875108e+02 5.000000000e-01 3
355	356	357	358	1	 9.537547440e+01 1.000000000e+00 1
355	356	357	358	1	 2.861264232e+02 5.000000000e-01 3
356	357	358	359	1	 7.935387673e+01 1.000000000e+00 1
356	357	358	359	1	 2.380616302e+02 5.000000000e-01 3
357	358	359	360	1	 3.088753272e+02 1.000000000e+00 1
357	358	359	360	1	 9.266259816e+02 5.000000000e-01 3
358	359	360	361	1	 6.391045469e+01 1.000000000e+00 1
358	359	360	361	1	 1.917313641e+02 5.000000000e-01 3
359	360	361	362	1	 8.842283682e+01 1.000000000e+00 1
359	360	361	362	1	 2.652685104e+02 5.000000000e-01 3
360	361	362	363	1	 2.193373643e+02 1.000000000e+00 1
360	361	362	363	1	 6.580120929e+02 5.000000000e-01 3
361	362	363	364	1	 9.722604711e+01 1.000000000e+00 1
361	362	363	364	1	 2.916781413e+02 5.000000000e-01 3
362	363	364	365	1	 2.676982882e+02 1.000000000e+00 1
362	363	364	365	1	 8.030948647e+02 5.000000000e-01 3
366	367	368	369	1	 3.478976096e+02 1.000000000e+00 1
366	367	368	369	1	 1.043692829e+03 5.000000000e-01 3
367	368	369	370	1	 2.788777965e+02 1.000000000e+00 1
367	368	369	370	1	 8.366333896e+02 5.000000000e-01 3
368	369	370	371	1	 2.279107809e+02 1.000000000e+00 1
368	369	370	371	1	 6.837323426e+02 5.000000000e-01 3
369	370	371	372	1	 1.539140504e+02 1.000000000e+00 1
369	370	371	372	1	 4.617421512e+02 5.000000000e-01 3
370	371	372	373	1	 2.232418321e+02 1.000000000e+00 1
370	371	372	373	1	 6.697254962e+02 5.000000000e-01 3
371	372	373	374	1	 2.387648847e+02 1.000000000e+00 1
371	372	373	374	1	 7.162946540e+02 5.000000000e-01 3
372	373	374	375	1	 3.274351209e+02 1.000000000e+00 1
372	373	374	375	1	 9.823053628e+02 5.000000000e-01 3
373	374	375	376	1	 2.025246961e+02 1.000000000e+00 1
373	374	375	376	1	 6.075740884e+02 5.000000000e-01 3
374	375	376	377	1	 3.386228592e+02 1.000000000e+00 1
374	375	376	377	1	 1.015868578e+03 5.000000000e-01 3
375	376	377	378	1	 2.905752128e+02 1.000000000e+00 1
375	376	377	378	1	 8.717256383e+02 5.000000000e-01 3
376	377	378	379	1	 2.026601470e+02 1.000000000e+00 1
376	377	378	379	1	 6.079804410e+02 5.000000000e-01 3
377	378	379	380	1	 3.553730295e+02 1.000000000e+00 1
377	378	379	380	1	 1.066119088e+03 5.000000000e-01 3
378	379	380	381	1	 1.273572402e+02 1.000000000e+00 1
378	379	380	381	1	 3.820717205e+02 5.000000000e-01 3
379	380	381	382	1	 1.148158413e+02 1.000000000e+00 1
379	380	381	382	1	 3.444475238e+02 5.000000000e-01 3
380	381	382	383	1	 3.196932028e+02 1.000000000e+00 1
380	381	382	383	1	 9.590796085e+02 5.000000000e-01 3
381	382	383	384	1	 3.485753687e+02 1.000000000e+00 1
381	382	383	384	1	 1.045726106e+03 5.000000000e-01 3
382	383	384	385	1	 1.422623206e+01 1.000000000e+00 1
382	383	384	385	1	 4.267869619e+01 5.000000000e-01 3
383	384	385	386	1	 1.540659939e+02 1.000000000e+00 1
383	384	385	386	1	 4.621979818e+02 5.000000000e-01 3
384	385	386	387	1	 2.172459909e+02 1.000000000e+00 1
384	385	386	387	1	 6.517379727e+02 5.000000000e-01 3
385	386	387	388	1	 6.000758901e+01 1.000000000e+00 1
385	386	387	388	1	 1.800227670e+02 5.000000000e-01 3
386	387	388	389	1	 2.937281621e+02 1.000000000e+00 1
386	387	388	389	1	 8.811844864e+02 5.000000000e-01 3
387	388	389	390	1	 2.335795857e+02 1.000000000e+00 1
387	388	389	390	1	 7.007387571e+02 5.000000000e-01 3
388	389	390	391	1	 2.973934465e+01 1.000000000e+00 1
388	389	390	391	1	 8.921803394e+01 5.000000000e-01 3
389	390	391	392	1	 1.361665221e+02 1.000000000e+00 1
389	390	391	392	1	 4.084995664e+02 5.000000000e-01 3
390	391	392	393	1	 9.799258674e+01 1.000000000e+00 1
390	391	392	393	1	 2.939777602e+02 5.000000000e-01 3
391	392	393	394	1	 5.041135281e+01 1.000000000e+00 1
391	392	393	394	1	 1.512340584e+02 5.000000000e-01 3
392	393	394	395	1	 7.428844891e+01 1.000000000e+00 1
392	393	394	395	1	 2.228653467e+02 5.000000000e-01 3
393	394	395	396	1	 7.697479502e+01 1.000000000e+00 1
393	394	395	396	1	 2.309243851e+02 5.000000000e-01 3
394	395	396	397	1	 2.350513308e+01 1.000000000e+00 1
394	395	396	397	1	 7.051539925e+01 5.000000000e-01 3
395	396	397	398	1	 2.586177314e+01 1.000000000e+00 1
395	396	397	398	1	 7.758531943e+01 5.000000000e-01 3
396	397	398	399	1	 3.553775483e+02 1.000000000e+00 1
396	397	398	399	1	 1.066132645e+03 5.000000000e-01 3
397	398	399	400	1	 6.195518682e+01 1.000000000e+00 1
397	398	399	400	1	 1.858655605e+02 5.000000000e-01 3
398	399	400	401	1	 2.927792712e+02 1.000000000e+00 1
398	399	400	401	1	 8.783378137e+02 5.000000000e-01 3
399	400	401	402	1	 2.294698090e+02 1.000000000e+00 1
399	400	401	402	1	 6.884094270e+02 5.000000000e-01 3
400	401	402	403	1	 2.242880928e+02 1.000000000e+00 1
400	401	402	403	1	 6.728642784e+02 5.000000000e-01 3
401	402	403	404	1	 2.309705438e+02 1.000000000e+00 1
401	402	403	404	1	 6.929116314e+02 5.000000000e-01 3
402	403	404	405	1	 2.307421998e+02 1.000000000e+00 1
402	403	404	405	1	 6.922265994e+02 5.000000000e-01 3
403	404	405	406	1	 2.328053845e+02 1.000000000e+00 1
403	404	405	406	1	 6.984161536e+02 5.000000000e-01 3
404	405	406	407	1	 2.254410185e+02 1.000000000e+00 1
404	405	406	407	1	 6.763230555e+02 5.000000000e-01 3
405	406	407	408	1	 2.368828536e+02 1.000000000e+00 1
405	406	407	408	1	 7.106485608e+02 5.000000000e-01 3
406	407	408	409	1	 2.315895705e+02 1.000000000e+00 1
406	407	408	409	1	 6.947687115e+02 5.000000000e-01 3
407	408	409	410	1	 2.345003930e+02 1.000000000e+00 1
407	408	409	410	1	 7.035011789e+02 5.000000000e-01 3
408	409	410	411	1	 2.111557884e+02 1.000000000e+00 1
408	409	410	411	1	 6.334673652e+02 5.000000000e-01 3
409	410	411	412	1	 1.985745342e+02 1.000000000e+00 1
409	410	411	412	1	 5.957236026e+02 5.000000000e-01 3
410	411	412	413	1	 5.132767705e+00 1.000000000e+00 1
410	411	412	413	1	 1.539830312e+01 5.000000000e-01 3
411	412	413	414	1	 2.185112114e+02 1.000000000e+00 1
411	412	413	414	1	 6.555336343e+02 5.000000000e-01 3
412	413	414	415	1	 2.801487615e+02 1.000000000e+00 1
412	413	414	415	1	 8.404462844e+02 5.000000000e-01 3
413	414	415	416	1	 1.601443530e+01 1.000000000e+00 1
413	414	415	416	1	 4.804330589e+01 5.000000000e-01 3
414	415	416	417	1	 4.266326195e+01 1.000000000e+00 1
414	415	416	417	1	 1.279897859e+02 5.000000000e-01 3
415	416	417	418	1	 5.635674013e+01 1.000000000e+00 1
415	416	417	418	1	 1.690702204e+02 5.000000000e-01 3
416	417	418	419	1	 6.812374812e+01 1.000000000e+00 1
416	417	418	419	1	 2.043712444e+02 5.000000000e-01 3
417	418	419	420	1	 2.335980329e+02 1.000000000e+00 1
417	418	419	420	1	 7.007940988e+02 5.000000000e-01 3
418	419	420	421	1	 2.264383513e+02 1.000000000e+00 1
418	419	420	421	1	 6.793150539e+02 5.000000000e-01 3
419	420	421	422	1	 2.325038206e+02 1.000000000e+00 1
419	420	421	422	1	 6.975114619e+02 5.000000000e-01 3
420	421	422	423	1	 2.322366015e+02 1.000000000e+00 1
420	421	422	423	1	 6.967098044e+02 5.000000000e-01 3
421	422	423	424	1	 2.306511925e+02 1.000000000e+00 1
421	422	423	424	1	 6.919535774e+02 5.000000000e-01 3
422	423	424	425	1	 2.291856033e+02 1.000000000e+00 1
422	423	424	425	1	 6.875568099e+02 5.000000000e-01 3
423	424	425	426	1	 2.328164057e+02 1.000000000e+00 1
423	424	425	426	1	 6.984492170e+02 5.000000000e-01 3
424	425	426	427	1	 2.276766457e+02 1.000000000e+00 1
424	425	426	427	1	 6.830299372e+02 5.000000000e-01 3
425	426	427	428	1	 2.326049379e+02 1.000000000e+00 1
425	426	427	428	1	 6.978148136e+02 5.000000000e-01 3
426	427	428	429	1	 2.251050899e+02 1.000000000e+00 1
426	427	428	429	1	 6.753152698e+02 5.000000000e-01 3
427	428	429	430	1	 2.267255188e+02 1.000000000e+00 1
427	428	429	430	1	 6.801765564e+02 5.000000000e-01 3
428	429	430	431	1	 2.310260048e+02 1.000000000e+00 1
428	429	430	431	1	 6.930780143e+02 5.000000000e-01 3
429	430	431	432	1	 2.234557813e+02 1.000000000e+00 1
429	430	431	432	1	 6.703673440e+02 5.000000000e-01 3
430	431	432	433	1	 2.344103943e+02 1.000000000e+00 1
430	431	432	433	1	 7.032311829e+02 5.000000000e-01 3
431	432	433	434	1	 2.236794893e+02 1.000000000e+00 1
431	432	433	434	1	 6.710384678e+02 5.000000000e-01 3
432	433	434	435	1	 2.300693358e+02 1.000000000e+00 1
432	433	434	435	1	 6.902080074e+02 5.000000000e-01 3
433	434	435	436	1	 2.218065538e+02 1.000000000e+00 1
433	434	435	436	1	 6.654196615e+02 5.000000000e-01 3
434	435	436	437	1	 2.279831959e+02 1.000000000e+00 1
434	435	436	437	1	 6.839495878e+02 5.000000000e-01 3
435	436	437	438	1	 2.297891906e+02 1.000000000e+00 1
435	436	437	438	1	 6.893675717e+02 5.000000000e-01 3
436	437	438	439	1	 2.274890799e+02 1.000000000e+00 1
436	437	438	439	1	 6.824672398e+02 5.000000000e-01 3
437	438	439	440	1	 2.289928012e+02 1.000000000e+00 1
437	438	439	440	1	 6.869784037e+02 5.000000000e-01 3
438	439	440	441	1	 2.329465667e+02 1.000000000e+00 1
438	439	440	441	1	 6.988397000e+02 5.000000000e-01 3
439	440	441	442	1	 2.253895428e+02 1.000000000e+00 1
439	440	441	442	1	 6.761686284e+02 5.000000000e-01 3
440	441	442	443	1	 2.331128680e+02 1.000000000e+00 1
440	441	442	443	1	 6.993386040e+02 5.000000000e-01 3
441	442	443	444	1	 2.272700203e+02 1.000000000e+00 1
441	442	443	444	1	 6.818100609e+02 5.000000000e-01 3
442	443	444	445	1	 2.263324156e+02 1.000000000e+00 1
442	443	444	445	1	 6.789972467e+02 5.000000000e-01 3
443	444	445	446	1	 2.357877702e+02 1.000000000e+00 1
443	444	445	446	1	 7.073633105e+02 5.000000000e-01 3
444	445	446	447	1	 2.223657904e+02 1.000000000e+00 1
444	445	446	447	1	 6.670973712e+02 5.000000000e-01 3
445	446	447	448	1	 6.242736178e+01 1.000000000e+00 1
445	446	447	448	1	 1.872820853e+02 5.000000000e-01 3
446	447	448	449	1	 3.218627045e+02 1.000000000e+00 1
446	447	448	449	1	 9.655881134e+02 5.000000000e-01 3
447	448	449	450	1	 1.965962872e+01 1.000000000e+00 1
447	448	449	450	1	 5.897888616e+01 5.000000000e-01 3
448	449	450	451	1	 2.561428542e+02 1.000000000e+00 1
448	449	450	451	1	 7.684285627e+02 5.000000000e-01 3
449	450	451	452	1	 2.978236067e+01 1.000000000e+00 1
449	450	451	452	1	 8.934708201e+01 5.000000000e-01 3
450	451	452	453	1	 3.578040953e+02 1.000000000e+00 1
450	451	452	453	1	 1.073412286e+03 5.000000000e-01 3
451	452	453	454	1	 8.836340173e+01 1.000000000e+00 1
451	452	453	454	1	 2.650902052e+02 5.000000000e-01 3
452	453	454	455	1	 2.446028756e+02 1.000000000e+00 1
452	453	454	455	1	 7.338086268e+02 5.000000000e-01 3
453	454	455	456	1	 2.253153639e+02 1.000000000e+00 1
453	454	455	456	1	 6.759460916e+02 5.000000000e-01 3
454	455	456	457	1	 2.318709104e+02 1.000000000e+00 1
454	455	456	457	1	 6.956127312e+02 5.000000000e-01 3
455	456	457	458	1	 2.299909481e+02 1.000000000e+00 1
455	456	457	458	1	 6.899728443e+02 5.000000000e-01 3
456	457	458	459	1	 2.243525267e+02 1.000000000e+00 1
456	457	458	459	1	 6.730575802e+02 5.000000000e-01 3
457	458	459	460	1	 2.331365021e+02 1.000000000e+00 1
457	458	459	460	1	 6.994095063e+02 5.000000000e-01 3
458	459	460	461	1	 2.321426855e+02 1.000000000e+00 1
458	459	460	461	1	 6.964280566e+02 5.000000000e-01 3
459	460	461	462	1	 2.291304807e+02 1.000000000e+00 1
459	460	461	462	1	 6.873914421e+02 5.000000000e-01 3
460	461	462	463	1	 2.261035913e+02 1.000000000e+00 1
460	461	462	463	1	 6.783107738e+02 5.000000000e-01 3
461	462	463	464	1	 2.178215253e+02 1.000000000e+00 1
461	462	463	464	1	 6.534645758e+02 5.000000000e-01 3
462	463	464	465	1	 2.497040483e+02 1.000000000e+00 1
462	463	464	465	1	 7.491121450e+02 5.000000000e-01 3
463	464	465	466	1	 6.341689261e+01 1.000000000e+00 1
463	464	465	466	1	 1.902506778e+02 5.000000000e-01 3
464	465	466	467	1	 1.043702602e+02 1.000000000e+00 1
464	465	466	467	1	 3.131107806e+02 5.000000000e-01 3
465	466	467	468	1	 2.059229206e+02 1.000000000e+00 1
465	466	467	468	1	 6.177687617e+02 5.000000000e-01 3
466	467	468	469	1	 2.355473264e+02 1.000000000e+00 1
466	467	468	469	1	 7.066419793e+02 5.000000000e-01 3
467	468	469	470	1	 2.268740163e+02 1.000000000e+00 1
467	468	469	470	1	 6.806220488e+02 5.000000000e-01 3
468	469	470	471	1	 2.341342781e+02 1.000000000e+00 1
468	469	470	471	1	 7.024028342e+02 5.000000000e-01 3
469	470	471	472	1	 2.183957242e+02 1.000000000e+00 1
469	470	471	472	1	 6.551871726e+02 5.000000000e-01 3
470	471	472	473	1	 2.334026567e+02 1.000000000e+00 1
470	471	472	473	1	 7.002079701e+02 5.000000000e-01 3
471	472	473	474	1	 2.284545953e+02 1.000000000e+00 1
471	472	473	474	1	 6.853637860e+02 5.000000000e-01 3
472	473	474	475	1	 2.313730452e+02 1.000000000e+00 1
472	473	474	475	1	 6.941191356e+02 5.000000000e-01 3
473	474	475	476	1	 2.235608014e+02 1.000000000e+00 1
473	474	475	476	1	 6.706824041e+02 5.000000000e-01 3
474	475	476	477	1	 2.300254396e+02 1.000000000e+00 1
474	475	476	477	1	 6.900763189e+02 5.000000000e-01 3
475	476	477	478	1	 2.252522469e+02 1.000000000e+00 1
475	476	477	478	1	 6.757567406e+02 5.000000000e-01 3
476	477	478	479	1	 2.313149685e+02 1.000000000e+00 1
476	477	478	479	1	 6.939449054e+02 5.000000000e-01 3
477	478	479	480	1	 2.300593400e+02 1.000000000e+00 1
477	478	479	480	1	 6.901780200e+02 5.000000000e-01 3
478	479	480	481	1	 2.261920511e+02 1.000000000e+00 1
478	479	480	481	1	 6.785761533e+02 5.000000000e-01 3
479	480	481	482	1	 2.315078514e+02 1.000000000e+00 1
479	480	481	482	1	 6.945235541e+02 5.000000000e-01 3
480	481	482	483	1	 2.247252281e+02 1.000000000e+00 1
480	481	482	483	1	 6.741756844e+02 5.000000000e-01 3
481	482	483	484	1	 2.330506453e+02 1.000000000e+00 1
481	482	483	484	1	 6.991519360e+02 5.000000000e-01 3
482	483	484	485	1	 2.252247654e+02 1.000000000e+00 1
482	483	484	485	1	 6.756742963e+02 5.000000000e-01 3
483	484	485	486	1	 2.500450626e+02 1.000000000e+00 1
483	484	485	486	1	 7.501351877e+02 5.000000000e-01 3
484	485	486	487	1	 2.675837946e+02 1.000000000e+00 1
484	485	486	487	1	 8.027513838e+02 5.000000000e-01 3
488	489	490	491	1	 4.777043686e+01 1.000000000e+00 1
488	489	490	491	1	 1.433113106e+02 5.000000000e-01 3
489	490	491	492	1	 2.750227989e+02 1.000000000e+00 1
489	490	491	492	1	 8.250683967e+02 5.000000000e-01 3
490	491	492	493	1	 8.677264612e+01 1.000000000e+00 1
490	491	492	493	1	 2.603179384e+02 5.000000000e-01 3
491	492	493	494	1	 2.911528749e+02 1.000000000e+00 1
491	492	493	494	1	 8.734586246e+02 5.000000000e-01 3
492	493	494	495	1	 3.769856743e+01 1.000000000e+00 1
492	493	494	495	1	 1.130957023e+02 5.000000000e-01 3
493	494	495	496	1	 3.005437735e+02 1.000000000e+00 1
493	494	495	496	1	 9.016313205e+02 5.000000000e-01 3
494	495	496	497	1	 2.701077090e+02 1.000000000e+00 1
494	495	496	497	1	 8.103231269e+02 5.000000000e-01 3
495	496	497	498	1	 1.661968253e+02 1.000000000e+00 1
495	496	497	498	1	 4.985904760e+02 5.000000000e-01 3
496	497	498	499	1	 2.771538789e+02 1.000000000e+00 1
496	497	498	499	1	 8.314616366e+02 5.000000000e-01 3
497	498	499	500	1	 1.330362989e+02 1.000000000e+00 1
497	498	499	500	1	 3.991088966e+02 5.000000000e-01 3
498	499	500	501	1	 2.723201311e+02 1.000000000e+00 1
498	499	500	501	1	 8.169603934e+02 5.000000000e-01 3
499	500	501	502	1	 2.418317162e+02 1.000000000e+00 1
499	500	501	502	1	 7.254951486e+02 5.000000000e-01 3
500	501	502	503	1	 1.377060755e+02 1.000000000e+00 1
500	501	502	503	1	 4.131182266e+02 5.000000000e-01 3
501	502	503	504	1	 1.218420521e+02 1.000000000e+00 1
501	502	503	504	1	 3.655261564e+02 5.000000000e-01 3
502	503	504	505	1	 3.077521683e+02 1.000000000e+00 1
502	503	504	505	1	 9.232565049e+02 5.000000000e-01 3
503	504	505	506	1	 2.420357992e+02 1.000000000e+00 1
503	504	505	506	1	 7.261073975e+02 5.000000000e-01 3
504	505	506	507	1	 2.690767846e+02 1.000000000e+00 1
504	505	506	507	1	 8.072303539e+02 5.000000000e-01 3
505	506	507	508	1	 3.518491802e+02 1.000000000e+00 1
505	506	507	508	1	 1.055547541e+03 5.000000000e-01 3
506	507	508	509	1	 2.258746965e+02 1.000000000e+00 1
506	507	508	509	1	 6.776240896e+02 5.000000000e-01 3
507	508	509	510	1	 1.349358313e+02 1.000000000e+00 1
507	508	509	510	1	 4.048074938e+02 5.000000000e-01 3
508	509	510	511	1	 3.789198949e+01 1.000000000e+00 1
508	509	510	511	1	 1.136759685e+02 5.000000000e-01 3
509	510	511	512	1	 1.774291209e+02 1.000000000e+00 1
509	510	511	512	1	 5.322873628e+02 5.000000000e-01 3
510	511	512	513	1	 2.777506218e+02 1.000000000e+00 1
510	511	512	513	1	 8.332518655e+02 5.000000000e-01 3
511	512	513	514	1	 2.973962812e+02 1.000000000e+00 1
511	512	513	514	1	 8.921888435e+02 5.000000000e-01 3
512	513	514	515	1	 1.499825927e+02 1.000000000e+00 1
512	513	514	515	1	 4.499477782e+02 5.000000000e-01 3
513	514	515	516	1	 1.205234579e+02 1.000000000e+00 1
513	514	515	516	1	 3.615703737e+02 5.000000000e-01 3
514	515	516	517	1	 3.526168309e+02 1.000000000e+00 1
514	515	516	517	1	 1.057850493e+03 5.000000000e-01 3
515	516	517	518	1	 3.810034147e+01 1.000000000e+00 1
515	516	517	518	1	 1.143010244e+02 5.000000000e-01 3
516	517	518	519	1	 2.874533595e+02 1.000000000e+00 1
516	517	518	519	1	 8.623600786e+02 5.000000000e-01 3
517	518	519	520	1	 8.541810296e+01 1.000000000e+00 1
517	518	519	520	1	 2.562543089e+02 5.000000000e-01 3
518	519	520	521	1	 2.886873376e+02 1.000000000e+00 1
518	519	520	521	1	 8.660620129e+02 5.000000000e-01 3
519	520	521	522	1	 2.093706806e+02 1.000000000e+00 1
519	520	521	522	1	 6.281120418e+02 5.000000000e-01 3
520	521	522	523	1	 5.619102832e+01 1.000000000e+00 1
520	521	522	523	1	 1.685730850e+02 5.000000000e-01 3
521	522	523	524	1	 1.307155495e+02 1.000000000e+00 1
521	522	523	524	1	 3.921466486e+02 5.000000000e-01 3
522	523	524	525	1	 4.923808557e+01 1.000000000e+00 1
522	523	524	525	1	 1.477142567e+02 5.000000000e-01 3
523	524	525	526	1	 3.229200356e+02 1.000000000e+00 1
523	524	525	526	1	 9.687601067e+02 5.000000000e-01 3
524	525	526	527	1	 7.486336749e+01 1.000000000e+00 1
524	525	526	527	1	 2.245901025e+02 5.000000000e-01 3
525	526	527	528	1	 3.530698764e+02 1.000000000e+00 1
525	526	527	528	1	 1.059209629e+03 5.000000000e-01 3
526	527	528	529	1	 4.299958363e+01 1.000000000e+00 1
526	527	528	529	1	 1.289987509e+02 5.000000000e-01 3
527	528	529	530	1	 8.054394229e+01 1.000000000e+00 1
527	528	529	530	1	 2.416318269e+02 5.000000000e-01 3
528	529	530	531	1	 9.757209418e+01 1.000000000e+00 1
528	529	530	531	1	 2.927162825e+02 5.000000000e-01 3
529	530	531	532	1	 2.034567987e+02 1.000000000e+00 1
529	530	531	532	1	 6.103703962e+02 5.000000000e-01 3
530	531	532	533	1	 2.723235625e+02 1.000000000e+00 1
530	531	532	533	1	 8.169706874e+02 5.000000000e-01 3
531	532	533	534	1	 2.192895349e+02 1.000000000e+00 1
531	532	533	534	1	 6.578686048e+02 5.000000000e-01 3
532	533	534	535	1	 2.377439869e+02 1.000000000e+00 1
532	533	534	535	1	 7.132319606e+02 5.000000000e-01 3
533	534	535	536	1	 2.258005399e+02 1.000000000e+00 1
533	534	535	536	1	 6.774016198e+02 5.000000000e-01 3
534	535	536	537	1	 2.340851645e+02 1.000000000e+00 1
534	535	536	537	1	 7.022554936e+02 5.000000000e-01 3
535	536	537	538	1	 2.286044948e+02 1.000000000e+00 1
535	536	537	538	1	 6.858134845e+02 5.000000000e-01 3
536	537	538	539	1	 2.351101437e+02 1.000000000e+00 1
536	537	538	539	1	 7.053304312e+02 5.000000000e-01 3
537	538	539	540	1	 2.256482871e+02 1.000000000e+00 1
537	538	539	540	1	 6.769448612e+02 5.000000000e-01 3
538	539	540	541	1	 2.295244358e+02 1.000000000e+00 1
538	539	540	541	1	 6.885733075e+02 5.000000000e-01 3
539	540	541	542	1	 2.206513829e+02 1.000000000e+00 1
539	540	541	542	1	 6.619541488e+02 5.000000000e-01 3
540	541	542	543	1	 2.370774303e+02 1.000000000e+00 1
540	541	542	543	1	 7.112322909e+02 5.000000000e-01 3
541	542	543	544	1	 2.309285643e+02 1.000000000e+00 1
541	542	543	544	1	 6.927856928e+02 5.000000000e-01 3
542	543	544	545	1	 2.438201720e+02 1.000000000e+00 1
542	543	544	545	1	 7.314605159e+02 5.000000000e-01 3
543	544	545	546	1	 1.978916588e+01 1.000000000e+00 1
543	544	545	546	1	 5.936749764e+01 5.000000000e-01 3
544	545	546	547	1	 3.052643638e+02 1.000000000e+00 1
544	545	546	547	1	 9.157930913e+02 5.000000000e-01 3
545	546	547	548	1	 8.504537300e+01 1.000000000e+00 1
545	546	547	548	1	 2.551361190e+02 5.000000000e-01 3
546	547	548	549	1	 2.522406344e+01 1.000000000e+00 1
546	547	548	549	1	 7.567219032e+01 5.000000000e-01 3
547	548	549	550	1	 2.558297177e+02 1.000000000e+00 1
547	548	549	550	1	 7.674891531e+02 5.000000000e-01 3
548	549	550	551	1	 7.851312311e+01 1.000000000e+00 1
548	549	550	551	1	 2.355393693e+02 5.000000000e-01 3
549	550	551	552	1	 4.961008208e+01 1.000000000e+00 1
549	550	551	552	1	 1.488302462e+02 5.000000000e-01 3
550	551	552	553	1	 2.236375607e+02 1.000000000e+00 1
550	551	552	553	1	 6.709126821e+02 5.000000000e-01 3
551	552	553	554	1	 2.311026315e+02 1.000000000e+00 1
551	552	553	554	1	 6.933078944e+02 5.000000000e-01 3
552	553	554	555	1	 2.278662514e+02 1.000000000e+00 1
552	553	554	555	1	 6.835987543e+02 5.000000000e-01 3
553	554	555	556	1	 2.346516009e+02 1.000000000e+00 1
553	554	555	556	1	 7.039548026e+02 5.000000000e-01 3
554	555	556	557	1	 2.302595409e+02 1.000000000e+00 1
554	555	556	557	1	 6.907786228e+02 5.000000000e-01 3
555	556	557	558	1	 2.321521371e+02 1.000000000e+00 1
555	556	557	558	1	 6.964564112e+02 5.000000000e-01 3
556	557	558	559	1	 2.282528975e+02 1.000000000e+00 1
556	557	558	559	1	 6.847586925e+02 5.000000000e-01 3
557	558	559	560	1	 2.265805076e+02 1.000000000e+00 1
557	558	559	560	1	 6.797415229e+02 5.000000000e-01 3
558	559	560	561	1	 2.307531286e+02 1.000000000e+00 1
558	559	560	561	1	 6.922593858e+02 5.000000000e-01 3
559	560	561	562	1	 2.238346617e+02 1.000000000e+00 1
559	560	561	562	1	 6.715039851e+02 5.000000000e-01 3
560	561	562	563	1	 2.273402796e+02 1.000000000e+00 1
560	561	562	563	1	 6.820208389e+02 5.000000000e-01 3
561	562	563	564	1	 2.365949362e+02 1.000000000e+00 1
561	562	563	564	1	 7.097848086e+02 5.000000000e-01 3
562	563	564	565	1	 2.365348082e+02 1.000000000e+00 1
562	563	564	565	1	 7.096044246e+02 5.000000000e-01 3
563	564	565	566	1	 2.223649931e+02 1.000000000e+00 1
563	564	565	566	1	 6.670949792e+02 5.000000000e-01 3
564	565	566	567	1	 1.794251032e+02 1.000000000e+00 1
564	565	566	567	1	 5.382753097e+02 5.000000000e-01 3
565	566	567	568	1	 4.568125201e+01 1.000000000e+00 1
565	566	567	568	1	 1.370437560e+02 5.000000000e-01 3
566	567	568	569	1	 2.115018814e+02 1.000000000e+00 1
566	567	568	569	1	 6.345056443e+02 5.000000000e-01 3
567	568	569	570	1	 3.327507576e+02 1.000000000e+00 1
567	568	569	570	1	 9.982522727e+02 5.000000000e-01 3
568	569	570	571	1	 1.899513890e+01 1.000000000e+00 1
568	569	570	571	1	 5.698541670e+01 5.000000000e-01 3
569	570	571	572	1	 3.766730009e+01 1.000000000e+00 1
569	570	571	572	1	 1.130019003e+02 5.000000000e-01 3
570	571	572	573	1	 5.238030482e+01 1.000000000e+00 1
570	571	572	573	1	 1.571409145e+02 5.000000000e-01 3
571	572	573	574	1	 5.546202530e+01 1.000000000e+00 1
571	572	573	574	1	 1.663860759e+02 5.000000000e-01 3
572	573	574	575	1	 2.358271800e+02 1.000000000e+00 1
572	573	574	575	1	 7.074815399e+02 5.000000000e-01 3
573	574	575	576	1	 2.411967807e+02 1.000000000e+00 1
573	574	575	576	1	 7.235903421e+02 5.000000000e-01 3
574	575	576	577	1	 2.246145950e+02 1.000000000e+00 1
574	575	576	577	1	 6.738437850e+02 5.000000000e-01 3
575	576	577	578	1	 2.296681479e+02 1.000000000e+00 1
575	576	577	578	1	 6.890044437e+02 5.000000000e-01 3
576	577	578	579	1	 2.332291441e+02 1.000000000e+00 1
576	577	578	579	1	 6.996874322e+02 5.000000000e-01 3
577	578	579	580	1	 2.275498667e+02 1.000000000e+00 1
577	578	579	580	1	 6.826496000e+02 5.000000000e-01 3
578	579	580	581	1	 2.285127012e+02 1.000000000e+00 1
578	579	580	581	1	 6.855381035e+02 5.000000000e-01 3
579	580	581	582	1	 2.289856318e+02 1.000000000e+00 1
579	580	581	582	1	 6.869568955e+02 5.000000000e-01 3
580	581	582	583	1	 2.238759432e+02 1.000000000e+00 1
580	581	582	583	1	 6.716278297e+02 5.000000000e-01 3
581	582	583	584	1	 2.310059155e+02 1.000000000e+00 1
581	582	583	584	1	 6.930177466e+02 5.000000000e-01 3
582	583	584	585	1	 2.254997954e+02 1.000000000e+00 1
582	583	584	585	1	 6.764993861e+02 5.000000000e-01 3
583	584	585	586	1	 2.297827547e+02 1.000000000e+00 1
583	584	585	586	1	 6.893482641e+02 5.000000000e-01 3
584	585	586	587	1	 2.309493984e+02 1.000000000e+00 1
584	585	586	587	1	 6.928481952e+02 5.000000000e-01 3
585	586	587	588	1	 2.239712000e+02 1.000000000e+00 1
585	586	587	588	1	 6.719136000e+02 5.000000000e-01 3
586	587	588	589	1	 2.312546565e+02 1.000000000e+00 1
586	587	588	589	1	 6.937639695e+02 5.000000000e-01 3
587	588	589	590	1	 2.265682716e+02 1.000000000e+00 1
587	588	589	590	1	 6.797048149e+02 5.000000000e-01 3
588	589	590	591	1	 2.316968791e+02 1.000000000e+00 1
588	589	590	591	1	 6.950906372e+02 5.000000000e-01 3
589	590	591	592	1	 2.324789096e+02 1.000000000e+00 1
589	590	591	592	1	 6.974367288e+02 5.000000000e-01 3
590	591	592	593	1	 2.349925549e+02 1.000000000e+00 1
590	591	592	593	1	 7.049776647e+02 5.000000000e-01 3
591	592	593	594	1	 2.222204877e+02 1.000000000e+00 1
591	592	593	594	1	 6.666614632e+02 5.000000000e-01 3
592	593	594	595	1	 2.325664264e+02 1.000000000e+00 1
592	593	594	595	1	 6.976992792e+02 5.000000000e-01 3
593	594	595	596	1	 2.326248930e+02 1.000000000e+00 1
593	594	595	596	1	 6.978746791e+02 5.000000000e-01 3
594	595	596	597	1	 2.334490973e+02 1.000000000e+00 1
594	595	596	597	1	 7.003472920e+02 5.000000000e-01 3
595	596	597	598	1	 2.302125347e+02 1.000000000e+00 1
595	596	597	598	1	 6.906376040e+02 5.000000000e-01 3
596	597	598	599	1	 2.282468665e+02 1.000000000e+00 1
596	597	598	599	1	 6.847405994e+02 5.000000000e-01 3
597	598	599	600	1	 2.281139104e+02 1.000000000e+00 1
597	598	599	600	1	 6.843417311e+02 5.000000000e-01 3
598	599	600	601	1	 2.390237468e+02 1.000000000e+00 1
598	599	600	601	1	 7.170712404e+02 5.000000000e-01 3
599	600	601	602	1	 2.299621646e+02 1.000000000e+00 1
599	600	601	602	1	 6.898864939e+02 5.000000000e-01 3
600	601	602	603	1	 7.601603697e+01 1.000000000e+00 1
600	601	602	603	1	 2.280481109e+02 5.000000000e-01 3
601	602	603	604	1	 2.986402477e+02 1.000000000e+00 1
601	602	603	604	1	 8.959207430e+02 5.000000000e-01 3
602	603	604	605	1	 1.967463834e+01 1.000000000e+00 1
602	603	604	605	1	 5.902391502e+01 5.000000000e-01 3
603	604	605	606	1	 2.658589335e+02 1.000000000e+00 1
603	604	605	606	1	 7.975768005e+02 5.000000000e-01 3
604	605	606	607	1	 4.243541276e+01 1.000000000e+00 1
604	605	606	607	1	 1.273062383e+02 5.000000000e-01 3
605	606	607	608	1	 4.458633514e+00 1.000000000e+00 1
605	606	607	608	1	 1.337590054e+01 5.000000000e-01 3
606	607	608	609	1	 8.415950814e+01 1.000000000e+00 1
606	607	608	609	1	 2.524785244e+02 5.000000000e-01 3
607	608	609	610	1	 2.393193153e+02 1.000000000e+00 1
607	608	609	610	1	 7.179579460e+02 5.000000000e-01 3
608	609	610	611	1	 2.339311693e+02 1.000000000e+00 1
608	609	610	611	1	 7.017935080e+02 5.000000000e-01 3
609	610	611	612	1	 2.265365536e+02 1.000000000e+00 1
609	610	611	612	1	 6.796096608e+02 5.000000000e-01 3
610	611	612	613	1	 2.302962396e+02 1.000000000e+00 1
610	611	612	613	1	 6.908887187e+02 5.000000000e-01 3
611	612	613	614	1	 2.292041528e+02 1.000000000e+00 1
611	612	613	614	1	 6.876124584e+02 5.000000000e-01 3
612	613	614	615	1	 2.287105536e+02 1.000000000e+00 1
612	613	614	615	1	 6.861316609e+02 5.000000000e-01 3
613	614	615	616	1	 2.277392641e+02 1.000000000e+00 1
613	614	615	616	1	 6.832177924e+02 5.000000000e-01 3
614	615	616	617	1	 2.304392360e+02 1.000000000e+00 1
614	615	616	617	1	 6.913177081e+02 5.000000000e-01 3
615	616	617	618	1	 2.258146052e+02 1.000000000e+00 1
615	616	617	618	1	 6.774438157e+02 5.000000000e-01 3
616	617	618	619	1	 2.358050439e+02 1.000000000e+00 1
616	617	618	619	1	 7.074151316e+02 5.000000000e-01 3
617	618	619	620	1	 6.218472052e+01 1.000000000e+00 1
617	618	619	620	1	 1.865541615e+02 5.000000000e-01 3
618	619	620	621	1	 2.972994775e+02 1.000000000e+00 1
618	619	620	621	1	 8.918984326e+02 5.000000000e-01 3
619	620	621	622	1	 1.959132474e+02 1.000000000e+00 1
619	620	621	622	1	 5.877397421e+02 5.000000000e-01 3
623	624	625	626	1	 2.849088887e+02 1.000000000e+00 1
623	624	625	626	1	 8.547266660e+02 5.000000000e-01 3
624	625	626	627	1	 2.585318426e+02 1.000000000e+00 1
624	625	626	627	1	 7.755955277e+02 5.000000000e-01 3
625	626	627	628	1	 8.531194265e+01 1.000000000e+00 1
625	626	627	628	1	 2.559358279e+02 5.000000000e-01 3
626	627	628	629	1	 3.536857927e+02 1.000000000e+00 1
626	627	628	629	1	 1.061057378e+03 5.000000000e-01 3
627	628	629	630	1	 3.047639717e+02 1.000000000e+00 1
627	628	629	630	1	 9.142919150e+02 5.000000000e-01 3
628	629	630	631	1	 2.199214095e+02 1.000000000e+00 1
628	629	630	631	1	 6.597642286e+02 5.000000000e-01 3
629	630	631	632	1	 9.431151490e+01 1.000000000e+00 1
629	630	631	632	1	 2.829345447e+02 5.000000000e-01 3
630	631	632	633	1	 1.650610697e+02 1.000000000e+00 1
630	631	632	633	1	 4.951832090e+02 5.000000000e-01 3
631	632	633	634	1	 3.092379862e+02 1.000000000e+00 1
631	632	633	634	1	 9.277139587e+02 5.000000000e-01 3
632	633	634	635	1	 2.045180777e+01 1.000000000e+00 1
632	633	634	635	1	 6.135542331e+01 5.000000000e-01 3
633	634	635	636	1	 4.282309460e+01 1.000000000e+00 1
633	634	635	636	1	 1.284692838e+02 5.000000000e-01 3
634	635	636	637	1	 2.577379063e+02 1.000000000e+00 1
634	635	636	637	1	 7.732137189e+02 5.000000000e-01 3
635	636	637	638	1	 1.022224983e+02 1.000000000e+00 1
635	636	637	638	1	 3.066674950e+02 5.000000000e-01 3
636	637	638	639	1	 2.975415266e+02 1.000000000e+00 1
636	637	638	639	1	 8.926245797e+02 5.000000000e-01 3
637	638	639	640	1	 2.745406451e+02 1.000000000e+00 1
637	638	639	640	1	 8.236219352e+02 5.000000000e-01 3
638	639	640	641	1	 1.189255416e+01 1.000000000e+00 1
638	639	640	641	1	 3.567766248e+01 5.000000000e-01 3
639	640	641	642	1	 3.123191735e+02 1.000000000e+00 1
639	640	641	642	1	 9.369575204e+02 5.000000000e-01 3
640	641	642	643	1	 1.898689422e+01 1.000000000e+00 1
640	641	642	643	1	 5.696068267e+01 5.000000000e-01 3
641	642	643	644	1	 1.020261525e+02 1.000000000e+00 1
641	642	643	644	1	 3.060784575e+02 5.000000000e-01 3
642	643	644	645	1	 4.004665346e+01 1.000000000e+00 1
642	643	644	645	1	 1.201399604e+02 5.000000000e-01 3
643	644	645	646	1	 3.277136527e+02 1.000000000e+00 1
643	644	645	646	1	 9.831409582e+02 5.000000000e-01 3
644	645	646	647	1	 1.914442620e+02 1.000000000e+00 1
644	645	646	647	1	 5.743327859e+02 5.000000000e-01 3
645	646	647	648	1	 3.233996002e+02 1.000000000e+00 1
645	646	647	648	1	 9.701988006e+02 5.000000000e-01 3
646	647	648	649	1	 2.591608018e+02 1.000000000e+00 1
646	647	648	649	1	 7.774824053e+02 5.000000000e-01 3
647	648	649	650	1	 2.450028882e+02 1.000000000e+00 1
647	648	649	650	1	 7.350086647e+02 5.000000000e-01 3
648	649	650	651	1	 2.547769375e+02 1.000000000e+00 1
648	649	650	651	1	 7.643308125e+02 5.000000000e-01 3
649	650	651	652	1	 2.627134054e+02 1.000000000e+00 1
649	650	651	652	1	 7.881402163e+02 5.000000000e-01 3
650	651	652	653	1	 2.262886526e+01 1.000000000e+00 1
650	651	652	653	1	 6.788659577e+01 5.000000000e-01 3
651	652	653	654	1	 6.856509987e+01 1.000000000e+00 1
651	652	653	654	1	 2.056952996e+02 5.000000000e-01 3
652	653	654	655	1	 2.304761543e+02 1.000000000e+00 1
652	653	654	655	1	 6.914284630e+02 5.000000000e-01 3
653	654	655	656	1	 2.299124705e+02 1.000000000e+00 1
653	654	655	656	1	 6.897374114e+02 5.000000000e-01 3
654	655	656	657	1	 2.255934433e+02 1.000000000e+00 1
654	655	656	657	1	 6.767803299e+02 5.000000000e-01 3
655	656	657	658	1	 2.339497872e+02 1.000000000e+00 1
655	656	657	658	1	 7.018493616e+02 5.000000000e-01 3
656	657	658	659	1	 2.299546258e+02 1.000000000e+00 1
656	657	658	659	1	 6.898638773e+02 5.000000000e-01 3
657	658	659	660	1	 2.281038663e+02 1.000000000e+00 1
657	658	659	660	1	 6.843115989e+02 5.000000000e-01 3
658	659	660	661	1	 2.300512333e+02 1.000000000e+00 1
658	659	660	661	1	 6.901536998e+02 5.000000000e-01 3
659	660	661	662	1	 2.329222167e+02 1.000000000e+00 1
659	660	661	662	1	 6.987666500e+02 5.000000000e-01 3
660	661	662	663	1	 2.283196637e+02 1.000000000e+00 1
660	661	662	663	1	 6.849589910e+02 5.000000000e-01 3
661	662	663	664	1	 2.364914443e+02 1.000000000e+00 1
661	662	663	664	1	 7.094743329e+02 5.000000000e-01 3
662	663	664	665	1	 7.120987936e+01 1.000000000e+00 1
662	663	664	665	1	 2.136296381e+02 5.000000000e-01 3
663	664	665	666	1	 3.314520447e+02 1.000000000e+00 1
663	664	665	666	1	 9.943561341e+02 5.000000000e-01 3
664	665	666	667	1	 1.466759231e+00 1.000000000e+00 1
664	665	666	667	1	 4.400277694e+00 5.000000000e-01 3
665	666	667	668	1	 2.088125920e+02 1.000000000e+00 1
665	666	667	668	1	 6.264377761e+02 5.000000000e-01 3
666	667	668	669	1	 1.622421463e+01 1.000000000e+00 1
666	667	668	669	1	 4.867264389e+01 5.000000000e-01 3
667	668	669	670	1	 5.052489526e+01 1.000000000e+00 1
667	668	669	670	1	 1.515746858e+02 5.000000000e-01 3
668	669	670	671	1	 6.466863141e+01 1.000000000e+00 1
668	669	670	671	1	 1.940058942e+02 5.000000000e-01 3
669	670	671	672	1	 2.381513607e+02 1.000000000e+00 1
669	670	671	672	1	 7.144540822e+02 5.000000000e-01 3
670	671	672	673	1	 2.649186227e+02 1.000000000e+00 1
670	671	672	673	1	 7.947558681e+02 5.000000000e-01 3
671	672	673	674	1	 2.417680587e+02 1.000000000e+00 1
671	672	673	674	1	 7.253041761e+02 5.000000000e-01 3
672	673	674	675	1	 2.198052982e+02 1.000000000e+00 1
672	673	674	675	1	 6.594158947e+02 5.000000000e-01 3
673	674	675	676	1	 2.343202372e+02 1.000000000e+00 1
673	674	675	676	1	 7.029607117e+02 5.000000000e-01 3
674	675	676	677	1	 2.287819233e+02 1.000000000e+00 1
674	675	676	677	1	 6.863457699e+02 5.000000000e-01 3
675	676	677	678	1	 2.324368527e+02 1.000000000e+00 1
675	676	677	678	1	 6.973105580e+02 5.000000000e-01 3
676	677	678	679	1	 2.303614571e+02 1.000000000e+00 1
676	677	678	679	1	 6.910843712e+02 5.000000000e-01 3
677	678	679	680	1	 2.267581732e+02 1.000000000e+00 1
677	678	679	680	1	 6.802745197e+02 5.000000000e-01 3
678	679	680	681	1	 2.291729361e+02 1.000000000e+00 1
678	679	680	681	1	 6.875188084e+02 5.000000000e-01 3
679	680	681	682	1	 2.347518330e+02 1.000000000e+00 1
679	680	681	682	1	 7.042554991e+02 5.000000000e-01 3
680	681	682	683	1	 2.259238167e+02 1.000000000e+00 1
680	681	682	683	1	 6.777714501e+02 5.000000000e-01 3
681	682	683	684	1	 2.304115953e+02 1.000000000e+00 1
681	682	683	684	1	 6.912347858e+02 5.000000000e-01 3
682	683	684	685	1	 2.230058447e+02 1.000000000e+00 1
682	683	684	685	1	 6.690175342e+02 5.000000000e-01 3
683	684	685	686	1	 2.346414494e+02 1.000000000e+00 1
683	684	685	686	1	 7.039243481e+02 5.000000000e-01 3
684	685	686	687	1	 2.282060769e+02 1.000000000e+00 1
684	685	686	687	1	 6.846182307e+02 5.000000000e-01 3
685	686	687	688	1	 2.201930369e+02 1.000000000e+00 1
685	686	687	688	1	 6.605791108e+02 5.000000000e-01 3
686	687	688	689	1	 2.281170138e+02 1.000000000e+00 1
686	687	688	689	1	 6.843510415e+02 5.000000000e-01 3
687	688	689	690	1	 2.379233530e+02 1.000000000e+00 1
687	688	689	690	1	 7.137700591e+02 5.000000000e-01 3
688	689	690	691	1	 2.197308267e+02 1.000000000e+00 1
688	689	690	691	1	 6.591924802e+02 5.000000000e-01 3
689	690	691	692	1	 2.338575972e+02 1.000000000e+00 1
689	690	691	692	1	 7.015727915e+02 5.000000000e-01 3
690	691	692	693	1	 2.264095778e+02 1.000000000e+00 1
690	691	692	693	1	 6.792287335e+02 5.000000000e-01 3
691	692	693	694	1	 2.373498633e+02 1.000000000e+00 1
691	692	693	694	1	 7.120495899e+02 5.000000000e-01 3
692	693	694	695	1	 2.261345943e+02 1.000000000e+00 1
692	693	694	695	1	 6.784037829e+02 5.000000000e-01 3
693	694	695	696	1	 2.313490102e+02 1.000000000e+00 1
693	694	695	696	1	 6.940470305e+02 5.000000000e-01 3
694	695	696	697	1	 2.242051407e+02 1.000000000e+00 1
694	695	696	697	1	 6.726154220e+02 5.000000000e-01 3
695	696	697	698	1	 2.364558328e+02 1.000000000e+00 1
695	696	697	698	1	 7.093674984e+02 5.000000000e-01 3
696	697	698	699	1	 2.301674342e+02 1.000000000e+00 1
696	697	698	699	1	 6.905023026e+02 5.000000000e-01 3
697	698	699	700	1	 6.005525927e+01 1.000000000e+00 1
697	698	699	700	1	 1.801657778e+02 5.000000000e-01 3
698	699	700	701	1	 3.180163816e+02 1.000000000e+00 1
698	699	700	701	1	 9.540491448e+02 5.000000000e-01 3
699	700	701	702	1	 2.377928094e+01 1.000000000e+00 1
699	700	701	702	1	 7.133784281e+01 5.000000000e-01 3
700	701	702	703	1	 2.566347184e+02 1.000000000e+00 1
700	701	702	703	1	 7.699041552e+02 5.000000000e-01 3
701	702	703	704	1	 4.557475036e+01 1.000000000e+00 1
701	702	703	704	1	 1.367242511e+02 5.000000000e-01 3
702	703	704	705	1	 2.782269755e+01 1.000000000e+00 1
702	703	704	705	1	 8.346809265e+01 5.000000000e-01 3
703	704	705	706	1	 6.500450759e+01 1.000000000e+00 1
703	704	705	706	1	 1.950135228e+02 5.000000000e-01 3
704	705	706	707	1	 2.370473300e+02 1.000000000e+00 1
704	705	706	707	1	 7.111419899e+02 5.000000000e-01 3
705	706	707	708	1	 2.352232504e+02 1.000000000e+00 1
705	706	707	708	1	 7.056697512e+02 5.000000000e-01 3
706	707	708	709	1	 2.248669493e+02 1.000000000e+00 1
706	707	708	709	1	 6.746008478e+02 5.000000000e-01 3
707	708	709	710	1	 2.316155042e+02 1.000000000e+00 1
707	708	709	710	1	 6.948465126e+02 5.000000000e-01 3
708	709	710	711	1	 2.254720699e+02 1.000000000e+00 1
708	709	710	711	1	 6.764162096e+02 5.000000000e-01 3
709	710	711	712	1	 2.303821287e+02 1.000000000e+00 1
709	710	711	712	1	 6.911463860e+02 5.000000000e-01 3
710	711	712	713	1	 2.279318375e+02 1.000000000e+00 1
710	711	712	713	1	 6.837955125e+02 5.000000000e-01 3
711	712	713	714	1	 2.314881080e+02 1.000000000e+00 1
711	712	713	714	1	 6.944643241e+02 5.000000000e-01 3
712	713	714	715	1	 2.330184907e+02 1.000000000e+00 1
712	713	714	715	1	 6.990554722e+02 5.000000000e-01 3
713	714	715	716	1	 2.316762743e+02 1.000000000e+00 1
713	714	715	716	1	 6.950288229e+02 5.000000000e-01 3
714	715	716	717	1	 7.337660214e+01 1.000000000e+00 1
714	715	716	717	1	 2.201298064e+02 5.000000000e-01 3
715	716	717	718	1	 2.940887795e+02 1.000000000e+00 1
715	716	717	718	1	 8.822663386e+02 5.000000000e-01 3
716	717	718	719	1	 1.001124666e+01 1.000000000e+00 1
716	717	718	719	1	 3.003373997e+01 5.000000000e-01 3
717	718	719	720	1	 2.121285098e+01 1.000000000e+00 1
717	718	719	720	1	 6.363855294e+01 5.000000000e-01 3
718	719	720	721	1	 1.970721755e+01 1.000000000e+00 1
718	719	720	721	1	 5.912165265e+01 5.000000000e-01 3
719	720	721	722	1	 2.310176226e+02 1.000000000e+00 1
719	720	721	722	1	 6.930528679e+02 5.000000000e-01 3
720	721	722	723	1	 2.552869795e+02 1.000000000e+00 1
720	721	722	723	1	 7.658609385e+02 5.000000000e-01 3
721	722	723	724	1	 9.956586467e+01 1.000000000e+00 1
721	722	723	724	1	 2.986975940e+02 5.000000000e-01 3
725	726	727	728	1	 3.145245453e+02 1.000000000e+00 1
725	726	727	728	1	 9.435736360e+02 5.000000000e-01 3
726	727	728	729	1	 5.568827763e+01 1.000000000e+00 1
726	727	728	729	1	 1.670648329e+02 5.000000000e-01 3
727	728	729	730	1	 2.056302798e+02 1.000000000e+00 1
727	728	729	730	1	 6.168908393e+02 5.000000000e-01 3
728	729	730	731	1	 7.175050467e+01 1.000000000e+00 1
728	729	730	731	1	 2.152515140e+02 5.000000000e-01 3
729	730	731	732	1	 3.181613188e+02 1.000000000e+00 1
729	730	731	732	1	 9.544839564e+02 5.000000000e-01 3
730	731	732	733	1	 2.411913749e+02 1.000000000e+00 1
730	731	732	733	1	 7.235741248e+02 5.000000000e-01 3
731	732	733	734	1	 2.251103837e+02 1.000000000e+00 1
731	732	733	734	1	 6.753311512e+02 5.000000000e-01 3
732	733	734	735	1	 2.083443782e+02 1.000000000e+00 1
732	733	734	735	1	 6.250331346e+02 5.000000000e-01 3
733	734	735	736	1	 3.441684598e+02 1.000000000e+00 1
733	734	735	736	1	 1.032505379e+03 5.000000000e-01 3
734	735	736	737	1	 2.811180974e+02 1.000000000e+00 1
734	735	736	737	1	 8.433542923e+02 5.000000000e-01 3
735	736	737	738	1	 1.124013023e+02 1.000000000e+00 1
735	736	737	738	1	 3.372039069e+02 5.000000000e-01 3
736	737	738	739	1	 4.509283307e+00 1.000000000e+00 1
736	737	738	739	1	 1.352784992e+01 5.000000000e-01 3
737	738	739	740	1	 1.750848663e+02 1.000000000e+00 1
737	738	739	740	1	 5.252545989e+02 5.000000000e-01 3
738	739	740	741	1	 5.888108478e+01 1.000000000e+00 1
738	739	740	741	1	 1.766432543e+02 5.000000000e-01 3
739	740	741	742	1	 6.305719694e+01 1.000000000e+00 1
739	740	741	742	1	 1.891715908e+02 5.000000000e-01 3
740	741	742	743	1	 2.367244590e+02 1.000000000e+00 1
740	741	742	743	1	 7.101733770e+02 5.000000000e-01 3
741	742	743	744	1	 2.292067970e+02 1.000000000e+00 1
741	742	743	744	1	 6.876203909e+02 5.000000000e-01 3
742	743	744	745	1	 2.305393004e+02 1.000000000e+00 1
742	743	744	745	1	 6.916179013e+02 5.000000000e-01 3
743	744	745	746	1	 2.279173784e+02 1.000000000e+00 1
743	744	745	746	1	 6.837521353e+02 5.000000000e-01 3
744	745	746	747	1	 6.199607944e+01 1.000000000e+00 1
744	745	746	747	1	 1.859882383e+02 5.000000000e-01 3
745	746	747	748	1	 3.183305310e+02 1.000000000e+00 1
745	746	747	748	1	 9.549915930e+02 5.000000000e-01 3
746	747	748	749	1	 2.101292012e+01 1.000000000e+00 1
746	747	748	749	1	 6.303876035e+01 5.000000000e-01 3
747	748	749	750	1	 2.669692785e+02 1.000000000e+00 1
747	748	749	750	1	 8.009078356e+02 5.000000000e-01 3
748	749	750	751	1	 7.916270644e+01 1.000000000e+00 1
748	749	750	751	1	 2.374881193e+02 5.000000000e-01 3
749	750	751	752	1	 4.217485832e+00 1.000000000e+00 1
749	750	751	752	1	 1.265245750e+01 5.000000000e-01 3
750	751	752	753	1	 2.319894207e+02 1.000000000e+00 1
750	751	752	753	1	 6.959682622e+02 5.000000000e-01 3
751	752	753	754	1	 2.280349467e+02 1.000000000e+00 1
751	752	753	754	1	 6.841048401e+02 5.000000000e-01 3
752	753	754	755	1	 2.304366506e+02 1.000000000e+00 1
752	753	754	755	1	 6.913099518e+02 5.000000000e-01 3
753	754	755	756	1	 2.308147485e+02 1.000000000e+00 1
753	754	755	756	1	 6.924442454e+02 5.000000000e-01 3
754	755	756	757	1	 2.263532246e+02 1.000000000e+00 1
754	755	756	757	1	 6.790596737e+02 5.000000000e-01 3
755	756	757	758	1	 2.310296873e+02 1.000000000e+00 1
755	756	757	758	1	 6.930890620e+02 5.000000000e-01 3
756	757	758	759	1	 2.310954127e+02 1.000000000e+00 1
756	757	758	759	1	 6.932862381e+02 5.000000000e-01 3
757	758	759	760	1	 2.272612600e+02 1.000000000e+00 1
757	758	759	760	1	 6.817837800e+02 5.000000000e-01 3
758	759	760	761	1	 2.233091564e+02 1.000000000e+00 1
758	759	760	761	1	 6.699274693e+02 5.000000000e-01 3
759	760	761	762	1	 2.515544278e+02 1.000000000e+00 1
759	760	761	762	1	 7.546632833e+02 5.000000000e-01 3
760	761	762	763	1	 5.063279342e+01 1.000000000e+00 1
760	761	762	763	1	 1.518983803e+02 5.000000000e-01 3
761	762	763	764	1	 3.196147684e+02 1.000000000e+00 1
761	762	763	764	1	 9.588443052e+02 5.000000000e-01 3
762	763	764	765	1	 1.663633535e+02 1.000000000e+00 1
762	763	764	765	1	 4.990900605e+02 5.000000000e-01 3
763	764	765	766	1	 7.423183816e+01 1.000000000e+00 1
763	764	765	766	1	 2.226955145e+02 5.000000000e-01 3
764	765	766	767	1	 2.024509437e+02 1.000000000e+00 1
764	765	766	767	1	 6.073528310e+02 5.000000000e-01 3
765	766	767	768	1	 2.646468571e+01 1.000000000e+00 1
765	766	767	768	1	 7.939405713e+01 5.000000000e-01 3
766	767	768	769	1	 4.693531993e+01 1.000000000e+00 1
766	767	768	769	1	 1.408059598e+02 5.000000000e-01 3
767	768	769	770	1	 6.579787043e+01 1.000000000e+00 1
767	768	769	770	1	 1.973936113e+02 5.000000000e-01 3
768	769	770	771	1	 2.310012566e+02 1.000000000e+00 1
768	769	770	771	1	 6.930037697e+02 5.000000000e-01 3
769	770	771	772	1	 2.568487859e+02 1.000000000e+00 1
769	770	771	772	1	 7.705463576e+02 5.000000000e-01 3
770	771	772	773	1	 2.244462022e+02 1.000000000e+00 1
770	771	772	773	1	 6.733386066e+02 5.000000000e-01 3
771	772	773	774	1	 2.318763040e+02 1.000000000e+00 1
771	772	773	774	1	 6.956289121e+02 5.000000000e-01 3
772	773	774	775	1	 2.244692978e+02 1.000000000e+00 1
772	773	774	775	1	 6.734078933e+02 5.000000000e-01 3
773	774	775	776	1	 2.254352666e+02 1.000000000e+00 1
773	774	775	776	1	 6.763057999e+02 5.000000000e-01 3
774	775	776	777	1	 2.323837353e+02 1.000000000e+00 1
774	775	776	777	1	 6.971512058e+02 5.000000000e-01 3
775	776	777	778	1	 2.318205007e+02 1.000000000e+00 1
775	776	777	778	1	 6.954615020e+02 5.000000000e-01 3
776	777	778	779	1	 2.280576268e+02 1.000000000e+00 1
776	777	778	779	1	 6.841728804e+02 5.000000000e-01 3
777	778	779	780	1	 2.293715668e+02 1.000000000e+00 1
777	778	779	780	1	 6.881147004e+02 5.000000000e-01 3
778	779	780	781	1	 2.272212809e+02 1.000000000e+00 1
778	779	780	781	1	 6.816638426e+02 5.000000000e-01 3
779	780	781	782	1	 2.311635054e+02 1.000000000e+00 1
779	780	781	782	1	 6.934905162e+02 5.000000000e-01 3
780	781	782	783	1	 2.269008985e+02 1.000000000e+00 1
780	781	782	783	1	 6.807026954e+02 5.000000000e-01 3
781	782	783	784	1	 2.319086588e+02 1.000000000e+00 1
781	782	783	784	1	 6.957259763e+02 5.000000000e-01 3
782	783	784	785	1	 2.294958216e+02 1.000000000e+00 1
782	783	784	785	1	 6.884874649e+02 5.000000000e-01 3
783	784	785	786	1	 2.334820972e+02 1.000000000e+00 1
783	784	785	786	1	 7.004462915e+02 5.000000000e-01 3
784	785	786	787	1	 2.205221847e+02 1.000000000e+00 1
784	785	786	787	1	 6.615665542e+02 5.000000000e-01 3
785	786	787	788	1	 2.302568613e+02 1.000000000e+00 1
785	786	787	788	1	 6.907705839e+02 5.000000000e-01 3
786	787	788	789	1	 2.332408438e+02 1.000000000e+00 1
786	787	788	789	1	 6.997225314e+02 5.000000000e-01 3
787	788	789	790	1	 2.210387317e+02 1.000000000e+00 1
787	788	789	790	1	 6.631161952e+02 5.000000000e-01 3
788	789	790	791	1	 2.282677392e+02 1.000000000e+00 1
788	789	790	791	1	 6.848032177e+02 5.000000000e-01 3
789	790	791	792	1	 2.326981429e+02 1.000000000e+00 1
789	790	791	792	1	 6.980944288e+02 5.000000000e-01 3
790	791	792	793	1	 2.303712411e+02 1.000000000e+00 1
790	791	792	793	1	 6.911137234e+02 5.000000000e-01 3
791	792	793	794	1	 2.301345649e+02 1.000000000e+00 1
791	792	793	794	1	 6.904036947e+02 5.000000000e-01 3
792	793	794	795	1	 2.296854251e+02 1.000000000e+00 1
792	793	794	795	1	 6.890562754e+02 5.000000000e-01 3
793	794	795	796	1	 2.306995506e+02 1.000000000e+00 1
793	794	795	796	1	 6.920986519e+02 5.000000000e-01 3
794	795	796	797	1	 2.321833853e+02 1.000000000e+00 1
794	795	796	797	1	 6.965501560e+02 5.000000000e-01 3
795	796	797	798	1	 2.312222053e+02 1.000000000e+00 1
795	796	797	798	1	 6.936666159e+02 5.000000000e-01 3
796	797	798	799	1	 7.312216902e+01 1.000000000e+00 1
796	797	798	799	1	 2.193665071e+02 5.000000000e-01 3
797	798	799	800	1	 3.039629340e+02 1.000000000e+00 1
797	798	799	800	1	 9.118888021e+02 5.000000000e-01 3
798	799	800	801	1	 1.655707491e+01 1.000000000e+00 1
798	799	800	801	1	 4.967122472e+01 5.000000000e-01 3
799	800	801	802	1	 2.529604860e+02 1.000000000e+00 1
799	800	801	802	1	 7.588814579e+02 5.000000000e-01 3
800	801	802	803	1	 4.743408881e+01 1.000000000e+00 1
800	801	802	803	1	 1.423022664e+02 5.000000000e-01 3
801	802	803	804	1	 3.586676666e+02 1.000000000e+00 1
801	802	803	804	1	 1.076003000e+03 5.000000000e-01 3
802	803	804	805	1	 9.190633194e+01 1.000000000e+00 1
802	803	804	805	1	 2.757189958e+02 5.000000000e-01 3
803	804	805	806	1	 2.421753846e+02 1.000000000e+00 1
803	804	805	806	1	 7.265261537e+02 5.000000000e-01 3
804	805	806	807	1	 2.299698841e+02 1.000000000e+00 1
804	805	806	807	1	 6.899096522e+02 5.000000000e-01 3
805	806	807	808	1	 2.305591966e+02 1.000000000e+00 1
805	806	807	808	1	 6.916775897e+02 5.000000000e-01 3
806	807	808	809	1	 2.277233977e+02 1.000000000e+00 1
806	807	808	809	1	 6.831701930e+02 5.000000000e-01 3
807	808	809	810	1	 2.285013750e+02 1.000000000e+00 1
807	808	809	810	1	 6.855041249e+02 5.000000000e-01 3
808	809	810	811	1	 2.298038028e+02 1.000000000e+00 1
808	809	810	811	1	 6.894114083e+02 5.000000000e-01 3
809	810	811	812	1	 2.207804877e+02 1.000000000e+00 1
809	810	811	812	1	 6.623414630e+02 5.000000000e-01 3
810	811	812	813	1	 2.275601851e+02 1.000000000e+00 1
810	811	812	813	1	 6.826805554e+02 5.000000000e-01 3
811	812	813	814	1	 2.302676114e+02 1.000000000e+00 1
811	812	813	814	1	 6.908028341e+02 5.000000000e-01 3
812	813	814	815	1	 2.598464863e+02 1.000000000e+00 1
812	813	814	815	1	 7.795394588e+02 5.000000000e-01 3
813	814	815	816	1	 2.813065532e+01 1.000000000e+00 1
813	814	815	816	1	 8.439196597e+01 5.000000000e-01 3
814	815	816	817	1	 2.202600511e+02 1.000000000e+00 1
814	815	816	817	1	 6.607801534e+02 5.000000000e-01 3
815	816	817	818	1	 2.260161563e+02 1.000000000e+00 1
815	816	817	818	1	 6.780484690e+02 5.000000000e-01 3
816	817	818	819	1	 2.356821099e+02 1.000000000e+00 1
816	817	818	819	1	 7.070463297e+02 5.000000000e-01 3
817	818	819	820	1	 2.245462481e+02 1.000000000e+00 1
817	818	819	820	1	 6.736387443e+02 5.000000000e-01 3
818	819	820	821	1	 2.309931540e+02 1.000000000e+00 1
818	819	820	821	1	 6.929794619e+02 5.000000000e-01 3
819	820	821	822	1	 2.156165828e+02 1.000000000e+00 1
819	820	821	822	1	 6.468497483e+02 5.000000000e-01 3
820	821	822	823	1	 3.057648200e+02 1.000000000e+00 1
820	821	822	823	1	 9.172944601e+02 5.000000000e-01 3
821	822	823	824	1	 2.167099839e+02 1.000000000e+00 1
821	822	823	824	1	 6.501299518e+02 5.000000000e-01 3
822	823	824	825	1	 2.806774997e+02 1.000000000e+00 1
822	823	824	825	1	 8.420324991e+02 5.000000000e-01 3
823	824	825	826	1	 3.071230611e+01 1.000000000e+00 1
823	824	825	826	1	 9.213691833e+01 5.000000000e-01 3
824	825	826	827	1	 2.814569602e+01 1.000000000e+00 1
824	825	826	827	1	 8.443708807e+01 5.000000000e-01 3
825	826	827	828	1	 5.489215632e+01 1.000000000e+00 1
825	826	827	828	1	 1.646764690e+02 5.000000000e-01 3
826	827	828	829	1	 1.898169752e+02 1.000000000e+00 1
826	827	828	829	1	 5.694509257e+02 5.000000000e-01 3
827	828	829	830	1	 3.014762659e+02 1.000000000e+00 1
827	828	829	830	1	 9.044287977e+02 5.000000000e-01 3
828	829	830	831	1	 1.522289011e+01 1.000000000e+00 1
828	829	830	831	1	 4.566867033e+01 5.000000000e-01 3
829	830	831	832	1	 1.025688996e+02 1.000000000e+00 1
829	830	831	832	1	 3.077066987e+02 5.000000000e-01 3
830	831	832	833	1	 9.101450296e+01 1.000000000e+00 1
830	831	832	833	1	 2.730435089e+02 5.000000000e-01 3
831	832	833	834	1	 7.995497914e+01 1.000000000e+00 1
831	832	833	834	1	 2.398649374e+02 5.000000000e-01 3
832	833	834	835	1	 3.307056479e+02 1.000000000e+00 1
832	833	834	835	1	 9.921169438e+02 5.000000000e-01 3
833	834	835	836	1	 1.338315124e+00 1.000000000e+00 1
833	834	835	836	1	 4.014945372e+00 5.000000000e-01 3
834	835	836	837	1	 6.540705845e+01 1.000000000e+00 1
834	835	836	837	1	 1.962211754e+02 5.000000000e-01 3
835	836	837	838	1	 5.370009664e+01 1.000000000e+00 1
835	836	837	838	1	 1.611002899e+02 5.000000000e-01 3
836	837	838	839	1	 2.431460979e+02 1.000000000e+00 1
836	837	838	839	1	 7.294382936e+02 5.000000000e-01 3
837	838	839	840	1	 2.388811252e+02 1.000000000e+00 1
837	838	839	840	1	 7.166433755e+02 5.000000000e-01 3
838	839	840	841	1	 2.851543418e+02 1.000000000e+00 1
838	839	840	841	1	 8.554630254e+02 5.000000000e-01 3
839	840	841	842	1	 1.045770357e+02 1.000000000e+00 1
839	840	841	842	1	 3.137311070e+02 5.000000000e-01 3
840	841	842	843	1	 2.253090101e+02 1.000000000e+00 1
840	841	842	843	1	 6.759270303e+02 5.000000000e-01 3
841	842	843	844	1	 1.146265030e+02 1.000000000e+00 1
841	842	843	844	1	 3.438795089e+02 5.000000000e-01 3
842	843	844	845	1	 1.541295808e+02 1.000000000e+00 1
842	843	844	845	1	 4.623887425e+02 5.000000000e-01 3
843	844	845	846	1	 3.091286963e+02 1.000000000e+00 1
843	844	845	846	1	 9.273860890e+02 5.000000000e-01 3
844	845	846	847	1	 2.378961221e+01 1.000000000e+00 1
844	845	846	847	1	 7.136883664e+01 5.000000000e-01 3
845	846	847	848	1	 3.324688593e+02 1.000000000e+00 1
845	846	847	848	1	 9.974065779e+02 5.000000000e-01 3
846	847	848	849	1	 3.074624322e+02 1.000000000e+00 1
846	847	848	849	1	 9.223872967e+02 5.000000000e-01 3
847	848	849	850	1	 8.619716686e+00 1.000000000e+00 1
847	848	849	850	1	 2.585915006e+01 5.000000000e-01 3
848	849	850	851	1	 2.606189699e+02 1.000000000e+00 1
848	849	850	851	1	 7.818569097e+02 5.000000000e-01 3
849	850	851	852	1	 1.746211759e+02 1.000000000e+00 1
849	850	851	852	1	 5.238635278e+02 5.000000000e-01 3
853	854	855	856	1	 2.409315091e+01 1.000000000e+00 1
853	854	855	856	1	 7.227945274e+01 5.000000000e-01 3
854	855	856	857	1	 7.959218886e+01 1.000000000e+00 1
854	855	856	857	1	 2.387765666e+02 5.000000000e-01 3
855	856	857	858	1	 1.668576949e+01 1.000000000e+00 1
855	856	857	858	1	 5.005730846e+01 5.000000000e-01 3
856	857	858	859	1	 2.115318488e+02 1.000000000e+00 1
856	857	858	859	1	 6.345955464e+02 5.000000000e-01 3
857	858	859	860	1	 5.183199229e+01 1.000000000e+00 1
857	858	859	860	1	 1.554959769e+02 5.000000000e-01 3
858	859	860	861	1	 8.113164422e+01 1.000000000e+00 1
858	859	860	861	1	 2.433949327e+02 5.000000000e-01 3
859	860	861	862	1	 2.905794206e+02 1.000000000e+00 1
859	860	861	862	1	 8.717382617e+02 5.000000000e-01 3
860	861	862	863	1	 1.380201437e+02 1.000000000e+00 1
860	861	862	863	1	 4.140604311e+02 5.000000000e-01 3
861	862	863	864	1	 1.629558751e+02 1.000000000e+00 1
861	862	863	864	1	 4.888676252e+02 5.000000000e-01 3
862	863	864	865	1	 5.196487394e+01 1.000000000e+00 1
862	863	864	865	1	 1.558946218e+02 5.000000000e-01 3
863	864	865	866	1	 9.667655778e+01 1.000000000e+00 1
863	864	865	866	1	 2.900296734e+02 5.000000000e-01 3
864	865	866	867	1	 4.210473795e+01 1.000000000e+00 1
864	865	866	867	1	 1.263142138e+02 5.000000000e-01 3
865	866	867	868	1	 9.258292864e+01 1.000000000e+00 1
865	866	867	868	1	 2.777487859e+02 5.000000000e-01 3
866	867	868	869	1	 1.936357578e+02 1.000000000e+00 1
866	867	868	869	1	 5.809072734e+02 5.000000000e-01 3
867	868	869	870	1	 5.673993685e+01 1.000000000e+00 1
867	868	869	870	1	 1.702198106e+02 5.000000000e-01 3
868	869	870	871	1	 7.133794851e+01 1.000000000e+00 1
868	869	870	871	1	 2.140138455e+02 5.000000000e-01 3
869	870	871	872	1	 1.367467661e+01 1.000000000e+00 1
869	870	871	872	1	 4.102402984e+01 5.000000000e-01 3
870	871	872	873	1	 1.810891492e+02 1.000000000e+00 1
870	871	872	873	1	 5.432674476e+02 5.000000000e-01 3
871	872	873	874	1	 2.148741198e+02 1.000000000e+00 1
871	872	873	874	1	 6.446223593e+02 5.000000000e-01 3
872	873	874	875	1	 2.185522272e+02 1.000000000e+00 1
872	873	874	875	1	 6.556566815e+02 5.000000000e-01 3
873	874	875	876	1	 2.689394405e+02 1.000000000e+00 1
873	874	875	876	1	 8.068183214e+02 5.000000000e-01 3
874	875	876	877	1	 1.299897275e+02 1.000000000e+00 1
874	875	876	877	1	 3.899691826e+02 5.000000000e-01 3
875	876	877	878	1	 2.834680587e+02 1.000000000e+00 1
875	876	877	878	1	 8.504041760e+02 5.000000000e-01 3
876	877	878	879	1	 2.680188506e+02 1.000000000e+00 1
876	877	878	879	1	 8.040565519e+02 5.000000000e-01 3
877	878	879	880	1	 2.045810800e+02 1.000000000e+00 1
877	878	879	880	1	 6.137432400e+02 5.000000000e-01 3
878	879	880	881	1	 2.858334371e+02 1.000000000e+00 1
878	879	880	881	1	 8.575003113e+02 5.000000000e-01 3
879	880	881	882	1	 3.349945662e+02 1.000000000e+00 1
879	880	881	882	1	 1.004983699e+03 5.000000000e-01 3
880	881	882	883	1	 5.976254181e+01 1.000000000e+00 1
880	881	882	883	1	 1.792876254e+02 5.000000000e-01 3
881	882	883	884	1	 1.003350753e+01 1.000000000e+00 1
881	882	883	884	1	 3.010052260e+01 5.000000000e-01 3
882	883	884	885	1	 1.703891428e+01 1.000000000e+00 1
882	883	884	885	1	 5.111674283e+01 5.000000000e-01 3
883	884	885	886	1	 3.476839316e+02 1.000000000e+00 1
883	884	885	886	1	 1.043051795e+03 5.000000000e-01 3
884	885	886	887	1	 7.130653077e+01 1.000000000e+00 1
884	885	886	887	1	 2.139195923e+02 5.000000000e-01 3
885	886	887	888	1	 2.924339201e+02 1.000000000e+00 1
885	886	887	888	1	 8.773017603e+02 5.000000000e-01 3
886	887	888	889	1	 2.261178356e+02 1.000000000e+00 1
886	887	888	889	1	 6.783535068e+02 5.000000000e-01 3
887	888	889	890	1	 2.258836097e+02 1.000000000e+00 1
887	888	889	890	1	 6.776508291e+02 5.000000000e-01 3
888	889	890	891	1	 2.306773716e+02 1.000000000e+00 1
888	889	890	891	1	 6.920321148e+02 5.000000000e-01 3
889	890	891	892	1	 2.340034800e+02 1.000000000e+00 1
889	890	891	892	1	 7.020104401e+02 5.000000000e-01 3
890	891	892	893	1	 2.316507856e+02 1.000000000e+00 1
890	891	892	893	1	 6.949523568e+02 5.000000000e-01 3
891	892	893	894	1	 2.288879262e+02 1.000000000e+00 1
891	892	893	894	1	 6.866637786e+02 5.000000000e-01 3
892	893	894	895	1	 2.372751640e+02 1.000000000e+00 1
892	893	894	895	1	 7.118254921e+02 5.000000000e-01 3
893	894	895	896	1	 2.331190467e+02 1.000000000e+00 1
893	894	895	896	1	 6.993571400e+02 5.000000000e-01 3
894	895	896	897	1	 2.310163803e+02 1.000000000e+00 1
894	895	896	897	1	 6.930491408e+02 5.000000000e-01 3
895	896	897	898	1	 2.122162613e+02 1.000000000e+00 1
895	896	897	898	1	 6.366487840e+02 5.000000000e-01 3
896	897	898	899	1	 1.961683141e+02 1.000000000e+00 1
896	897	898	899	1	 5.885049424e+02 5.000000000e-01 3
897	898	899	900	1	 1.924273266e+00 1.000000000e+00 1
897	898	899	900	1	 5.772819798e+00 5.000000000e-01 3
898	899	900	901	1	 2.232095076e+02 1.000000000e+00 1
898	899	900	901	1	 6.696285227e+02 5.000000000e-01 3
899	900	901	902	1	 2.759525145e+02 1.000000000e+00 1
899	900	901	902	1	 8.278575436e+02 5.000000000e-01 3
900	901	902	903	1	 1.591238371e+01 1.000000000e+00 1
900	901	902	903	1	 4.773715112e+01 5.000000000e-01 3
901	902	903	904	1	 4.196544709e+01 1.000000000e+00 1
901	902	903	904	1	 1.258963413e+02 5.000000000e-01 3
902	903	904	905	1	 5.683925147e+01 1.000000000e+00 1
902	903	904	905	1	 1.705177544e+02 5.000000000e-01 3
903	904	905	906	1	 6.799526756e+01 1.000000000e+00 1
903	904	905	906	1	 2.039858027e+02 5.000000000e-01 3
904	905	906	907	1	 2.311315070e+02 1.000000000e+00 1
904	905	906	907	1	 6.933945211e+02 5.000000000e-01 3
905	906	907	908	1	 2.281146087e+02 1.000000000e+00 1
905	906	907	908	1	 6.843438262e+02 5.000000000e-01 3
906	907	908	909	1	 2.326581022e+02 1.000000000e+00 1
906	907	908	909	1	 6.979743065e+02 5.000000000e-01 3
907	908	909	910	1	 2.331635484e+02 1.000000000e+00 1
907	908	909	910	1	 6.994906451e+02 5.000000000e-01 3
908	909	910	911	1	 2.327942849e+02 1.000000000e+00 1
908	909	910	911	1	 6.983828546e+02 5.000000000e-01 3
909	910	911	912	1	 2.282906335e+02 1.000000000e+00 1
909	910	911	912	1	 6.848719005e+02 5.000000000e-01 3
910	911	912	913	1	 2.314020948e+02 1.000000000e+00 1
910	911	912	913	1	 6.942062845e+02 5.000000000e-01 3
911	912	913	914	1	 2.281349436e+02 1.000000000e+00 1
911	912	913	914	1	 6.844048307e+02 5.000000000e-01 3
912	913	914	915	1	 2.335002438e+02 1.000000000e+00 1
912	913	914	915	1	 7.005007315e+02 5.000000000e-01 3
913	914	915	916	1	 2.236926372e+02 1.000000000e+00 1
913	914	915	916	1	 6.710779117e+02 5.000000000e-01 3
914	915	916	917	1	 2.300434275e+02 1.000000000e+00 1
914	915	916	917	1	 6.901302825e+02 5.000000000e-01 3
915	916	917	918	1	 2.301156431e+02 1.000000000e+00 1
915	916	917	918	1	 6.903469293e+02 5.000000000e-01 3
916	917	918	919	1	 2.243258817e+02 1.000000000e+00 1
916	917	918	919	1	 6.729776451e+02 5.000000000e-01 3
917	918	919	920	1	 2.347321942e+02 1.000000000e+00 1
917	918	919	920	1	 7.041965826e+02 5.000000000e-01 3
918	919	920	921	1	 2.258680435e+02 1.000000000e+00 1
918	919	920	921	1	 6.776041306e+02 5.000000000e-01 3
919	920	921	922	1	 2.276261613e+02 1.000000000e+00 1
919	920	921	922	1	 6.828784838e+02 5.000000000e-01 3
920	921	922	923	1	 2.230372120e+02 1.000000000e+00 1
920	921	922	923	1	 6.691116360e+02 5.000000000e-01 3
921	922	923	924	1	 2.256730414e+02 1.000000000e+00 1
921	922	923	924	1	 6.770191242e+02 5.000000000e-01 3
922	923	924	925	1	 2.306896114e+02 1.000000000e+00 1
922	923	924	925	1	 6.920688343e+02 5.000000000e-01 3
923	924	925	926	1	 2.267703053e+02 1.000000000e+00 1
923	924	925	926	1	 6.803109159e+02 5.000000000e-01 3
924	925	926	927	1	 2.301854756e+02 1.000000000e+00 1
924	925	926	927	1	 6.905564268e+02 5.000000000e-01 3
925	926	927	928	1	 2.332447953e+02 1.000000000e+00 1
925	926	927	928	1	 6.997343859e+02 5.000000000e-01 3
926	927	928	929	1	 2.248963011e+02 1.000000000e+00 1
926	927	928	929	1	 6.746889034e+02 5.000000000e-01 3
927	928	929	930	1	 2.355315265e+02 1.000000000e+00 1
927	928	929	930	1	 7.065945794e+02 5.000000000e-01 3
928	929	930	931	1	 2.239933578e+02 1.000000000e+00 1
928	929	930	931	1	 6.719800735e+02 5.000000000e-01 3
929	930	931	932	1	 2.296909242e+02 1.000000000e+00 1
929	930	931	932	1	 6.890727726e+02 5.000000000e-01 3
930	931	932	933	1	 2.333389735e+02 1.000000000e+00 1
930	931	932	933	1	 7.000169205e+02 5.000000000e-01 3
931	932	933	934	1	 2.244384164e+02 1.000000000e+00 1
931	932	933	934	1	 6.733152491e+02 5.000000000e-01 3
932	933	934	935	1	 6.416481376e+01 1.000000000e+00 1
932	933	934	935	1	 1.924944413e+02 5.000000000e-01 3
933	934	935	936	1	 3.218519758e+02 1.000000000e+00 1
933	934	935	936	1	 9.655559274e+02 5.000000000e-01 3
934	935	936	937	1	 2.081186595e+01 1.000000000e+00 1
934	935	936	937	1	 6.243559784e+01 5.000000000e-01 3
935	936	937	938	1	 2.589631622e+02 1.000000000e+00 1
935	936	937	938	1	 7.768894866e+02 5.000000000e-01 3
936	937	938	939	1	 2.739765199e+01 1.000000000e+00 1
936	937	938	939	1	 8.219295598e+01 5.000000000e-01 3
937	938	939	940	1	 3.531777239e+02 1.000000000e+00 1
937	938	939	940	1	 1.059533172e+03 5.000000000e-01 3
938	939	940	941	1	 9.061248376e+01 1.000000000e+00 1
938	939	940	941	1	 2.718374513e+02 5.000000000e-01 3
939	940	941	942	1	 2.442420407e+02 1.000000000e+00 1
939	940	941	942	1	 7.327261220e+02 5.000000000e-01 3
940	941	942	943	1	 2.260398404e+02 1.000000000e+00 1
940	941	942	943	1	 6.781195211e+02 5.000000000e-01 3
941	942	943	944	1	 2.317446429e+02 1.000000000e+00 1
941	942	943	944	1	 6.952339287e+02 5.000000000e-01 3
942	943	944	945	1	 2.289789952e+02 1.000000000e+00 1
942	943	944	945	1	 6.869369855e+02 5.000000000e-01 3
943	944	945	946	1	 2.238489957e+02 1.000000000e+00 1
943	944	945	946	1	 6.715469871e+02 5.000000000e-01 3
944	945	946	947	1	 2.331413844e+02 1.000000000e+00 1
944	945	946	947	1	 6.994241533e+02 5.000000000e-01 3
945	946	947	948	1	 2.311142518e+02 1.000000000e+00 1
945	946	947	948	1	 6.933427553e+02 5.000000000e-01 3
946	947	948	949	1	 2.308545825e+02 1.000000000e+00 1
946	947	948	949	1	 6.925637476e+02 5.000000000e-01 3
947	948	949	950	1	 2.251607311e+02 1.000000000e+00 1
947	948	949	950	1	 6.754821933e+02 5.000000000e-01 3
948	949	950	951	1	 2.186347516e+02 1.000000000e+00 1
948	949	950	951	1	 6.559042549e+02 5.000000000e-01 3
949	950	951	952	1	 2.493706951e+02 1.000000000e+00 1
949	950	951	952	1	 7.481120854e+02 5.000000000e-01 3
950	951	952	953	1	 6.809504030e+01 1.000000000e+00 1
950	951	952	953	1	 2.042851209e+02 5.000000000e-01 3
951	952	953	954	1	 9.935307210e+01 1.000000000e+00 1
951	952	953	954	1	 2.980592163e+02 5.000000000e-01 3
952	953	954	955	1	 2.073910455e+02 1.000000000e+00 1
952	953	954	955	1	 6.221731365e+02 5.000000000e-01 3
953	954	955	956	1	 2.369426646e+02 1.000000000e+00 1
953	954	955	956	1	 7.108279938e+02 5.000000000e-01 3
954	955	956	957	1	 2.292639533e+02 1.000000000e+00 1
954	955	956	957	1	 6.877918599e+02 5.000000000e-01 3
955	956	957	958	1	 2.335430230e+02 1.000000000e+00 1
955	956	957	958	1	 7.006290690e+02 5.000000000e-01 3
956	957	958	959	1	 2.200990422e+02 1.000000000e+00 1
956	957	958	959	1	 6.602971265e+02 5.000000000e-01 3
957	958	959	960	1	 2.331133956e+02 1.000000000e+00 1
957	958	959	960	1	 6.993401869e+02 5.000000000e-01 3
958	959	960	961	1	 2.264146320e+02 1.000000000e+00 1
958	959	960	961	1	 6.792438959e+02 5.000000000e-01 3
959	960	961	962	1	 2.311391280e+02 1.000000000e+00 1
959	960	961	962	1	 6.934173841e+02 5.000000000e-01 3
960	961	962	963	1	 2.257907865e+02 1.000000000e+00 1
960	961	962	963	1	 6.773723595e+02 5.000000000e-01 3
961	962	963	964	1	 2.290137188e+02 1.000000000e+00 1
961	962	963	964	1	 6.870411565e+02 5.000000000e-01 3
962	963	964	965	1	 2.283046248e+02 1.000000000e+00 1
962	963	964	965	1	 6.849138745e+02 5.000000000e-01 3
963	964	965	966	1	 2.322141894e+02 1.000000000e+00 1
963	964	965	966	1	 6.966425682e+02 5.000000000e-01 3
964	965	966	967	1	 2.287050299e+02 1.000000000e+00 1
964	965	966	967	1	 6.861150897e+02 5.000000000e-01 3
965	966	967	968	1	 2.288777118e+02 1.000000000e+00 1
965	966	967	968	1	 6.866331354e+02 5.000000000e-01 3
966	967	968	969	1	 2.278981437e+02 1.000000000e+00 1
966	967	968	969	1	 6.836944311e+02 5.000000000e-01 3
967	968	969	970	1	 2.239815401e+02 1.000000000e+00 1
967	968	969	970	1	 6.719446202e+02 5.000000000e-01 3
968	969	970	971	1	 2.302150951e+02 1.000000000e+00 1
968	969	970	971	1	 6.906452852e+02 5.000000000e-01 3
969	970	971	972	1	 2.282633325e+02 1.000000000e+00 1
969	970	971	972	1	 6.847899976e+02 5.000000000e-01 3
970	971	972	973	1	 2.289797494e+02 1.000000000e+00 1
970	971	972	973	1	 6.869392482e+02 5.000000000e-01 3
971	972	973	974	1	 2.913728632e+02 1.000000000e+00 1
971	972	973	974	1	 8.741185897e+02 5.000000000e-01 3


