44	45	46	47	1.0	218.7999275	1.0
44	45	46	47	1.0	656.3997824	0.5
45	46	47	48	1.0	237.2549283	1.0
45	46	47	48	1.0	711.764785	0.5
46	47	48	49	1.0	227.2719981	1.0
46	47	48	49	1.0	681.8159944	0.5
47	48	49	50	1.0	233.144636	1.0
47	48	49	50	1.0	699.433908	0.5
48	49	50	51	1.0	228.6812296	1.0
48	49	50	51	1.0	686.0436889	0.5
49	50	51	52	1.0	234.182049	1.0
49	50	51	52	1.0	702.5461471	0.5
50	51	52	53	1.0	225.4775447	1.0
50	51	52	53	1.0	676.4326342	0.5
51	52	53	54	1.0	230.0013426	1.0
51	52	53	54	1.0	690.0040277	0.5
52	53	54	55	1.0	221.2483401	1.0
52	53	54	55	1.0	663.7450203	0.5
53	54	55	56	1.0	236.4694029	1.0
53	54	55	56	1.0	709.4082087	0.5
54	55	56	57	1.0	231.686967	1.0
54	55	56	57	1.0	695.060901	0.5
55	56	57	58	1.0	241.3465852	1.0
55	56	57	58	1.0	724.0397556	0.5
56	57	58	59	1.0	22.28249921	1.0
56	57	58	59	1.0	66.84749762	0.5
57	58	59	60	1.0	307.8244817	1.0
57	58	59	60	1.0	923.473445	0.5
58	59	60	61	1.0	83.30395567	1.0
58	59	60	61	1.0	249.911867	0.5
59	60	61	62	1.0	23.75240473	1.0
59	60	61	62	1.0	71.25721418	0.5
60	61	62	63	1.0	255.2559484	1.0
60	61	62	63	1.0	765.7678452	0.5
61	62	63	64	1.0	80.34283682	1.0
61	62	63	64	1.0	241.0285105	0.5
62	63	64	65	1.0	49.32291917	1.0
62	63	64	65	1.0	147.9687575	0.5
63	64	65	66	1.0	224.8802942	1.0
63	64	65	66	1.0	674.6408826	0.5
64	65	66	67	1.0	229.3227512	1.0
64	65	66	67	1.0	687.9682535	0.5
65	66	67	68	1.0	228.1089616	1.0
65	66	67	68	1.0	684.3268848	0.5
66	67	68	69	1.0	232.0195148	1.0
66	67	68	69	1.0	696.0585443	0.5
67	68	69	70	1.0	231.8865302	1.0
67	68	69	70	1.0	695.6595907	0.5
68	69	70	71	1.0	230.1067285	1.0
68	69	70	71	1.0	690.3201855	0.5
69	70	71	72	1.0	229.5098025	1.0
69	70	71	72	1.0	688.5294075	0.5
70	71	72	73	1.0	227.4616608	1.0
70	71	72	73	1.0	682.3849823	0.5
71	72	73	74	1.0	231.4679208	1.0
71	72	73	74	1.0	694.4037624	0.5
72	73	74	75	1.0	225.9470593	1.0
72	73	74	75	1.0	677.841178	0.5
73	74	75	76	1.0	229.6203515	1.0
73	74	75	76	1.0	688.8610544	0.5
74	75	76	77	1.0	245.3641798	1.0
74	75	76	77	1.0	736.0925393	0.5
75	76	77	78	1.0	242.930439	1.0
75	76	77	78	1.0	728.791317	0.5
76	77	78	79	1.0	215.3916135	1.0
76	77	78	79	1.0	646.1748406	0.5
77	78	79	80	1.0	181.2766012	1.0
77	78	79	80	1.0	543.8298036	0.5
78	79	80	81	1.0	45.17156744	1.0
78	79	80	81	1.0	135.5147023	0.5
79	80	81	82	1.0	205.1519591	1.0
79	80	81	82	1.0	615.4558774	0.5
80	81	82	83	1.0	338.8281753	1.0
80	81	82	83	1.0	1016.484526	0.5
81	82	83	84	1.0	27.16152003	1.0
81	82	83	84	1.0	81.48456009	0.5
82	83	84	85	1.0	35.11025372	1.0
82	83	84	85	1.0	105.3307611	0.5
83	84	85	86	1.0	55.44753027	1.0
83	84	85	86	1.0	166.3425908	0.5
84	85	86	87	1.0	59.97604398	1.0
84	85	86	87	1.0	179.9281319	0.5
85	86	87	88	1.0	233.8230567	1.0
85	86	87	88	1.0	701.4691702	0.5
86	87	88	89	1.0	241.4555251	1.0
86	87	88	89	1.0	724.3665754	0.5
87	88	89	90	1.0	223.8310842	1.0
87	88	89	90	1.0	671.4932527	0.5
88	89	90	91	1.0	229.7456575	1.0
88	89	90	91	1.0	689.2369724	0.5
89	90	91	92	1.0	232.5276596	1.0
89	90	91	92	1.0	697.5829789	0.5
90	91	92	93	1.0	229.131462	1.0
90	91	92	93	1.0	687.3943861	0.5
91	92	93	94	1.0	227.554911	1.0
91	92	93	94	1.0	682.6647331	0.5
92	93	94	95	1.0	229.3743754	1.0
92	93	94	95	1.0	688.1231263	0.5
93	94	95	96	1.0	224.0109117	1.0
93	94	95	96	1.0	672.0327351	0.5
94	95	96	97	1.0	229.0748352	1.0
94	95	96	97	1.0	687.2245057	0.5
95	96	97	98	1.0	225.8829973	1.0
95	96	97	98	1.0	677.6489918	0.5
96	97	98	99	1.0	229.9256356	1.0
96	97	98	99	1.0	689.7769069	0.5
97	98	99	100	1.0	230.2978493	1.0
97	98	99	100	1.0	690.8935478	0.5
98	99	100	101	1.0	224.5122922	1.0
98	99	100	101	1.0	673.5368767	0.5
99	100	101	102	1.0	231.1369006	1.0
99	100	101	102	1.0	693.4107017	0.5
100	101	102	103	1.0	226.1874924	1.0
100	101	102	103	1.0	678.5624772	0.5
101	102	103	104	1.0	232.7118715	1.0
101	102	103	104	1.0	698.1356146	0.5
102	103	104	105	1.0	232.4530514	1.0
102	103	104	105	1.0	697.3591542	0.5
103	104	105	106	1.0	235.0843848	1.0
103	104	105	106	1.0	705.2531545	0.5
104	105	106	107	1.0	221.9500796	1.0
104	105	106	107	1.0	665.8502388	0.5
105	106	107	108	1.0	232.7945605	1.0
105	106	107	108	1.0	698.3836816	0.5
106	107	108	109	1.0	232.9520128	1.0
106	107	108	109	1.0	698.8560383	0.5
107	108	109	110	1.0	231.9821491	1.0
107	108	109	110	1.0	695.9464473	0.5
108	109	110	111	1.0	231.5923194	1.0
108	109	110	111	1.0	694.7769583	0.5
109	110	111	112	1.0	228.7780704	1.0
109	110	111	112	1.0	686.3342113	0.5
110	111	112	113	1.0	226.9036688	1.0
110	111	112	113	1.0	680.7110064	0.5
111	112	113	114	1.0	240.6254095	1.0
111	112	113	114	1.0	721.8762285	0.5
112	113	114	115	1.0	229.624918	1.0
112	113	114	115	1.0	688.8747541	0.5
113	114	115	116	1.0	73.81381221	1.0
113	114	115	116	1.0	221.4414366	0.5
114	115	116	117	1.0	300.001614	1.0
114	115	116	117	1.0	900.004842	0.5
115	116	117	118	1.0	19.955969	1.0
115	116	117	118	1.0	59.86790701	0.5
116	117	118	119	1.0	264.8690788	1.0
116	117	118	119	1.0	794.6072365	0.5
117	118	119	120	1.0	45.60770221	1.0
117	118	119	120	1.0	136.8231066	0.5
118	119	120	121	1.0	6.160753874	1.0
118	119	120	121	1.0	18.48226162	0.5
119	120	121	122	1.0	79.77664854	1.0
119	120	121	122	1.0	239.3299456	0.5
120	121	122	123	1.0	240.2140864	1.0
120	121	122	123	1.0	720.6422592	0.5
121	122	123	124	1.0	233.3201077	1.0
121	122	123	124	1.0	699.9603232	0.5
122	123	124	125	1.0	225.7770134	1.0
122	123	124	125	1.0	677.3310402	0.5
123	124	125	126	1.0	230.1554008	1.0
123	124	125	126	1.0	690.4662025	0.5
124	125	126	127	1.0	228.9796972	1.0
124	125	126	127	1.0	686.9390916	0.5
125	126	127	128	1.0	229.5483621	1.0
125	126	127	128	1.0	688.6450862	0.5
126	127	128	129	1.0	226.8939458	1.0
126	127	128	129	1.0	680.6818375	0.5
127	128	129	130	1.0	232.0537568	1.0
127	128	129	130	1.0	696.1612705	0.5
128	129	130	131	1.0	225.1388614	1.0
128	129	130	131	1.0	675.4165843	0.5
129	130	131	132	1.0	235.8312827	1.0
129	130	131	132	1.0	707.4938481	0.5
130	131	132	133	1.0	64.18383386	1.0
130	131	132	133	1.0	192.5515016	0.5
131	132	133	134	1.0	293.8302409	1.0
131	132	133	134	1.0	881.4907227	0.5
132	133	134	135	1.0	200.1206434	1.0
132	133	134	135	1.0	600.3619303	0.5
160	161	162	163	1.0	234.1514971	1.0
160	161	162	163	1.0	702.4544913	0.5
161	162	163	164	1.0	253.1626721	1.0
161	162	163	164	1.0	759.4880164	0.5
162	163	164	165	1.0	269.4376328	1.0
162	163	164	165	1.0	808.3128985	0.5
163	164	165	166	1.0	38.22472596	1.0
163	164	165	166	1.0	114.6741779	0.5
164	165	166	167	1.0	63.88776717	1.0
164	165	166	167	1.0	191.6633015	0.5
165	166	167	168	1.0	233.0774912	1.0
165	166	167	168	1.0	699.2324737	0.5
166	167	168	169	1.0	228.8720854	1.0
166	167	168	169	1.0	686.6162562	0.5
167	168	169	170	1.0	228.8460078	1.0
167	168	169	170	1.0	686.5380233	0.5
168	169	170	171	1.0	231.8920666	1.0
168	169	170	171	1.0	695.6761997	0.5
169	170	171	172	1.0	230.4174272	1.0
169	170	171	172	1.0	691.2522815	0.5
170	171	172	173	1.0	229.8417905	1.0
170	171	172	173	1.0	689.5253714	0.5
171	172	173	174	1.0	229.973079	1.0
171	172	173	174	1.0	689.9192371	0.5
172	173	174	175	1.0	233.490099	1.0
172	173	174	175	1.0	700.470297	0.5
173	174	175	176	1.0	229.7316815	1.0
173	174	175	176	1.0	689.1950444	0.5
174	175	176	177	1.0	235.9675373	1.0
174	175	176	177	1.0	707.9026118	0.5
175	176	177	178	1.0	73.3242964	1.0
175	176	177	178	1.0	219.9728892	0.5
176	177	178	179	1.0	332.3193155	1.0
176	177	178	179	1.0	996.9579466	0.5
177	178	179	180	1.0	0.3743220875	1.0
177	178	179	180	1.0	1.122966263	0.5
178	179	180	181	1.0	209.2880578	1.0
178	179	180	181	1.0	627.8641733	0.5
179	180	181	182	1.0	20.09181722	1.0
179	180	181	182	1.0	60.27545166	0.5
180	181	182	183	1.0	51.10640734	1.0
180	181	182	183	1.0	153.319222	0.5
181	182	183	184	1.0	59.25784623	1.0
181	182	183	184	1.0	177.7735387	0.5
182	183	184	185	1.0	237.7934222	1.0
182	183	184	185	1.0	713.3802666	0.5
183	184	185	186	1.0	263.6274421	1.0
183	184	185	186	1.0	790.8823262	0.5
184	185	186	187	1.0	242.9913947	1.0
184	185	186	187	1.0	728.9741842	0.5
185	186	187	188	1.0	219.7789439	1.0
185	186	187	188	1.0	659.3368316	0.5
186	187	188	189	1.0	234.278744	1.0
186	187	188	189	1.0	702.8362321	0.5
187	188	189	190	1.0	229.3028696	1.0
187	188	189	190	1.0	687.9086087	0.5
188	189	190	191	1.0	233.4829477	1.0
188	189	190	191	1.0	700.4488431	0.5
189	190	191	192	1.0	230.4258004	1.0
189	190	191	192	1.0	691.2774012	0.5
190	191	192	193	1.0	225.3748945	1.0
190	191	192	193	1.0	676.1246834	0.5
191	192	193	194	1.0	230.3826013	1.0
191	192	193	194	1.0	691.147804	0.5
192	193	194	195	1.0	232.8110288	1.0
192	193	194	195	1.0	698.4330864	0.5
193	194	195	196	1.0	228.9265898	1.0
193	194	195	196	1.0	686.7797693	0.5
194	195	196	197	1.0	231.0741262	1.0
194	195	196	197	1.0	693.2223786	0.5
195	196	197	198	1.0	223.1722456	1.0
195	196	197	198	1.0	669.5167367	0.5
196	197	198	199	1.0	234.5035305	1.0
196	197	198	199	1.0	703.5105916	0.5
197	198	199	200	1.0	226.1648603	1.0
197	198	199	200	1.0	678.4945808	0.5
198	199	200	201	1.0	219.1127002	1.0
198	199	200	201	1.0	657.3381007	0.5
199	200	201	202	1.0	227.8267612	1.0
199	200	201	202	1.0	683.4802835	0.5
200	201	202	203	1.0	239.4312925	1.0
200	201	202	203	1.0	718.2938774	0.5
201	202	203	204	1.0	220.6032998	1.0
201	202	203	204	1.0	661.8098995	0.5
202	203	204	205	1.0	233.3408552	1.0
202	203	204	205	1.0	700.0225656	0.5
203	204	205	206	1.0	227.9845106	1.0
203	204	205	206	1.0	683.9535317	0.5
204	205	206	207	1.0	238.0871475	1.0
204	205	206	207	1.0	714.2614425	0.5
205	206	207	208	1.0	224.9383518	1.0
205	206	207	208	1.0	674.8150555	0.5
206	207	208	209	1.0	233.7691083	1.0
206	207	208	209	1.0	701.307325	0.5
207	208	209	210	1.0	224.1425982	1.0
207	208	209	210	1.0	672.4277947	0.5
208	209	210	211	1.0	236.5026513	1.0
208	209	210	211	1.0	709.5079539	0.5
209	210	211	212	1.0	231.1351964	1.0
209	210	211	212	1.0	693.4055892	0.5
210	211	212	213	1.0	58.20456549	1.0
210	211	212	213	1.0	174.6136965	0.5
211	212	213	214	1.0	322.4084963	1.0
211	212	213	214	1.0	967.225489	0.5
212	213	214	215	1.0	22.44206459	1.0
212	213	214	215	1.0	67.32619378	0.5
213	214	215	216	1.0	256.185627	1.0
213	214	215	216	1.0	768.5568809	0.5
214	215	216	217	1.0	44.15618519	1.0
214	215	216	217	1.0	132.4685556	0.5
215	216	217	218	1.0	24.74021967	1.0
215	216	217	218	1.0	74.22065902	0.5
216	217	218	219	1.0	66.74333464	1.0
216	217	218	219	1.0	200.2300039	0.5
217	218	219	220	1.0	235.7450845	1.0
217	218	219	220	1.0	707.2352534	0.5
218	219	220	221	1.0	235.4551646	1.0
218	219	220	221	1.0	706.3654938	0.5
219	220	221	222	1.0	223.7406376	1.0
219	220	221	222	1.0	671.2219127	0.5
220	221	222	223	1.0	231.4884222	1.0
220	221	222	223	1.0	694.4652667	0.5
221	222	223	224	1.0	225.8025607	1.0
221	222	223	224	1.0	677.4076821	0.5
222	223	224	225	1.0	230.1082619	1.0
222	223	224	225	1.0	690.3247856	0.5
223	224	225	226	1.0	228.1208968	1.0
223	224	225	226	1.0	684.3626903	0.5
224	225	226	227	1.0	232.6860838	1.0
224	225	226	227	1.0	698.0582515	0.5
225	226	227	228	1.0	229.1468932	1.0
225	226	227	228	1.0	687.4406795	0.5
226	227	228	229	1.0	236.1448814	1.0
226	227	228	229	1.0	708.4346443	0.5
227	228	229	230	1.0	73.91987786	1.0
227	228	229	230	1.0	221.7596336	0.5
228	229	230	231	1.0	289.8593149	1.0
228	229	230	231	1.0	869.5779446	0.5
229	230	231	232	1.0	8.671643968	1.0
229	230	231	232	1.0	26.0149319	0.5
230	231	232	233	1.0	22.15699999	1.0
230	231	232	233	1.0	66.47099998	0.5
231	232	233	234	1.0	25.02210988	1.0
231	232	233	234	1.0	75.06632963	0.5
232	233	234	235	1.0	230.710623	1.0
232	233	234	235	1.0	692.1318691	0.5
233	234	235	236	1.0	254.5349248	1.0
233	234	235	236	1.0	763.6047744	0.5
234	235	236	237	1.0	280.456237	1.0
234	235	236	237	1.0	841.3687111	0.5
258	259	260	261	1.0	319.8523118	1.0
258	259	260	261	1.0	959.5569353	0.5
259	260	261	262	1.0	20.36497033	1.0
259	260	261	262	1.0	61.094911	0.5
260	261	262	263	1.0	260.2356038	1.0
260	261	262	263	1.0	780.7068113	0.5
261	262	263	264	1.0	83.46989396	1.0
261	262	263	264	1.0	250.4096819	0.5
262	263	264	265	1.0	5.072044054	1.0
262	263	264	265	1.0	15.21613216	0.5
263	264	265	266	1.0	234.2861961	1.0
263	264	265	266	1.0	702.8585883	0.5
264	265	266	267	1.0	224.8521541	1.0
264	265	266	267	1.0	674.5564622	0.5
265	266	267	268	1.0	231.4658937	1.0
265	266	267	268	1.0	694.397681	0.5
266	267	268	269	1.0	231.3307837	1.0
266	267	268	269	1.0	693.9923511	0.5
267	268	269	270	1.0	226.4416772	1.0
267	268	269	270	1.0	679.3250317	0.5
268	269	270	271	1.0	229.8316872	1.0
268	269	270	271	1.0	689.4950617	0.5
269	270	271	272	1.0	233.1922888	1.0
269	270	271	272	1.0	699.5768665	0.5
270	271	272	273	1.0	223.9436857	1.0
270	271	272	273	1.0	671.8310571	0.5
271	272	273	274	1.0	231.8704001	1.0
271	272	273	274	1.0	695.6112004	0.5
272	273	274	275	1.0	243.2021669	1.0
272	273	274	275	1.0	729.6065006	0.5
273	274	275	276	1.0	55.67184941	1.0
273	274	275	276	1.0	167.0155482	0.5
274	275	276	277	1.0	322.3549963	1.0
274	275	276	277	1.0	967.0649888	0.5
275	276	277	278	1.0	164.7227623	1.0
275	276	277	278	1.0	494.168287	0.5
276	277	278	279	1.0	73.89391048	1.0
276	277	278	279	1.0	221.6817314	0.5
277	278	279	280	1.0	209.7096015	1.0
277	278	279	280	1.0	629.1288045	0.5
278	279	280	281	1.0	19.51895875	1.0
278	279	280	281	1.0	58.55687626	0.5
279	280	281	282	1.0	45.01603422	1.0
279	280	281	282	1.0	135.0481027	0.5
280	281	282	283	1.0	68.53890996	1.0
280	281	282	283	1.0	205.6167299	0.5
281	282	283	284	1.0	232.2386012	1.0
281	282	283	284	1.0	696.7158035	0.5
282	283	284	285	1.0	255.4534385	1.0
282	283	284	285	1.0	766.3603154	0.5
283	284	285	286	1.0	223.2107186	1.0
283	284	285	286	1.0	669.6321557	0.5
284	285	286	287	1.0	234.0035741	1.0
284	285	286	287	1.0	702.0107223	0.5
285	286	287	288	1.0	222.7453907	1.0
285	286	287	288	1.0	668.2361721	0.5
286	287	288	289	1.0	228.2141053	1.0
286	287	288	289	1.0	684.642316	0.5
287	288	289	290	1.0	229.4712102	1.0
287	288	289	290	1.0	688.4136305	0.5
288	289	290	291	1.0	232.0592023	1.0
288	289	290	291	1.0	696.1776068	0.5
289	290	291	292	1.0	227.6639439	1.0
289	290	291	292	1.0	682.9918317	0.5
290	291	292	293	1.0	227.6306934	1.0
290	291	292	293	1.0	682.8920803	0.5
291	292	293	294	1.0	229.510075	1.0
291	292	293	294	1.0	688.5302251	0.5
292	293	294	295	1.0	230.5541529	1.0
292	293	294	295	1.0	691.6624588	0.5
293	294	295	296	1.0	225.8975255	1.0
293	294	295	296	1.0	677.6925766	0.5
294	295	296	297	1.0	233.4293759	1.0
294	295	296	297	1.0	700.2881276	0.5
295	296	297	298	1.0	229.7281551	1.0
295	296	297	298	1.0	689.1844652	0.5
296	297	298	299	1.0	231.7319067	1.0
296	297	298	299	1.0	695.1957202	0.5
297	298	299	300	1.0	222.8776873	1.0
297	298	299	300	1.0	668.633062	0.5
298	299	300	301	1.0	228.955234	1.0
298	299	300	301	1.0	686.8657019	0.5
299	300	301	302	1.0	233.998387	1.0
299	300	301	302	1.0	701.9951611	0.5
300	301	302	303	1.0	218.8719207	1.0
300	301	302	303	1.0	656.6157622	0.5
301	302	303	304	1.0	231.947596	1.0
301	302	303	304	1.0	695.8427879	0.5
302	303	304	305	1.0	230.7003666	1.0
302	303	304	305	1.0	692.1010997	0.5
303	304	305	306	1.0	233.7886575	1.0
303	304	305	306	1.0	701.3659725	0.5
304	305	306	307	1.0	229.1214857	1.0
304	305	306	307	1.0	687.3644572	0.5
305	306	307	308	1.0	230.0971497	1.0
305	306	307	308	1.0	690.2914491	0.5
306	307	308	309	1.0	227.3180968	1.0
306	307	308	309	1.0	681.9542903	0.5
307	308	309	310	1.0	234.4696319	1.0
307	308	309	310	1.0	703.4088957	0.5
308	309	310	311	1.0	226.6276946	1.0
308	309	310	311	1.0	679.8830839	0.5
309	310	311	312	1.0	68.83145921	1.0
309	310	311	312	1.0	206.4943776	0.5
310	311	312	313	1.0	308.6953781	1.0
310	311	312	313	1.0	926.0861343	0.5
311	312	313	314	1.0	18.13099775	1.0
311	312	313	314	1.0	54.39299325	0.5
312	313	314	315	1.0	251.4330087	1.0
312	313	314	315	1.0	754.2990261	0.5
313	314	315	316	1.0	48.96756399	1.0
313	314	315	316	1.0	146.902692	0.5
314	315	316	317	1.0	358.444673	1.0
314	315	316	317	1.0	1075.334019	0.5
315	316	317	318	1.0	91.17021246	1.0
315	316	317	318	1.0	273.5106374	0.5
316	317	318	319	1.0	242.1257892	1.0
316	317	318	319	1.0	726.3773676	0.5
317	318	319	320	1.0	229.3582706	1.0
317	318	319	320	1.0	688.0748118	0.5
318	319	320	321	1.0	231.7273375	1.0
318	319	320	321	1.0	695.1820124	0.5
319	320	321	322	1.0	227.2096194	1.0
319	320	321	322	1.0	681.6288582	0.5
320	321	322	323	1.0	228.7023977	1.0
320	321	322	323	1.0	686.107193	0.5
321	322	323	324	1.0	230.0963302	1.0
321	322	323	324	1.0	690.2889905	0.5
322	323	324	325	1.0	221.4134476	1.0
322	323	324	325	1.0	664.2403427	0.5
323	324	325	326	1.0	225.375132	1.0
323	324	325	326	1.0	676.125396	0.5
324	325	326	327	1.0	231.6909707	1.0
324	325	326	327	1.0	695.072912	0.5
325	326	327	328	1.0	258.0193059	1.0
325	326	327	328	1.0	774.0579177	0.5
326	327	328	329	1.0	30.47718028	1.0
326	327	328	329	1.0	91.43154084	0.5
327	328	329	330	1.0	220.8908412	1.0
327	328	329	330	1.0	662.6725236	0.5
328	329	330	331	1.0	225.981706	1.0
328	329	330	331	1.0	677.9451181	0.5
329	330	331	332	1.0	236.5715273	1.0
329	330	331	332	1.0	709.7145819	0.5
330	331	332	333	1.0	224.1949403	1.0
330	331	332	333	1.0	672.5848209	0.5
331	332	333	334	1.0	231.1468576	1.0
331	332	333	334	1.0	693.4405727	0.5
332	333	334	335	1.0	215.281497	1.0
332	333	334	335	1.0	645.8444909	0.5
333	334	335	336	1.0	307.6193392	1.0
333	334	335	336	1.0	922.8580177	0.5
334	335	336	337	1.0	215.7431617	1.0
334	335	336	337	1.0	647.2294851	0.5
335	336	337	338	1.0	280.2787504	1.0
335	336	337	338	1.0	840.8362511	0.5
336	337	338	339	1.0	29.57044202	1.0
336	337	338	339	1.0	88.71132607	0.5
337	338	339	340	1.0	29.27301992	1.0
337	338	339	340	1.0	87.81905975	0.5
338	339	340	341	1.0	56.70940171	1.0
338	339	340	341	1.0	170.1282051	0.5
339	340	341	342	1.0	189.825598	1.0
339	340	341	342	1.0	569.4767939	0.5
340	341	342	343	1.0	299.8553764	1.0
340	341	342	343	1.0	899.5661293	0.5
341	342	343	344	1.0	14.61404909	1.0
341	342	343	344	1.0	43.84214728	0.5
342	343	344	345	1.0	103.4291951	1.0
342	343	344	345	1.0	310.2875854	0.5
343	344	345	346	1.0	93.07886746	1.0
343	344	345	346	1.0	279.2366024	0.5
344	345	346	347	1.0	78.24725823	1.0
344	345	346	347	1.0	234.7417747	0.5
345	346	347	348	1.0	331.9070415	1.0
345	346	347	348	1.0	995.7211246	0.5
346	347	348	349	1.0	1.486663655	1.0
346	347	348	349	1.0	4.459990966	0.5
347	348	349	350	1.0	65.03692921	1.0
347	348	349	350	1.0	195.1107876	0.5
348	349	350	351	1.0	56.46127422	1.0
348	349	350	351	1.0	169.3838227	0.5
349	350	351	352	1.0	240.9125716	1.0
349	350	351	352	1.0	722.7377149	0.5
401	402	403	404	1.0	230.9705438	1.0
401	402	403	404	1.0	692.9116314	0.5
402	403	404	405	1.0	230.7421998	1.0
402	403	404	405	1.0	692.2265994	0.5
403	404	405	406	1.0	232.8053845	1.0
403	404	405	406	1.0	698.4161536	0.5
404	405	406	407	1.0	225.4410185	1.0
404	405	406	407	1.0	676.3230555	0.5
405	406	407	408	1.0	236.8828536	1.0
405	406	407	408	1.0	710.6485608	0.5
406	407	408	409	1.0	231.5895705	1.0
406	407	408	409	1.0	694.7687115	0.5
407	408	409	410	1.0	234.500393	1.0
407	408	409	410	1.0	703.5011789	0.5
408	409	410	411	1.0	211.1557884	1.0
408	409	410	411	1.0	633.4673652	0.5
409	410	411	412	1.0	198.5745342	1.0
409	410	411	412	1.0	595.7236026	0.5
410	411	412	413	1.0	5.132767705	1.0
410	411	412	413	1.0	15.39830312	0.5
411	412	413	414	1.0	218.5112114	1.0
411	412	413	414	1.0	655.5336343	0.5
412	413	414	415	1.0	280.1487615	1.0
412	413	414	415	1.0	840.4462844	0.5
413	414	415	416	1.0	16.0144353	1.0
413	414	415	416	1.0	48.04330589	0.5
414	415	416	417	1.0	42.66326195	1.0
414	415	416	417	1.0	127.9897859	0.5
415	416	417	418	1.0	56.35674013	1.0
415	416	417	418	1.0	169.0702204	0.5
416	417	418	419	1.0	68.12374812	1.0
416	417	418	419	1.0	204.3712444	0.5
417	418	419	420	1.0	233.5980329	1.0
417	418	419	420	1.0	700.7940988	0.5
418	419	420	421	1.0	226.4383513	1.0
418	419	420	421	1.0	679.3150539	0.5
419	420	421	422	1.0	232.5038206	1.0
419	420	421	422	1.0	697.5114619	0.5
420	421	422	423	1.0	232.2366015	1.0
420	421	422	423	1.0	696.7098044	0.5
421	422	423	424	1.0	230.6511925	1.0
421	422	423	424	1.0	691.9535774	0.5
422	423	424	425	1.0	229.1856033	1.0
422	423	424	425	1.0	687.5568099	0.5
423	424	425	426	1.0	232.8164057	1.0
423	424	425	426	1.0	698.449217	0.5
424	425	426	427	1.0	227.6766457	1.0
424	425	426	427	1.0	683.0299372	0.5
425	426	427	428	1.0	232.6049379	1.0
425	426	427	428	1.0	697.8148136	0.5
426	427	428	429	1.0	225.1050899	1.0
426	427	428	429	1.0	675.3152698	0.5
427	428	429	430	1.0	226.7255188	1.0
427	428	429	430	1.0	680.1765564	0.5
428	429	430	431	1.0	231.0260048	1.0
428	429	430	431	1.0	693.0780143	0.5
429	430	431	432	1.0	223.4557813	1.0
429	430	431	432	1.0	670.367344	0.5
430	431	432	433	1.0	234.4103943	1.0
430	431	432	433	1.0	703.2311829	0.5
431	432	433	434	1.0	223.6794893	1.0
431	432	433	434	1.0	671.0384678	0.5
432	433	434	435	1.0	230.0693358	1.0
432	433	434	435	1.0	690.2080074	0.5
433	434	435	436	1.0	221.8065538	1.0
433	434	435	436	1.0	665.4196615	0.5
434	435	436	437	1.0	227.9831959	1.0
434	435	436	437	1.0	683.9495878	0.5
435	436	437	438	1.0	229.7891906	1.0
435	436	437	438	1.0	689.3675717	0.5
436	437	438	439	1.0	227.4890799	1.0
436	437	438	439	1.0	682.4672398	0.5
437	438	439	440	1.0	228.9928012	1.0
437	438	439	440	1.0	686.9784037	0.5
438	439	440	441	1.0	232.9465667	1.0
438	439	440	441	1.0	698.8397	0.5
439	440	441	442	1.0	225.3895428	1.0
439	440	441	442	1.0	676.1686284	0.5
440	441	442	443	1.0	233.112868	1.0
440	441	442	443	1.0	699.338604	0.5
441	442	443	444	1.0	227.2700203	1.0
441	442	443	444	1.0	681.8100609	0.5
442	443	444	445	1.0	226.3324156	1.0
442	443	444	445	1.0	678.9972467	0.5
443	444	445	446	1.0	235.7877702	1.0
443	444	445	446	1.0	707.3633105	0.5
444	445	446	447	1.0	222.3657904	1.0
444	445	446	447	1.0	667.0973712	0.5
445	446	447	448	1.0	62.42736178	1.0
445	446	447	448	1.0	187.2820853	0.5
446	447	448	449	1.0	321.8627045	1.0
446	447	448	449	1.0	965.5881134	0.5
447	448	449	450	1.0	19.65962872	1.0
447	448	449	450	1.0	58.97888616	0.5
448	449	450	451	1.0	256.1428542	1.0
448	449	450	451	1.0	768.4285627	0.5
449	450	451	452	1.0	29.78236067	1.0
449	450	451	452	1.0	89.34708201	0.5
450	451	452	453	1.0	357.8040953	1.0
450	451	452	453	1.0	1073.412286	0.5
451	452	453	454	1.0	88.36340173	1.0
451	452	453	454	1.0	265.0902052	0.5
452	453	454	455	1.0	244.6028756	1.0
452	453	454	455	1.0	733.8086268	0.5
453	454	455	456	1.0	225.3153639	1.0
453	454	455	456	1.0	675.9460916	0.5
454	455	456	457	1.0	231.8709104	1.0
454	455	456	457	1.0	695.6127312	0.5
455	456	457	458	1.0	229.9909481	1.0
455	456	457	458	1.0	689.9728443	0.5
456	457	458	459	1.0	224.3525267	1.0
456	457	458	459	1.0	673.0575802	0.5
457	458	459	460	1.0	233.1365021	1.0
457	458	459	460	1.0	699.4095063	0.5
458	459	460	461	1.0	232.1426855	1.0
458	459	460	461	1.0	696.4280566	0.5
459	460	461	462	1.0	229.1304807	1.0
459	460	461	462	1.0	687.3914421	0.5
460	461	462	463	1.0	226.1035913	1.0
460	461	462	463	1.0	678.3107738	0.5
461	462	463	464	1.0	217.8215253	1.0
461	462	463	464	1.0	653.4645758	0.5
462	463	464	465	1.0	249.7040483	1.0
462	463	464	465	1.0	749.112145	0.5
463	464	465	466	1.0	63.41689261	1.0
463	464	465	466	1.0	190.2506778	0.5
464	465	466	467	1.0	104.3702602	1.0
464	465	466	467	1.0	313.1107806	0.5
465	466	467	468	1.0	205.9229206	1.0
465	466	467	468	1.0	617.7687617	0.5
466	467	468	469	1.0	235.5473264	1.0
466	467	468	469	1.0	706.6419793	0.5
467	468	469	470	1.0	226.8740163	1.0
467	468	469	470	1.0	680.6220488	0.5
468	469	470	471	1.0	234.1342781	1.0
468	469	470	471	1.0	702.4028342	0.5
469	470	471	472	1.0	218.3957242	1.0
469	470	471	472	1.0	655.1871726	0.5
470	471	472	473	1.0	233.4026567	1.0
470	471	472	473	1.0	700.2079701	0.5
471	472	473	474	1.0	228.4545953	1.0
471	472	473	474	1.0	685.363786	0.5
472	473	474	475	1.0	231.3730452	1.0
472	473	474	475	1.0	694.1191356	0.5
473	474	475	476	1.0	223.5608014	1.0
473	474	475	476	1.0	670.6824041	0.5
474	475	476	477	1.0	230.0254396	1.0
474	475	476	477	1.0	690.0763189	0.5
475	476	477	478	1.0	225.2522469	1.0
475	476	477	478	1.0	675.7567406	0.5
476	477	478	479	1.0	231.3149685	1.0
476	477	478	479	1.0	693.9449054	0.5
477	478	479	480	1.0	230.05934	1.0
477	478	479	480	1.0	690.17802	0.5
478	479	480	481	1.0	226.1920511	1.0
478	479	480	481	1.0	678.5761533	0.5
479	480	481	482	1.0	231.5078514	1.0
479	480	481	482	1.0	694.5235541	0.5
480	481	482	483	1.0	224.7252281	1.0
480	481	482	483	1.0	674.1756844	0.5
481	482	483	484	1.0	233.0506453	1.0
481	482	483	484	1.0	699.151936	0.5
482	483	484	485	1.0	225.2247654	1.0
482	483	484	485	1.0	675.6742963	0.5
483	484	485	486	1.0	250.0450626	1.0
483	484	485	486	1.0	750.1351877	0.5
484	485	486	487	1.0	267.5837946	1.0
484	485	486	487	1.0	802.7513838	0.5
531	532	533	534	1.0	219.2895349	1.0
531	532	533	534	1.0	657.8686048	0.5
532	533	534	535	1.0	237.7439869	1.0
532	533	534	535	1.0	713.2319606	0.5
533	534	535	536	1.0	225.8005399	1.0
533	534	535	536	1.0	677.4016198	0.5
534	535	536	537	1.0	234.0851645	1.0
534	535	536	537	1.0	702.2554936	0.5
535	536	537	538	1.0	228.6044948	1.0
535	536	537	538	1.0	685.8134845	0.5
536	537	538	539	1.0	235.1101437	1.0
536	537	538	539	1.0	705.3304312	0.5
537	538	539	540	1.0	225.6482871	1.0
537	538	539	540	1.0	676.9448612	0.5
538	539	540	541	1.0	229.5244358	1.0
538	539	540	541	1.0	688.5733075	0.5
539	540	541	542	1.0	220.6513829	1.0
539	540	541	542	1.0	661.9541488	0.5
540	541	542	543	1.0	237.0774303	1.0
540	541	542	543	1.0	711.2322909	0.5
541	542	543	544	1.0	230.9285643	1.0
541	542	543	544	1.0	692.7856928	0.5
542	543	544	545	1.0	243.820172	1.0
542	543	544	545	1.0	731.4605159	0.5
543	544	545	546	1.0	19.78916588	1.0
543	544	545	546	1.0	59.36749764	0.5
544	545	546	547	1.0	305.2643638	1.0
544	545	546	547	1.0	915.7930913	0.5
545	546	547	548	1.0	85.045373	1.0
545	546	547	548	1.0	255.136119	0.5
546	547	548	549	1.0	25.22406344	1.0
546	547	548	549	1.0	75.67219032	0.5
547	548	549	550	1.0	255.8297177	1.0
547	548	549	550	1.0	767.4891531	0.5
548	549	550	551	1.0	78.51312311	1.0
548	549	550	551	1.0	235.5393693	0.5
549	550	551	552	1.0	49.61008208	1.0
549	550	551	552	1.0	148.8302462	0.5
550	551	552	553	1.0	223.6375607	1.0
550	551	552	553	1.0	670.9126821	0.5
551	552	553	554	1.0	231.1026315	1.0
551	552	553	554	1.0	693.3078944	0.5
552	553	554	555	1.0	227.8662514	1.0
552	553	554	555	1.0	683.5987543	0.5
553	554	555	556	1.0	234.6516009	1.0
553	554	555	556	1.0	703.9548026	0.5
554	555	556	557	1.0	230.2595409	1.0
554	555	556	557	1.0	690.7786228	0.5
555	556	557	558	1.0	232.1521371	1.0
555	556	557	558	1.0	696.4564112	0.5
556	557	558	559	1.0	228.2528975	1.0
556	557	558	559	1.0	684.7586925	0.5
557	558	559	560	1.0	226.5805076	1.0
557	558	559	560	1.0	679.7415229	0.5
558	559	560	561	1.0	230.7531286	1.0
558	559	560	561	1.0	692.2593858	0.5
559	560	561	562	1.0	223.8346617	1.0
559	560	561	562	1.0	671.5039851	0.5
560	561	562	563	1.0	227.3402796	1.0
560	561	562	563	1.0	682.0208389	0.5
561	562	563	564	1.0	236.5949362	1.0
561	562	563	564	1.0	709.7848086	0.5
562	563	564	565	1.0	236.5348082	1.0
562	563	564	565	1.0	709.6044246	0.5
563	564	565	566	1.0	222.3649931	1.0
563	564	565	566	1.0	667.0949792	0.5
564	565	566	567	1.0	179.4251032	1.0
564	565	566	567	1.0	538.2753097	0.5
565	566	567	568	1.0	45.68125201	1.0
565	566	567	568	1.0	137.043756	0.5
566	567	568	569	1.0	211.5018814	1.0
566	567	568	569	1.0	634.5056443	0.5
567	568	569	570	1.0	332.7507576	1.0
567	568	569	570	1.0	998.2522727	0.5
568	569	570	571	1.0	18.9951389	1.0
568	569	570	571	1.0	56.9854167	0.5
569	570	571	572	1.0	37.66730009	1.0
569	570	571	572	1.0	113.0019003	0.5
570	571	572	573	1.0	52.38030482	1.0
570	571	572	573	1.0	157.1409145	0.5
571	572	573	574	1.0	55.4620253	1.0
571	572	573	574	1.0	166.3860759	0.5
572	573	574	575	1.0	235.82718	1.0
572	573	574	575	1.0	707.4815399	0.5
573	574	575	576	1.0	241.1967807	1.0
573	574	575	576	1.0	723.5903421	0.5
574	575	576	577	1.0	224.614595	1.0
574	575	576	577	1.0	673.843785	0.5
575	576	577	578	1.0	229.6681479	1.0
575	576	577	578	1.0	689.0044437	0.5
576	577	578	579	1.0	233.2291441	1.0
576	577	578	579	1.0	699.6874322	0.5
577	578	579	580	1.0	227.5498667	1.0
577	578	579	580	1.0	682.6496	0.5
578	579	580	581	1.0	228.5127012	1.0
578	579	580	581	1.0	685.5381035	0.5
579	580	581	582	1.0	228.9856318	1.0
579	580	581	582	1.0	686.9568955	0.5
580	581	582	583	1.0	223.8759432	1.0
580	581	582	583	1.0	671.6278297	0.5
581	582	583	584	1.0	231.0059155	1.0
581	582	583	584	1.0	693.0177466	0.5
582	583	584	585	1.0	225.4997954	1.0
582	583	584	585	1.0	676.4993861	0.5
583	584	585	586	1.0	229.7827547	1.0
583	584	585	586	1.0	689.3482641	0.5
584	585	586	587	1.0	230.9493984	1.0
584	585	586	587	1.0	692.8481952	0.5
585	586	587	588	1.0	223.9712	1.0
585	586	587	588	1.0	671.9136	0.5
586	587	588	589	1.0	231.2546565	1.0
586	587	588	589	1.0	693.7639695	0.5
587	588	589	590	1.0	226.5682716	1.0
587	588	589	590	1.0	679.7048149	0.5
588	589	590	591	1.0	231.6968791	1.0
588	589	590	591	1.0	695.0906372	0.5
589	590	591	592	1.0	232.4789096	1.0
589	590	591	592	1.0	697.4367288	0.5
590	591	592	593	1.0	234.9925549	1.0
590	591	592	593	1.0	704.9776647	0.5
591	592	593	594	1.0	222.2204877	1.0
591	592	593	594	1.0	666.6614632	0.5
592	593	594	595	1.0	232.5664264	1.0
592	593	594	595	1.0	697.6992792	0.5
593	594	595	596	1.0	232.624893	1.0
593	594	595	596	1.0	697.8746791	0.5
594	595	596	597	1.0	233.4490973	1.0
594	595	596	597	1.0	700.347292	0.5
595	596	597	598	1.0	230.2125347	1.0
595	596	597	598	1.0	690.637604	0.5
596	597	598	599	1.0	228.2468665	1.0
596	597	598	599	1.0	684.7405994	0.5
597	598	599	600	1.0	228.1139104	1.0
597	598	599	600	1.0	684.3417311	0.5
598	599	600	601	1.0	239.0237468	1.0
598	599	600	601	1.0	717.0712404	0.5
599	600	601	602	1.0	229.9621646	1.0
599	600	601	602	1.0	689.8864939	0.5
600	601	602	603	1.0	76.01603697	1.0
600	601	602	603	1.0	228.0481109	0.5
601	602	603	604	1.0	298.6402477	1.0
601	602	603	604	1.0	895.920743	0.5
602	603	604	605	1.0	19.67463834	1.0
602	603	604	605	1.0	59.02391502	0.5
603	604	605	606	1.0	265.8589335	1.0
603	604	605	606	1.0	797.5768005	0.5
604	605	606	607	1.0	42.43541276	1.0
604	605	606	607	1.0	127.3062383	0.5
605	606	607	608	1.0	4.458633514	1.0
605	606	607	608	1.0	13.37590054	0.5
606	607	608	609	1.0	84.15950814	1.0
606	607	608	609	1.0	252.4785244	0.5
607	608	609	610	1.0	239.3193153	1.0
607	608	609	610	1.0	717.957946	0.5
608	609	610	611	1.0	233.9311693	1.0
608	609	610	611	1.0	701.793508	0.5
609	610	611	612	1.0	226.5365536	1.0
609	610	611	612	1.0	679.6096608	0.5
610	611	612	613	1.0	230.2962396	1.0
610	611	612	613	1.0	690.8887187	0.5
611	612	613	614	1.0	229.2041528	1.0
611	612	613	614	1.0	687.6124584	0.5
612	613	614	615	1.0	228.7105536	1.0
612	613	614	615	1.0	686.1316609	0.5
613	614	615	616	1.0	227.7392641	1.0
613	614	615	616	1.0	683.2177924	0.5
614	615	616	617	1.0	230.439236	1.0
614	615	616	617	1.0	691.3177081	0.5
615	616	617	618	1.0	225.8146052	1.0
615	616	617	618	1.0	677.4438157	0.5
616	617	618	619	1.0	235.8050439	1.0
616	617	618	619	1.0	707.4151316	0.5
617	618	619	620	1.0	62.18472052	1.0
617	618	619	620	1.0	186.5541615	0.5
618	619	620	621	1.0	297.2994775	1.0
618	619	620	621	1.0	891.8984326	0.5
619	620	621	622	1.0	195.9132474	1.0
619	620	621	622	1.0	587.7397421	0.5
647	648	649	650	1.0	245.0028882	1.0
647	648	649	650	1.0	735.0086647	0.5
648	649	650	651	1.0	254.7769375	1.0
648	649	650	651	1.0	764.3308125	0.5
649	650	651	652	1.0	262.7134054	1.0
649	650	651	652	1.0	788.1402163	0.5
650	651	652	653	1.0	22.62886526	1.0
650	651	652	653	1.0	67.88659577	0.5
651	652	653	654	1.0	68.56509987	1.0
651	652	653	654	1.0	205.6952996	0.5
652	653	654	655	1.0	230.4761543	1.0
652	653	654	655	1.0	691.428463	0.5
653	654	655	656	1.0	229.9124705	1.0
653	654	655	656	1.0	689.7374114	0.5
654	655	656	657	1.0	225.5934433	1.0
654	655	656	657	1.0	676.7803299	0.5
655	656	657	658	1.0	233.9497872	1.0
655	656	657	658	1.0	701.8493616	0.5
656	657	658	659	1.0	229.9546258	1.0
656	657	658	659	1.0	689.8638773	0.5
657	658	659	660	1.0	228.1038663	1.0
657	658	659	660	1.0	684.3115989	0.5
658	659	660	661	1.0	230.0512333	1.0
658	659	660	661	1.0	690.1536998	0.5
659	660	661	662	1.0	232.9222167	1.0
659	660	661	662	1.0	698.76665	0.5
660	661	662	663	1.0	228.3196637	1.0
660	661	662	663	1.0	684.958991	0.5
661	662	663	664	1.0	236.4914443	1.0
661	662	663	664	1.0	709.4743329	0.5
662	663	664	665	1.0	71.20987936	1.0
662	663	664	665	1.0	213.6296381	0.5
663	664	665	666	1.0	331.4520447	1.0
663	664	665	666	1.0	994.3561341	0.5
664	665	666	667	1.0	1.466759231	1.0
664	665	666	667	1.0	4.400277694	0.5
665	666	667	668	1.0	208.812592	1.0
665	666	667	668	1.0	626.4377761	0.5
666	667	668	669	1.0	16.22421463	1.0
666	667	668	669	1.0	48.67264389	0.5
667	668	669	670	1.0	50.52489526	1.0
667	668	669	670	1.0	151.5746858	0.5
668	669	670	671	1.0	64.66863141	1.0
668	669	670	671	1.0	194.0058942	0.5
669	670	671	672	1.0	238.1513607	1.0
669	670	671	672	1.0	714.4540822	0.5
670	671	672	673	1.0	264.9186227	1.0
670	671	672	673	1.0	794.7558681	0.5
671	672	673	674	1.0	241.7680587	1.0
671	672	673	674	1.0	725.3041761	0.5
672	673	674	675	1.0	219.8052982	1.0
672	673	674	675	1.0	659.4158947	0.5
673	674	675	676	1.0	234.3202372	1.0
673	674	675	676	1.0	702.9607117	0.5
674	675	676	677	1.0	228.7819233	1.0
674	675	676	677	1.0	686.3457699	0.5
675	676	677	678	1.0	232.4368527	1.0
675	676	677	678	1.0	697.310558	0.5
676	677	678	679	1.0	230.3614571	1.0
676	677	678	679	1.0	691.0843712	0.5
677	678	679	680	1.0	226.7581732	1.0
677	678	679	680	1.0	680.2745197	0.5
678	679	680	681	1.0	229.1729361	1.0
678	679	680	681	1.0	687.5188084	0.5
679	680	681	682	1.0	234.751833	1.0
679	680	681	682	1.0	704.2554991	0.5
680	681	682	683	1.0	225.9238167	1.0
680	681	682	683	1.0	677.7714501	0.5
681	682	683	684	1.0	230.4115953	1.0
681	682	683	684	1.0	691.2347858	0.5
682	683	684	685	1.0	223.0058447	1.0
682	683	684	685	1.0	669.0175342	0.5
683	684	685	686	1.0	234.6414494	1.0
683	684	685	686	1.0	703.9243481	0.5
684	685	686	687	1.0	228.2060769	1.0
684	685	686	687	1.0	684.6182307	0.5
685	686	687	688	1.0	220.1930369	1.0
685	686	687	688	1.0	660.5791108	0.5
686	687	688	689	1.0	228.1170138	1.0
686	687	688	689	1.0	684.3510415	0.5
687	688	689	690	1.0	237.923353	1.0
687	688	689	690	1.0	713.7700591	0.5
688	689	690	691	1.0	219.7308267	1.0
688	689	690	691	1.0	659.1924802	0.5
689	690	691	692	1.0	233.8575972	1.0
689	690	691	692	1.0	701.5727915	0.5
690	691	692	693	1.0	226.4095778	1.0
690	691	692	693	1.0	679.2287335	0.5
691	692	693	694	1.0	237.3498633	1.0
691	692	693	694	1.0	712.0495899	0.5
692	693	694	695	1.0	226.1345943	1.0
692	693	694	695	1.0	678.4037829	0.5
693	694	695	696	1.0	231.3490102	1.0
693	694	695	696	1.0	694.0470305	0.5
694	695	696	697	1.0	224.2051407	1.0
694	695	696	697	1.0	672.615422	0.5
695	696	697	698	1.0	236.4558328	1.0
695	696	697	698	1.0	709.3674984	0.5
696	697	698	699	1.0	230.1674342	1.0
696	697	698	699	1.0	690.5023026	0.5
697	698	699	700	1.0	60.05525927	1.0
697	698	699	700	1.0	180.1657778	0.5
698	699	700	701	1.0	318.0163816	1.0
698	699	700	701	1.0	954.0491448	0.5
699	700	701	702	1.0	23.77928094	1.0
699	700	701	702	1.0	71.33784281	0.5
700	701	702	703	1.0	256.6347184	1.0
700	701	702	703	1.0	769.9041552	0.5
701	702	703	704	1.0	45.57475036	1.0
701	702	703	704	1.0	136.7242511	0.5
702	703	704	705	1.0	27.82269755	1.0
702	703	704	705	1.0	83.46809265	0.5
703	704	705	706	1.0	65.00450759	1.0
703	704	705	706	1.0	195.0135228	0.5
704	705	706	707	1.0	237.04733	1.0
704	705	706	707	1.0	711.1419899	0.5
705	706	707	708	1.0	235.2232504	1.0
705	706	707	708	1.0	705.6697512	0.5
706	707	708	709	1.0	224.8669493	1.0
706	707	708	709	1.0	674.6008478	0.5
707	708	709	710	1.0	231.6155042	1.0
707	708	709	710	1.0	694.8465126	0.5
708	709	710	711	1.0	225.4720699	1.0
708	709	710	711	1.0	676.4162096	0.5
709	710	711	712	1.0	230.3821287	1.0
709	710	711	712	1.0	691.146386	0.5
710	711	712	713	1.0	227.9318375	1.0
710	711	712	713	1.0	683.7955125	0.5
711	712	713	714	1.0	231.488108	1.0
711	712	713	714	1.0	694.4643241	0.5
712	713	714	715	1.0	233.0184907	1.0
712	713	714	715	1.0	699.0554722	0.5
713	714	715	716	1.0	231.6762743	1.0
713	714	715	716	1.0	695.0288229	0.5
714	715	716	717	1.0	73.37660214	1.0
714	715	716	717	1.0	220.1298064	0.5
715	716	717	718	1.0	294.0887795	1.0
715	716	717	718	1.0	882.2663386	0.5
716	717	718	719	1.0	10.01124666	1.0
716	717	718	719	1.0	30.03373997	0.5
717	718	719	720	1.0	21.21285098	1.0
717	718	719	720	1.0	63.63855294	0.5
718	719	720	721	1.0	19.70721755	1.0
718	719	720	721	1.0	59.12165265	0.5
719	720	721	722	1.0	231.0176226	1.0
719	720	721	722	1.0	693.0528679	0.5
720	721	722	723	1.0	255.2869795	1.0
720	721	722	723	1.0	765.8609385	0.5
721	722	723	724	1.0	99.56586467	1.0
721	722	723	724	1.0	298.697594	0.5
745	746	747	748	1.0	318.330531	1.0
745	746	747	748	1.0	954.991593	0.5
746	747	748	749	1.0	21.01292012	1.0
746	747	748	749	1.0	63.03876035	0.5
747	748	749	750	1.0	266.9692785	1.0
747	748	749	750	1.0	800.9078356	0.5
748	749	750	751	1.0	79.16270644	1.0
748	749	750	751	1.0	237.4881193	0.5
749	750	751	752	1.0	4.217485832	1.0
749	750	751	752	1.0	12.6524575	0.5
750	751	752	753	1.0	231.9894207	1.0
750	751	752	753	1.0	695.9682622	0.5
751	752	753	754	1.0	228.0349467	1.0
751	752	753	754	1.0	684.1048401	0.5
752	753	754	755	1.0	230.4366506	1.0
752	753	754	755	1.0	691.3099518	0.5
753	754	755	756	1.0	230.8147485	1.0
753	754	755	756	1.0	692.4442454	0.5
754	755	756	757	1.0	226.3532246	1.0
754	755	756	757	1.0	679.0596737	0.5
755	756	757	758	1.0	231.0296873	1.0
755	756	757	758	1.0	693.089062	0.5
756	757	758	759	1.0	231.0954127	1.0
756	757	758	759	1.0	693.2862381	0.5
757	758	759	760	1.0	227.26126	1.0
757	758	759	760	1.0	681.78378	0.5
758	759	760	761	1.0	223.3091564	1.0
758	759	760	761	1.0	669.9274693	0.5
759	760	761	762	1.0	251.5544278	1.0
759	760	761	762	1.0	754.6632833	0.5
760	761	762	763	1.0	50.63279342	1.0
760	761	762	763	1.0	151.8983803	0.5
761	762	763	764	1.0	319.6147684	1.0
761	762	763	764	1.0	958.8443052	0.5
762	763	764	765	1.0	166.3633535	1.0
762	763	764	765	1.0	499.0900605	0.5
763	764	765	766	1.0	74.23183816	1.0
763	764	765	766	1.0	222.6955145	0.5
764	765	766	767	1.0	202.4509437	1.0
764	765	766	767	1.0	607.352831	0.5
765	766	767	768	1.0	26.46468571	1.0
765	766	767	768	1.0	79.39405713	0.5
766	767	768	769	1.0	46.93531993	1.0
766	767	768	769	1.0	140.8059598	0.5
767	768	769	770	1.0	65.79787043	1.0
767	768	769	770	1.0	197.3936113	0.5
768	769	770	771	1.0	231.0012566	1.0
768	769	770	771	1.0	693.0037697	0.5
769	770	771	772	1.0	256.8487859	1.0
769	770	771	772	1.0	770.5463576	0.5
770	771	772	773	1.0	224.4462022	1.0
770	771	772	773	1.0	673.3386066	0.5
771	772	773	774	1.0	231.876304	1.0
771	772	773	774	1.0	695.6289121	0.5
772	773	774	775	1.0	224.4692978	1.0
772	773	774	775	1.0	673.4078933	0.5
773	774	775	776	1.0	225.4352666	1.0
773	774	775	776	1.0	676.3057999	0.5
774	775	776	777	1.0	232.3837353	1.0
774	775	776	777	1.0	697.1512058	0.5
775	776	777	778	1.0	231.8205007	1.0
775	776	777	778	1.0	695.461502	0.5
776	777	778	779	1.0	228.0576268	1.0
776	777	778	779	1.0	684.1728804	0.5
777	778	779	780	1.0	229.3715668	1.0
777	778	779	780	1.0	688.1147004	0.5
778	779	780	781	1.0	227.2212809	1.0
778	779	780	781	1.0	681.6638426	0.5
779	780	781	782	1.0	231.1635054	1.0
779	780	781	782	1.0	693.4905162	0.5
780	781	782	783	1.0	226.9008985	1.0
780	781	782	783	1.0	680.7026954	0.5
781	782	783	784	1.0	231.9086588	1.0
781	782	783	784	1.0	695.7259763	0.5
782	783	784	785	1.0	229.4958216	1.0
782	783	784	785	1.0	688.4874649	0.5
783	784	785	786	1.0	233.4820972	1.0
783	784	785	786	1.0	700.4462915	0.5
784	785	786	787	1.0	220.5221847	1.0
784	785	786	787	1.0	661.5665542	0.5
785	786	787	788	1.0	230.2568613	1.0
785	786	787	788	1.0	690.7705839	0.5
786	787	788	789	1.0	233.2408438	1.0
786	787	788	789	1.0	699.7225314	0.5
787	788	789	790	1.0	221.0387317	1.0
787	788	789	790	1.0	663.1161952	0.5
788	789	790	791	1.0	228.2677392	1.0
788	789	790	791	1.0	684.8032177	0.5
789	790	791	792	1.0	232.6981429	1.0
789	790	791	792	1.0	698.0944288	0.5
790	791	792	793	1.0	230.3712411	1.0
790	791	792	793	1.0	691.1137234	0.5
791	792	793	794	1.0	230.1345649	1.0
791	792	793	794	1.0	690.4036947	0.5
792	793	794	795	1.0	229.6854251	1.0
792	793	794	795	1.0	689.0562754	0.5
793	794	795	796	1.0	230.6995506	1.0
793	794	795	796	1.0	692.0986519	0.5
794	795	796	797	1.0	232.1833853	1.0
794	795	796	797	1.0	696.550156	0.5
795	796	797	798	1.0	231.2222053	1.0
795	796	797	798	1.0	693.6666159	0.5
796	797	798	799	1.0	73.12216902	1.0
796	797	798	799	1.0	219.3665071	0.5
797	798	799	800	1.0	303.962934	1.0
797	798	799	800	1.0	911.8888021	0.5
798	799	800	801	1.0	16.55707491	1.0
798	799	800	801	1.0	49.67122472	0.5
799	800	801	802	1.0	252.960486	1.0
799	800	801	802	1.0	758.8814579	0.5
800	801	802	803	1.0	47.43408881	1.0
800	801	802	803	1.0	142.3022664	0.5
801	802	803	804	1.0	358.6676666	1.0
801	802	803	804	1.0	1076.003	0.5
802	803	804	805	1.0	91.90633194	1.0
802	803	804	805	1.0	275.7189958	0.5
803	804	805	806	1.0	242.1753846	1.0
803	804	805	806	1.0	726.5261537	0.5
804	805	806	807	1.0	229.9698841	1.0
804	805	806	807	1.0	689.9096522	0.5
805	806	807	808	1.0	230.5591966	1.0
805	806	807	808	1.0	691.6775897	0.5
806	807	808	809	1.0	227.7233977	1.0
806	807	808	809	1.0	683.170193	0.5
807	808	809	810	1.0	228.501375	1.0
807	808	809	810	1.0	685.5041249	0.5
808	809	810	811	1.0	229.8038028	1.0
808	809	810	811	1.0	689.4114083	0.5
809	810	811	812	1.0	220.7804877	1.0
809	810	811	812	1.0	662.341463	0.5
810	811	812	813	1.0	227.5601851	1.0
810	811	812	813	1.0	682.6805554	0.5
811	812	813	814	1.0	230.2676114	1.0
811	812	813	814	1.0	690.8028341	0.5
812	813	814	815	1.0	259.8464863	1.0
812	813	814	815	1.0	779.5394588	0.5
813	814	815	816	1.0	28.13065532	1.0
813	814	815	816	1.0	84.39196597	0.5
814	815	816	817	1.0	220.2600511	1.0
814	815	816	817	1.0	660.7801534	0.5
815	816	817	818	1.0	226.0161563	1.0
815	816	817	818	1.0	678.048469	0.5
816	817	818	819	1.0	235.6821099	1.0
816	817	818	819	1.0	707.0463297	0.5
817	818	819	820	1.0	224.5462481	1.0
817	818	819	820	1.0	673.6387443	0.5
818	819	820	821	1.0	230.993154	1.0
818	819	820	821	1.0	692.9794619	0.5
819	820	821	822	1.0	215.6165828	1.0
819	820	821	822	1.0	646.8497483	0.5
820	821	822	823	1.0	305.76482	1.0
820	821	822	823	1.0	917.2944601	0.5
821	822	823	824	1.0	216.7099839	1.0
821	822	823	824	1.0	650.1299518	0.5
822	823	824	825	1.0	280.6774997	1.0
822	823	824	825	1.0	842.0324991	0.5
823	824	825	826	1.0	30.71230611	1.0
823	824	825	826	1.0	92.13691833	0.5
824	825	826	827	1.0	28.14569602	1.0
824	825	826	827	1.0	84.43708807	0.5
825	826	827	828	1.0	54.89215632	1.0
825	826	827	828	1.0	164.676469	0.5
826	827	828	829	1.0	189.8169752	1.0
826	827	828	829	1.0	569.4509257	0.5
827	828	829	830	1.0	301.4762659	1.0
827	828	829	830	1.0	904.4287977	0.5
828	829	830	831	1.0	15.22289011	1.0
828	829	830	831	1.0	45.66867033	0.5
829	830	831	832	1.0	102.5688996	1.0
829	830	831	832	1.0	307.7066987	0.5
830	831	832	833	1.0	91.01450296	1.0
830	831	832	833	1.0	273.0435089	0.5
831	832	833	834	1.0	79.95497914	1.0
831	832	833	834	1.0	239.8649374	0.5
832	833	834	835	1.0	330.7056479	1.0
832	833	834	835	1.0	992.1169438	0.5
833	834	835	836	1.0	1.338315124	1.0
833	834	835	836	1.0	4.014945372	0.5
834	835	836	837	1.0	65.40705845	1.0
834	835	836	837	1.0	196.2211754	0.5
835	836	837	838	1.0	53.70009664	1.0
835	836	837	838	1.0	161.1002899	0.5
836	837	838	839	1.0	243.1460979	1.0
836	837	838	839	1.0	729.4382936	0.5
888	889	890	891	1.0	230.6773716	1.0
888	889	890	891	1.0	692.0321148	0.5
889	890	891	892	1.0	234.00348	1.0
889	890	891	892	1.0	702.0104401	0.5
890	891	892	893	1.0	231.6507856	1.0
890	891	892	893	1.0	694.9523568	0.5
891	892	893	894	1.0	228.8879262	1.0
891	892	893	894	1.0	686.6637786	0.5
892	893	894	895	1.0	237.275164	1.0
892	893	894	895	1.0	711.8254921	0.5
893	894	895	896	1.0	233.1190467	1.0
893	894	895	896	1.0	699.35714	0.5
894	895	896	897	1.0	231.0163803	1.0
894	895	896	897	1.0	693.0491408	0.5
895	896	897	898	1.0	212.2162613	1.0
895	896	897	898	1.0	636.648784	0.5
896	897	898	899	1.0	196.1683141	1.0
896	897	898	899	1.0	588.5049424	0.5
897	898	899	900	1.0	1.924273266	1.0
897	898	899	900	1.0	5.772819798	0.5
898	899	900	901	1.0	223.2095076	1.0
898	899	900	901	1.0	669.6285227	0.5
899	900	901	902	1.0	275.9525145	1.0
899	900	901	902	1.0	827.8575436	0.5
900	901	902	903	1.0	15.91238371	1.0
900	901	902	903	1.0	47.73715112	0.5
901	902	903	904	1.0	41.96544709	1.0
901	902	903	904	1.0	125.8963413	0.5
902	903	904	905	1.0	56.83925147	1.0
902	903	904	905	1.0	170.5177544	0.5
903	904	905	906	1.0	67.99526756	1.0
903	904	905	906	1.0	203.9858027	0.5
904	905	906	907	1.0	231.131507	1.0
904	905	906	907	1.0	693.3945211	0.5
905	906	907	908	1.0	228.1146087	1.0
905	906	907	908	1.0	684.3438262	0.5
906	907	908	909	1.0	232.6581022	1.0
906	907	908	909	1.0	697.9743065	0.5
907	908	909	910	1.0	233.1635484	1.0
907	908	909	910	1.0	699.4906451	0.5
908	909	910	911	1.0	232.7942849	1.0
908	909	910	911	1.0	698.3828546	0.5
909	910	911	912	1.0	228.2906335	1.0
909	910	911	912	1.0	684.8719005	0.5
910	911	912	913	1.0	231.4020948	1.0
910	911	912	913	1.0	694.2062845	0.5
911	912	913	914	1.0	228.1349436	1.0
911	912	913	914	1.0	684.4048307	0.5
912	913	914	915	1.0	233.5002438	1.0
912	913	914	915	1.0	700.5007315	0.5
913	914	915	916	1.0	223.6926372	1.0
913	914	915	916	1.0	671.0779117	0.5
914	915	916	917	1.0	230.0434275	1.0
914	915	916	917	1.0	690.1302825	0.5
915	916	917	918	1.0	230.1156431	1.0
915	916	917	918	1.0	690.3469293	0.5
916	917	918	919	1.0	224.3258817	1.0
916	917	918	919	1.0	672.9776451	0.5
917	918	919	920	1.0	234.7321942	1.0
917	918	919	920	1.0	704.1965826	0.5
918	919	920	921	1.0	225.8680435	1.0
918	919	920	921	1.0	677.6041306	0.5
919	920	921	922	1.0	227.6261613	1.0
919	920	921	922	1.0	682.8784838	0.5
920	921	922	923	1.0	223.037212	1.0
920	921	922	923	1.0	669.111636	0.5
921	922	923	924	1.0	225.6730414	1.0
921	922	923	924	1.0	677.0191242	0.5
922	923	924	925	1.0	230.6896114	1.0
922	923	924	925	1.0	692.0688343	0.5
923	924	925	926	1.0	226.7703053	1.0
923	924	925	926	1.0	680.3109159	0.5
924	925	926	927	1.0	230.1854756	1.0
924	925	926	927	1.0	690.5564268	0.5
925	926	927	928	1.0	233.2447953	1.0
925	926	927	928	1.0	699.7343859	0.5
926	927	928	929	1.0	224.8963011	1.0
926	927	928	929	1.0	674.6889034	0.5
927	928	929	930	1.0	235.5315265	1.0
927	928	929	930	1.0	706.5945794	0.5
928	929	930	931	1.0	223.9933578	1.0
928	929	930	931	1.0	671.9800735	0.5
929	930	931	932	1.0	229.6909242	1.0
929	930	931	932	1.0	689.0727726	0.5
930	931	932	933	1.0	233.3389735	1.0
930	931	932	933	1.0	700.0169205	0.5
931	932	933	934	1.0	224.4384164	1.0
931	932	933	934	1.0	673.3152491	0.5
932	933	934	935	1.0	64.16481376	1.0
932	933	934	935	1.0	192.4944413	0.5
933	934	935	936	1.0	321.8519758	1.0
933	934	935	936	1.0	965.5559274	0.5
934	935	936	937	1.0	20.81186595	1.0
934	935	936	937	1.0	62.43559784	0.5
935	936	937	938	1.0	258.9631622	1.0
935	936	937	938	1.0	776.8894866	0.5
936	937	938	939	1.0	27.39765199	1.0
936	937	938	939	1.0	82.19295598	0.5
937	938	939	940	1.0	353.1777239	1.0
937	938	939	940	1.0	1059.533172	0.5
938	939	940	941	1.0	90.61248376	1.0
938	939	940	941	1.0	271.8374513	0.5
939	940	941	942	1.0	244.2420407	1.0
939	940	941	942	1.0	732.726122	0.5
940	941	942	943	1.0	226.0398404	1.0
940	941	942	943	1.0	678.1195211	0.5
941	942	943	944	1.0	231.7446429	1.0
941	942	943	944	1.0	695.2339287	0.5
942	943	944	945	1.0	228.9789952	1.0
942	943	944	945	1.0	686.9369855	0.5
943	944	945	946	1.0	223.8489957	1.0
943	944	945	946	1.0	671.5469871	0.5
944	945	946	947	1.0	233.1413844	1.0
944	945	946	947	1.0	699.4241533	0.5
945	946	947	948	1.0	231.1142518	1.0
945	946	947	948	1.0	693.3427553	0.5
946	947	948	949	1.0	230.8545825	1.0
946	947	948	949	1.0	692.5637476	0.5
947	948	949	950	1.0	225.1607311	1.0
947	948	949	950	1.0	675.4821933	0.5
948	949	950	951	1.0	218.6347516	1.0
948	949	950	951	1.0	655.9042549	0.5
949	950	951	952	1.0	249.3706951	1.0
949	950	951	952	1.0	748.1120854	0.5
950	951	952	953	1.0	68.0950403	1.0
950	951	952	953	1.0	204.2851209	0.5
951	952	953	954	1.0	99.3530721	1.0
951	952	953	954	1.0	298.0592163	0.5
952	953	954	955	1.0	207.3910455	1.0
952	953	954	955	1.0	622.1731365	0.5
953	954	955	956	1.0	236.9426646	1.0
953	954	955	956	1.0	710.8279938	0.5
954	955	956	957	1.0	229.2639533	1.0
954	955	956	957	1.0	687.7918599	0.5
955	956	957	958	1.0	233.543023	1.0
955	956	957	958	1.0	700.629069	0.5
956	957	958	959	1.0	220.0990422	1.0
956	957	958	959	1.0	660.2971265	0.5
957	958	959	960	1.0	233.1133956	1.0
957	958	959	960	1.0	699.3401869	0.5
958	959	960	961	1.0	226.414632	1.0
958	959	960	961	1.0	679.2438959	0.5
959	960	961	962	1.0	231.139128	1.0
959	960	961	962	1.0	693.4173841	0.5
960	961	962	963	1.0	225.7907865	1.0
960	961	962	963	1.0	677.3723595	0.5
961	962	963	964	1.0	229.0137188	1.0
961	962	963	964	1.0	687.0411565	0.5
962	963	964	965	1.0	228.3046248	1.0
962	963	964	965	1.0	684.9138745	0.5
963	964	965	966	1.0	232.2141894	1.0
963	964	965	966	1.0	696.6425682	0.5
964	965	966	967	1.0	228.7050299	1.0
964	965	966	967	1.0	686.1150897	0.5
965	966	967	968	1.0	228.8777118	1.0
965	966	967	968	1.0	686.6331354	0.5
966	967	968	969	1.0	227.8981437	1.0
966	967	968	969	1.0	683.6944311	0.5
967	968	969	970	1.0	223.9815401	1.0
967	968	969	970	1.0	671.9446202	0.5
968	969	970	971	1.0	230.2150951	1.0
968	969	970	971	1.0	690.6452852	0.5
969	970	971	972	1.0	228.2633325	1.0
969	970	971	972	1.0	684.7899976	0.5
970	971	972	973	1.0	228.9797494	1.0
970	971	972	973	1.0	686.9392482	0.5
971	972	973	974	1.0	291.3728632	1.0
971	972	973	974	1.0	874.1185897	0.5
