;ai	aj
2	6
3	7
7	18
9	18
9	17
11	17
12	17
13	25
13	26
14	25
14	23
15	23
15	25
15	26
16	20
16	21
16	22
16	23
16	25
17	21
23	30
24	28
25	30
26	30
28	35
29	33
29	34
29	35
41	45
41	46
41	49
42	46
43	179
44	179
44	48
45	49
45	52
45	841
46	50
46	174
47	174
47	179
47	51
47	178
48	179
48	835
48	52
48	53
48	840
48	839
48	841
49	53
50	54
50	55
50	174
50	170
51	174
51	55
51	175
51	173
51	177
51	178
51	834
51	835
51	179
51	839
52	835
52	56
52	841
52	840
52	848
53	57
53	59
53	175
54	59
54	175
54	61
54	831
54	171
54	174
54	170
55	174
55	175
55	831
55	805
55	830
55	833
55	832
55	177
55	834
55	835
56	805
56	833
57	175
57	805
57	829
57	830
57	831
57	61
58	830
58	94
58	175
58	828
58	805
58	829
59	175
59	828
59	97
60	94
60	828
60	97
60	171
60	93
60	90
60	175
61	93
61	97
61	175
61	171
61	172
61	167
61	168
61	101
62	97
62	172
62	93
62	168
62	171
62	67
62	164
62	66
62	163
62	96
62	100
62	193
63	168
63	171
63	67
63	93
63	164
63	163
63	165
64	93
64	68
64	89
64	90
65	69
65	154
66	160
66	70
66	163
66	164
67	164
67	71
67	72
67	197
67	89
67	93
67	97
67	193
67	92
67	96
68	93
68	89
68	72
68	86
69	73
69	160
69	154
69	155
70	160
70	74
70	201
70	164
70	197
70	161
70	194
70	193
71	197
71	201
71	75
71	84
71	89
71	92
72	84
72	76
72	89
72	82
72	83
73	77
73	160
73	161
73	194
74	78
74	201
74	194
74	198
74	197
74	202
74	193
75	201
75	205
75	79
75	82
75	84
75	216
76	80
76	81
76	82
77	198
78	209
78	82
78	202
78	205
78	201
78	197
78	198
79	205
79	209
79	208
79	213
79	214
81	214
82	214
82	215
82	216
82	205
82	208
82	213
83	214
83	215
83	216
84	88
84	215
84	216
84	89
84	92
84	201
84	221
84	205
85	215
85	216
85	89
85	218
85	217
85	219
86	90
87	235
87	91
87	218
88	218
88	221
88	92
88	216
88	217
89	93
90	94
90	232
90	235
91	235
91	232
91	95
91	96
91	225
91	218
91	221
91	222
92	221
92	96
92	196
92	197
92	201
92	216
92	200
92	204
92	225
93	97
93	98
94	98
94	99
94	825
94	232
94	235
94	827
94	828
94	826
95	232
95	825
95	99
95	196
95	230
95	221
95	225
96	196
96	100
96	193
96	197
97	172
97	101
97	102
97	175
98	102
98	103
98	230
98	825
99	230
99	103
99	131
99	196
99	193
99	133
99	192
99	128
100	104
100	172
100	189
100	193
100	164
100	192
101	172
101	176
101	105
101	175
101	831
101	171
102	106
102	107
102	131
102	230
103	131
103	127
103	107
103	124
103	128
103	133
103	192
104	119
104	173
104	108
104	176
104	178
104	172
104	169
104	124
104	185
104	189
105	176
105	109
105	175
105	831
106	131
106	617
106	110
106	123
106	613
106	127
106	616
107	127
107	123
107	111
107	119
107	178
107	124
107	120
107	185
108	119
108	112
108	113
108	116
108	836
108	176
108	178
108	117
108	179
108	180
108	839
108	177
109	836
109	113
109	613
109	617
109	616
110	617
110	613
110	114
110	116
110	126
110	600
110	122
110	123
110	127
110	130
111	123
111	116
111	118
111	115
111	119
112	116
112	117
112	838
112	839
112	836
113	601
113	603
113	609
113	600
113	613
113	126
113	610
113	597
114	600
114	601
114	122
114	123
115	601
115	609
116	838
116	839
116	120
116	122
116	123
116	600
117	838
117	839
117	178
117	179
117	180
117	843
118	180
118	123
118	182
119	178
119	180
119	181
119	182
119	123
119	185
119	124
119	173
120	182
120	185
120	124
121	188
121	125
121	184
121	185
121	182
122	126
122	600
122	602
123	600
123	127
124	185
124	128
124	134
124	188
124	192
124	189
125	188
125	134
125	129
126	130
126	131
126	617
126	600
126	597
126	593
126	596
126	613
127	617
127	131
128	133
128	132
128	134
128	135
128	192
128	195
129	134
129	135
129	593
129	596
129	589
129	592
130	593
130	336
130	614
130	618
130	617
130	596
130	613
130	597
131	617
131	618
131	336
131	230
132	336
133	230
135	331
136	145
136	146
137	145
137	146
137	147
138	147
138	145
138	144
139	147
140	147
140	148
141	147
141	148
142	147
142	148
143	147
146	150
151	158
151	159
152	158
153	158
154	158
154	159
154	160
155	160
155	159
156	160
158	162
159	163
160	164
161	190
161	194
161	193
162	190
162	187
164	190
164	168
164	169
164	193
164	172
165	190
165	169
165	186
165	171
166	190
166	186
166	170
167	171
168	172
169	173
169	181
169	186
169	189
169	185
169	190
170	186
170	174
170	181
170	178
171	175
172	176
172	189
173	178
173	177
173	181
174	178
174	181
174	179
174	180
175	831
175	832
175	830
176	834
177	834
177	835
177	836
177	839
178	839
179	839
179	838
179	840
179	841
181	185
181	186
182	186
183	187
184	188
185	189
186	190
187	191
188	192
189	193
190	194
191	195
192	196
193	197
193	198
194	198
195	199
195	202
196	200
196	201
196	230
196	225
197	201
197	202
198	202
199	203
199	204
199	224
199	228
200	224
200	228
200	204
200	220
200	221
200	225
201	205
201	206
202	206
202	462
203	462
203	207
203	220
203	224
203	227
203	461
203	228
204	224
204	220
204	208
204	216
204	217
204	221
205	216
205	209
206	210
206	442
206	458
206	462
206	461
207	462
207	442
207	211
207	213
207	446
207	220
207	223
207	219
207	445
207	458
207	224
207	438
207	227
207	441
208	220
208	213
208	212
208	215
208	216
208	217
209	213
209	454
209	461
210	454
210	446
210	455
210	458
210	442
211	446
212	454
213	446
213	217
213	220
215	220
216	220
216	221
217	221
218	235
218	222
219	223
219	235
219	236
219	237
220	224
221	225
221	232
222	232
222	226
222	231
222	236
222	235
223	445
223	227
224	228
225	230
225	229
225	231
225	232
226	232
226	230
226	231
226	445
226	441
226	917
226	920
227	438
227	462
227	459
227	463
228	823
229	823
230	823
230	825
231	823
231	824
231	825
231	917
232	824
232	825
232	913
232	827
233	824
233	825
233	827
233	913
233	910
233	826
233	909
233	917
233	821
233	914
233	918
233	921
234	909
234	910
234	913
234	827
234	906
235	913
235	827
236	909
236	913
236	883
236	912
237	909
237	883
243	248
246	250
247	252
248	487
248	252
248	257
249	257
249	487
251	256
252	256
252	257
252	486
253	257
254	265
254	483
254	258
254	260
254	264
254	286
254	282
254	268
254	285
254	269
255	264
255	265
255	260
255	259
255	261
255	262
255	263
255	289
256	482
257	479
257	482
257	483
257	486
257	487
258	483
258	479
258	482
258	286
258	478
258	264
259	482
259	293
260	293
260	264
260	479
260	285
260	286
260	289
260	290
260	475
261	293
261	405
261	402
261	406
261	409
262	293
262	406
262	402
262	289
262	267
262	292
262	399
262	428
262	296
262	403
263	267
263	285
263	399
263	402
264	285
264	289
264	268
264	282
264	286
264	483
265	269
266	270
266	432
266	402
266	397
266	399
266	398
266	395
266	401
267	399
267	432
267	271
267	288
267	285
267	284
267	289
267	292
268	285
268	280
268	272
268	282
268	281
269	273
269	397
270	274
270	276
270	432
270	397
270	399
270	429
271	432
271	276
271	436
271	280
271	275
271	277
271	288
271	284
271	285
271	451
271	456
272	280
272	276
272	277
272	278
272	279
273	931
273	397
274	931
274	762
274	763
274	927
275	762
275	440
275	761
275	927
275	931
275	763
275	765
275	764
276	440
276	436
276	443
276	444
276	451
276	761
276	762
276	432
276	433
277	444
277	762
277	440
277	443
277	448
277	449
277	451
278	449
278	762
278	759
278	760
279	449
279	450
279	451
280	284
280	451
280	285
281	450
281	451
281	452
281	285
281	453
282	286
282	483
283	480
283	483
283	287
283	288
283	453
283	456
284	453
284	456
284	288
284	289
284	451
284	452
285	289
286	290
286	476
286	479
286	480
286	483
287	480
287	476
287	479
287	291
287	472
287	453
287	456
287	457
287	477
287	460
287	461
287	473
288	456
288	292
288	435
288	432
288	431
288	436
288	460
289	293
290	476
290	294
290	475
290	472
290	479
291	476
291	472
291	295
291	431
291	435
291	460
291	464
291	456
292	435
292	431
292	296
292	427
292	428
292	399
292	432
293	406
293	297
293	409
293	475
294	475
294	298
294	472
294	471
294	464
294	468
294	467
295	468
295	299
295	300
295	330
295	424
295	427
295	333
295	431
295	464
295	472
295	435
296	424
296	300
296	301
296	406
296	403
296	427
296	428
296	402
296	407
297	406
297	410
297	301
298	302
298	303
298	330
298	327
298	468
298	471
299	330
299	323
299	303
299	320
299	324
299	424
299	427
299	334
299	339
300	424
300	315
300	320
300	304
300	407
300	411
300	406
300	410
300	403
300	416
301	410
301	411
301	305
302	306
302	319
302	323
302	330
302	327
303	323
303	319
303	307
303	315
303	320
304	315
304	407
304	411
304	414
304	308
304	312
305	411
305	309
306	310
306	322
306	318
306	319
306	323
307	319
307	312
307	311
307	314
307	315
307	414
308	312
308	411
310	319
310	318
310	322
312	414
312	319
312	316
313	414
313	413
313	415
314	414
314	415
314	319
314	416
314	417
315	414
315	415
315	416
315	417
315	319
315	420
315	407
315	320
315	411
316	417
316	420
316	320
317	420
317	339
317	423
317	321
317	342
317	340
317	341
317	419
317	417
318	341
318	342
318	322
318	545
318	543
318	343
318	344
318	345
318	544
318	346
318	542
319	323
320	324
320	325
320	339
320	423
320	416
320	419
320	420
320	424
321	339
321	325
321	326
321	345
321	342
321	343
321	344
321	337
322	326
322	345
322	342
322	344
322	346
323	327
323	330
324	330
324	331
324	339
324	334
325	331
325	345
325	339
325	330
325	334
325	335
325	337
326	345
327	331
327	468
328	332
328	465
329	465
329	468
329	333
329	467
329	466
330	334
330	468
330	427
331	335
332	465
332	463
333	465
333	463
333	337
333	434
333	468
333	431
333	464
333	427
334	434
334	339
334	427
334	720
334	430
334	431
336	716
336	717
336	718
337	718
337	719
337	720
337	430
337	434
338	718
338	719
338	720
338	423
338	582
338	585
338	717
338	581
339	423
339	720
339	343
339	581
340	423
340	719
340	720
340	581
340	721
340	722
341	581
341	545
341	419
341	546
341	547
342	544
342	545
343	545
343	542
343	544
343	662
344	541
344	542
344	544
344	662
344	592
344	588
345	542
345	662
346	542
346	543
347	542
347	538
347	663
347	664
348	352
348	538
348	664
348	353
348	539
348	542
348	535
349	595
349	664
349	353
349	599
349	596
351	604
351	666
351	599
351	603
352	599
352	604
352	666
352	535
352	538
352	595
352	664
352	665
352	603
353	535
353	539
353	666
354	358
354	666
354	535
354	539
356	360
357	529
358	364
358	529
358	532
358	530
358	666
359	364
359	365
359	363
360	364
360	365
361	365
368	373
370	374
375	392
375	391
376	392
376	391
377	391
377	388
377	389
377	392
378	388
378	389
378	391
378	390
378	383
383	387
396	425
396	723
396	724
397	425
398	425
398	402
398	421
399	425
399	403
399	421
399	424
399	428
399	429
399	432
400	425
400	421
400	404
401	405
402	406
402	407
403	407
403	421
403	416
403	424
403	428
404	421
404	416
404	408
404	414
404	415
405	409
406	410
406	411
407	411
407	414
407	415
407	416
408	412
408	414
408	413
416	421
416	420
416	424
417	421
418	422
419	423
419	721
420	424
421	425
422	426
422	720
422	721
422	723
422	724
423	721
423	720
423	427
424	428
424	429
425	429
425	430
425	724
426	724
426	430
426	720
426	719
426	721
426	722
426	723
427	720
427	431
427	432
428	432
429	433
429	724
430	724
430	713
430	434
430	720
430	718
431	720
431	463
431	435
431	436
431	464
432	436
432	437
433	437
433	441
433	724
433	713
434	463
434	438
434	439
434	441
434	459
434	720
435	463
435	459
435	439
435	455
435	456
435	460
435	464
436	451
436	456
436	440
437	441
438	442
438	462
438	459
438	463
439	459
439	455
439	451
439	443
439	452
439	456
440	451
440	444
440	448
440	761
440	762
441	445
442	446
442	448
442	455
442	462
442	454
442	458
442	459
443	455
443	448
443	447
443	450
443	451
444	448
444	760
444	761
444	762
445	920
447	883
448	455
450	455
451	455
451	456
452	456
453	457
453	480
454	458
455	459
456	460
457	473
457	461
457	477
458	462
459	463
459	464
460	464
460	469
460	468
460	472
460	473
461	473
461	469
464	469
464	468
464	472
465	469
466	470
467	471
467	472
468	472
469	473
470	474
471	475
471	476
472	476
473	477
473	478
474	478
475	479
476	480
477	481
477	482
478	482
478	483
479	483
480	484
481	485
482	486
483	487
494	498
495	500
495	501
496	500
496	501
497	501
497	502
499	505
506	510
509	520
510	519
511	519
511	516
511	520
511	515
511	518
512	516
512	524
512	520
512	521
513	524
514	524
515	522
515	519
528	532
528	533
528	536
529	533
530	666
531	666
531	535
532	536
532	539
533	537
533	661
534	661
534	666
534	538
534	665
535	666
535	539
536	540
537	541
537	542
537	661
537	657
538	661
538	542
538	662
538	660
538	664
538	665
538	666
539	543
540	544
540	546
541	546
541	662
541	548
541	658
541	661
541	657
542	661
542	662
542	664
544	662
544	548
545	662
545	581
546	662
546	584
547	581
547	584
547	662
547	551
547	658
547	580
547	577
548	580
548	584
548	662
548	658
548	659
548	654
548	655
548	588
549	580
549	584
549	659
549	655
549	554
549	651
549	553
549	650
549	652
549	583
549	587
549	680
550	650
550	655
550	658
550	554
550	555
550	580
550	651
550	652
551	580
551	555
551	576
551	577
552	556
553	647
553	650
553	557
553	651
554	651
554	558
554	576
554	684
554	580
554	584
554	680
554	579
554	583
555	580
555	576
555	559
555	573
556	644
556	560
556	647
556	650
557	647
557	561
557	562
557	688
557	651
557	684
557	648
557	681
557	680
558	684
558	688
558	562
558	563
558	571
558	576
558	579
559	571
559	563
559	644
559	569
559	570
559	576
560	644
560	564
560	647
560	645
560	646
560	648
561	565
561	684
561	688
561	681
561	685
561	648
561	680
562	688
562	692
562	566
562	569
562	571
562	703
563	567
563	644
563	568
563	642
563	643
565	696
565	569
565	692
565	688
565	684
565	689
565	685
566	692
566	696
567	701
568	641
568	631
568	701
568	629
568	630
568	632
569	701
569	641
569	702
569	703
569	692
569	695
569	696
569	700
570	701
570	702
570	641
570	703
570	632
571	575
571	702
571	703
571	576
571	579
571	708
571	688
571	692
572	702
572	703
572	576
572	705
572	704
573	577
574	722
574	705
574	578
575	705
575	708
575	579
575	703
575	704
576	580
577	581
577	719
577	722
578	722
578	719
578	582
578	583
578	712
578	705
578	708
578	709
579	708
579	583
579	683
579	684
579	688
579	687
579	691
579	712
580	584
580	585
581	585
581	719
581	722
582	719
582	586
582	683
582	717
582	708
582	712
583	683
583	587
583	659
583	680
583	684
584	659
584	588
584	589
584	662
585	589
585	590
585	717
586	717
586	590
586	618
586	683
586	680
586	620
586	679
586	615
587	591
587	659
587	676
587	680
587	651
587	679
588	659
588	663
588	592
588	662
588	658
589	593
589	618
589	717
590	618
590	614
590	594
590	611
590	615
590	620
590	679
591	606
591	660
591	595
591	663
591	665
591	659
591	656
591	611
591	672
591	676
592	663
592	596
592	662
593	618
593	614
593	597
593	610
594	610
594	598
594	606
594	665
594	611
594	614
594	607
594	672
595	606
595	599
595	600
595	603
595	663
595	665
595	604
595	666
595	667
595	664
596	600
597	601
597	603
597	613
597	609
597	610
597	614
597	617
598	610
598	603
598	605
598	602
598	606
599	603
599	604
600	613
601	610
603	607
603	610
603	609
604	665
604	666
604	667
605	667
605	610
605	668
605	669
606	665
606	667
606	668
606	669
606	610
606	672
606	611
606	660
607	672
607	669
607	611
608	675
608	612
608	671
608	669
609	613
610	614
610	615
611	672
611	615
611	675
611	679
611	676
612	675
612	616
612	621
613	617
614	618
615	620
615	619
615	621
615	622
615	679
615	682
616	621
616	622
616	836
616	834
618	717
620	717
621	682
625	633
625	634
626	633
626	634
627	633
627	634
628	632
628	633
629	701
630	701
631	641
631	701
632	641
632	639
632	640
633	639
634	639
634	638
635	639
643	647
646	650
647	651
648	677
648	681
648	674
648	680
649	677
649	674
650	655
651	655
651	656
651	673
651	677
651	680
651	659
651	676
652	677
652	656
652	657
652	673
652	658
653	677
653	673
653	657
654	658
655	659
656	660
656	668
656	673
656	676
656	672
656	677
657	673
657	661
657	668
657	665
658	662
659	663
659	676
660	665
660	664
660	668
661	665
661	666
661	668
668	672
668	673
669	673
670	674
671	675
671	676
672	676
673	677
674	678
675	679
676	680
677	681
678	682
679	683
680	684
680	685
681	685
682	686
682	689
683	687
683	688
683	715
683	717
683	712
684	688
684	689
685	689
686	690
686	691
686	711
686	715
686	819
687	715
687	711
687	691
687	707
687	708
687	712
687	717
688	692
688	693
689	693
689	949
689	819
690	949
690	694
690	707
690	714
690	711
690	715
690	948
691	711
691	707
691	695
691	703
691	704
691	708
692	703
692	696
692	697
693	697
693	929
693	945
693	949
693	948
694	949
694	929
694	698
694	700
694	933
694	707
694	710
694	706
694	932
694	945
694	711
694	714
694	925
694	928
695	707
695	700
695	699
695	702
695	703
695	704
696	700
696	941
697	941
697	942
697	945
697	929
697	933
698	933
699	941
700	933
700	704
700	707
702	707
703	707
703	708
704	708
704	709
705	722
705	709
706	710
706	711
706	722
706	723
706	724
707	711
708	712
708	719
709	719
709	713
709	717
709	718
709	723
709	724
709	722
710	932
710	714
710	724
711	715
712	717
712	716
712	718
712	719
713	719
713	717
713	718
713	932
714	925
714	928
714	949
714	946
714	950
719	723
726	730
727	733
727	732
727	731
727	735
730	734
730	974
734	738
738	744
739	744
739	743
740	744
741	970
741	745
741	747
741	773
741	751
741	752
741	769
741	755
741	772
741	756
742	751
742	752
742	747
742	746
742	748
742	749
742	750
743	969
744	973
744	966
744	969
744	970
744	974
745	970
745	966
745	969
745	773
745	965
745	751
746	969
746	780
747	780
747	751
747	966
747	772
747	773
747	776
747	777
747	962
748	780
748	892
748	889
748	893
748	896
749	780
749	893
749	889
749	776
749	754
749	779
749	886
749	915
749	783
749	890
750	754
750	772
750	886
750	889
751	772
751	776
751	755
751	769
751	773
751	970
752	756
753	757
753	884
753	919
753	889
753	886
753	885
753	882
753	888
754	886
754	919
754	772
754	758
754	775
754	771
754	776
754	779
755	772
755	767
755	759
755	769
755	768
756	760
756	884
757	761
757	763
757	919
757	884
757	886
757	916
758	919
758	763
758	923
758	762
758	764
758	767
758	775
758	771
758	772
758	938
758	943
759	767
759	764
759	763
759	765
759	766
760	884
762	927
762	931
763	927
763	938
763	923
763	930
763	931
763	919
763	920
764	931
764	927
764	930
764	935
764	936
764	937
764	938
765	936
765	937
766	936
766	937
766	938
767	771
767	938
767	772
768	937
768	938
768	939
768	772
768	940
769	773
769	970
770	967
770	970
770	774
770	775
770	940
770	943
771	940
771	943
771	775
771	776
771	938
771	939
772	776
773	777
773	963
773	966
773	967
773	970
774	967
774	963
774	778
774	959
774	966
774	940
774	943
774	964
774	944
774	947
774	960
775	943
775	779
775	922
775	918
775	919
775	923
775	947
776	780
777	963
777	781
777	962
777	959
777	966
778	963
778	959
778	782
778	918
778	922
778	947
778	951
778	943
778	962
779	922
779	918
779	783
779	914
779	915
779	886
779	919
780	893
780	784
780	896
781	785
781	959
781	962
781	958
781	951
781	955
781	954
782	786
782	787
782	817
782	911
782	914
782	918
782	951
782	959
782	820
782	922
782	955
783	911
783	787
783	893
783	890
783	914
783	915
783	889
784	893
784	897
784	788
785	789
785	790
785	817
785	814
785	955
786	817
786	810
786	790
786	806
786	807
786	911
786	811
786	821
786	914
787	911
787	802
787	807
787	791
787	894
787	898
787	893
787	897
787	890
787	891
787	903
788	897
788	898
788	792
789	793
789	806
789	810
789	817
789	814
790	810
790	806
790	794
790	802
790	803
790	807
791	802
791	894
791	898
791	901
791	795
791	799
792	898
792	796
793	797
793	806
793	809
793	805
793	810
794	806
794	799
794	798
794	801
794	802
794	901
795	799
795	898
797	806
797	809
799	901
799	806
799	803
800	901
800	900
800	902
801	901
801	902
801	806
801	903
801	904
802	901
802	902
802	903
802	904
802	806
802	907
802	894
802	807
802	898
803	904
803	907
803	807
804	826
804	910
804	808
804	829
804	827
804	828
804	906
804	907
804	904
805	828
805	829
805	809
805	830
805	831
805	832
805	833
806	810
807	811
807	812
807	826
807	910
807	903
807	906
807	907
807	911
808	826
808	812
808	813
808	832
808	829
808	830
808	831
808	824
809	829
809	813
809	832
809	831
809	833
810	814
810	817
811	817
811	818
811	826
811	821
812	818
812	832
812	826
812	817
812	821
812	822
812	824
813	832
814	818
814	955
815	819
815	952
816	952
816	955
816	820
816	954
816	953
817	821
817	914
817	955
818	822
819	952
820	952
820	955
820	950
820	824
820	921
820	951
820	918
820	914
821	921
821	826
821	914
821	917
821	918
824	917
824	921
825	910
826	910
826	830
827	910
828	906
835	839
835	840
836	840
837	846
837	844
837	845
838	844
838	845
838	843
839	843
840	844
840	845
840	846
840	848
841	845
841	848
842	846
842	847
846	852
847	852
848	852
857	865
858	863
858	864
858	865
859	863
870	875
870	874
873	877
873	878
874	878
876	880
884	912
885	912
885	916
885	889
886	912
886	890
886	908
886	911
886	915
886	916
886	919
887	912
887	908
887	891
888	892
889	893
890	894
890	908
890	903
890	911
890	915
891	908
891	903
891	895
891	902
891	901
892	896
893	897
893	898
894	898
894	901
894	902
894	903
895	899
895	901
903	907
903	908
903	911
904	908
905	909
906	910
907	911
908	912
909	913
910	914
911	915
912	916
912	917
913	917
914	918
914	919
915	919
916	920
917	921
918	950
918	922
918	923
918	951
919	923
919	924
920	924
920	928
921	928
921	925
921	946
921	950
922	950
922	946
922	926
922	942
922	943
922	947
922	951
923	938
923	943
923	927
924	928
925	929
925	949
925	946
925	950
925	945
926	946
926	942
926	938
926	930
926	939
926	943
927	938
927	931
928	932
929	933
929	935
929	942
929	949
929	941
929	945
929	946
930	942
930	935
930	934
930	937
930	938
931	935
935	942
937	942
938	942
938	943
939	943
940	944
940	967
941	945
941	946
942	946
943	947
944	960
944	948
944	964
945	949
946	950
946	951
947	951
947	956
947	955
947	959
947	960
948	960
948	956
951	956
951	955
951	959
952	956
953	957
954	958
954	959
955	959
956	960
957	961
958	962
959	963
960	964
960	965
961	965
962	966
963	967
964	968
965	969
965	970
966	970
967	971
968	972
969	973

