Bonds

1	3	1	2
2	2	1	3
3	1	3	4
4	4	4	5
5	2	4	6
6	1	6	7
7	6	7	8
8	2	7	9
9	1	9	10
10	3	10	11
11	2	10	12
12	1	12	13
13	3	13	14
14	2	13	15
15	1	15	16
16	4	16	17
17	2	16	18
18	1	18	19
19	3	19	20
20	2	19	21
21	1	21	22
22	4	22	23
23	2	22	24
24	1	24	25
25	6	25	26
26	2	25	27
27	1	27	28
28	6	28	29
29	2	28	30
30	1	30	31
31	3	31	32
32	2	31	33
33	1	33	34
34	6	34	35
35	2	34	36
36	1	36	37
37	6	37	38
38	2	37	39
39	1	39	40
40	4	40	41
41	2	40	42
42	1	42	43
43	5	43	44
44	2	43	45
45	1	45	46
46	6	46	47
47	2	46	48
48	1	48	49
49	3	49	50
50	2	49	51
51	1	51	52
52	5	52	53
53	2	52	54
54	1	54	55
55	3	55	56
56	2	55	57
57	1	57	58
58	4	58	59
59	2	58	60
60	1	60	61
61	3	61	62
62	2	61	63
63	1	63	64
64	6	64	65
65	2	64	66
66	1	66	67
67	4	67	68
68	2	67	69
69	1	69	70
70	3	70	71
71	2	70	72
72	1	72	73
73	6	73	74
74	2	73	75
75	1	75	76
76	6	76	77
77	2	76	78
78	1	78	79
79	3	79	80
80	2	79	81
81	1	81	82
82	3	82	83
83	2	82	84
84	1	84	85
85	3	85	86
86	2	85	87
87	1	87	88
88	3	88	89
89	2	88	90
90	1	90	91
91	5	91	92
92	2	91	93
93	1	93	94
94	4	94	95
95	2	94	96
96	1	96	97
97	5	97	98
98	2	97	99
99	1	99	100
100	4	100	101
101	2	100	102
102	1	102	103
103	3	103	104
104	2	103	105
105	1	105	106
106	4	106	107
107	2	106	108
108	1	108	109
109	4	109	110
110	2	109	111
111	1	111	112
112	4	112	113
113	2	112	114
114	1	114	115
115	5	115	116
116	2	115	117
117	1	117	118
118	5	118	119
119	2	118	120
120	1	120	121
121	3	121	122
122	2	121	123
123	1	123	124
124	3	124	125
125	2	124	126
126	1	126	127
127	3	127	128
128	2	127	129
129	1	129	130
130	6	130	131
131	2	130	132
132	1	132	133
133	4	133	134
134	2	133	135
135	1	135	136
136	5	136	137
137	2	136	138
138	1	138	139
139	6	139	140
140	2	139	141
141	1	141	142
142	4	142	143
143	2	142	144
144	1	144	145
145	6	145	146
146	2	145	147
147	1	147	148
148	6	148	149
149	2	148	150
150	1	150	151
151	3	151	152
152	2	151	153
153	1	153	154
154	4	154	155
155	2	154	156
156	1	156	157
157	6	157	158
158	2	157	159
159	1	159	160
160	3	160	161
161	2	160	162
162	1	162	163
163	3	163	164
164	2	163	165
165	1	165	166
166	3	166	167
167	2	166	168
168	1	168	169
169	3	169	170
170	2	169	171
171	1	171	172
172	5	172	173
173	2	172	174
174	1	174	175
175	5	175	176
176	2	175	177
177	1	177	178
178	6	178	179
179	2	178	180
180	1	180	181
181	3	181	182
182	2	181	183
183	1	183	184
184	4	184	185
185	2	184	186
186	1	186	187
187	5	187	188
188	2	187	189
189	1	189	190
190	4	190	191
191	2	190	192
192	1	192	193
193	4	193	194
194	2	193	195
195	1	195	196
196	6	196	197
197	2	196	198
198	1	198	199
199	3	199	200
200	2	199	201
201	1	201	202
202	5	202	203
203	2	202	204
204	1	204	205
205	6	205	206
206	2	205	207
207	1	207	208
208	4	208	209
209	2	208	210
210	1	210	211
211	5	211	212
212	2	211	213
213	1	213	214
214	5	214	215
215	2	214	216
216	1	216	217
217	3	217	218
218	2	217	219
219	1	219	220
220	3	220	221
221	2	220	222
222	1	222	223
223	4	223	224
224	2	223	225
225	1	225	226
226	6	226	227
227	2	226	228
228	1	228	229
229	6	229	230
230	2	229	231
231	1	231	232
232	3	232	233
233	2	232	234
234	1	234	235
235	5	235	236
236	2	235	237
237	1	237	238
238	6	238	239
239	2	238	240
240	1	240	241
241	4	241	242
242	2	241	243
243	1	243	244
244	5	244	245
245	2	244	246
246	1	246	247
247	3	247	248
248	2	247	249
249	1	249	250
250	3	250	251
251	2	250	252
252	1	252	253
253	6	253	254
254	2	253	255
255	1	255	256
256	3	256	257
257	2	256	258
258	1	258	259
259	4	259	260
260	2	259	261
261	1	261	262
262	5	262	263
263	2	262	264
264	1	264	265
265	6	265	266
266	2	265	267
267	1	267	268
268	6	268	269
269	2	268	270
270	1	270	271
271	4	271	272
272	2	271	273
273	1	273	274
274	4	274	275
275	2	274	276
276	1	276	277
277	4	277	278
278	2	277	279
279	1	279	280
280	4	280	281
281	2	280	282
282	1	282	283
283	5	283	284
284	2	283	285
285	1	285	286
286	3	286	287
287	2	286	288
288	1	288	289
289	4	289	290
290	2	289	291
291	1	291	292
292	5	292	293
293	2	292	294
294	1	294	295
295	5	295	296
296	2	295	297
297	1	297	298
298	3	298	299
299	2	298	300
300	1	300	301
301	5	301	302
302	2	301	303
303	1	303	304
304	6	304	305
305	2	304	306
306	1	306	307
307	3	307	308
308	2	307	309
309	1	309	310
310	5	310	311
311	2	310	312
312	1	312	313
313	4	313	314
314	2	313	315
315	1	315	316
316	4	316	317
317	2	316	318
318	1	318	319
319	4	319	320
320	2	319	321
321	1	321	322
322	6	322	323
323	2	322	324
324	1	324	325
325	6	325	326
326	2	325	327
327	1	327	328
328	3	328	329
329	2	328	330
330	1	330	331
331	3	331	332
332	2	331	333
333	1	333	334
334	3	334	335
335	2	334	336
336	1	336	337
337	4	337	338
338	2	337	339
339	1	339	340
340	3	340	341
341	2	340	342
342	1	342	343
343	6	343	344
344	2	343	345
345	1	345	346
346	3	346	347
347	2	346	348
348	1	348	349
349	6	349	350
350	2	349	351
351	1	351	352
352	4	352	353
353	2	352	354
354	1	354	355
355	4	355	356
356	2	355	357
357	1	357	358
358	4	358	359
359	2	358	360
360	1	360	361
361	4	361	362
362	2	361	363
363	1	363	364
364	5	364	365
365	2	364	366
366	1	366	367
367	5	367	368
368	2	367	369
369	1	369	370
370	4	370	371
371	2	370	372
372	1	372	373
373	3	373	374
374	2	373	375
375	1	375	376
376	5	376	377
377	2	376	378
378	1	378	379
379	4	379	380
380	2	379	381
381	1	381	382
382	3	382	383
383	2	382	384
384	1	384	385
385	4	385	386
386	2	385	387
387	1	387	388
388	6	388	389
389	2	388	390
390	1	390	391
391	4	391	392
392	2	391	393
393	1	393	394
394	5	394	395
395	2	394	396
396	1	396	397
397	6	397	398
398	2	397	399
399	1	399	400
400	3	400	401
401	2	400	402
402	1	402	403
403	5	403	404
404	2	403	405
405	1	405	406
406	5	406	407
407	2	406	408
408	1	408	409
409	4	409	410
410	2	409	411
411	1	411	412
412	5	412	413
413	2	412	414
414	1	414	415
415	5	415	416
416	2	415	417
417	1	417	418
418	3	418	419
419	2	418	420
420	1	420	421
421	4	421	422
422	2	421	423
423	1	423	424
424	3	424	425
425	2	424	426
426	1	426	427
427	4	427	428
428	2	427	429
429	1	429	430
430	4	430	431
431	2	430	432
432	1	432	433
433	5	433	434
434	2	433	435
435	1	435	436
436	3	436	437
437	2	436	438
438	1	438	439
439	4	439	440
440	3	441	442
441	2	441	443
442	1	443	444
443	4	444	445
444	2	444	446
445	1	446	447
446	6	447	448
447	2	447	449
448	1	449	450
449	3	450	451
450	2	450	452
451	1	452	453
452	3	453	454
453	2	453	455
454	1	455	456
455	4	456	457
456	2	456	458
457	1	458	459
458	3	459	460
459	2	459	461
460	1	461	462
461	4	462	463
462	2	462	464
463	1	464	465
464	6	465	466
465	2	465	467
466	1	467	468
467	6	468	469
468	2	468	470
469	1	470	471
470	3	471	472
471	2	471	473
472	1	473	474
473	6	474	475
474	2	474	476
475	1	476	477
476	6	477	478
477	2	477	479
478	1	479	480
479	4	480	481
480	2	480	482
481	1	482	483
482	5	483	484
483	2	483	485
484	1	485	486
485	6	486	487
486	2	486	488
487	1	488	489
488	3	489	490
489	2	489	491
490	1	491	492
491	5	492	493
492	2	492	494
493	1	494	495
494	3	495	496
495	2	495	497
496	1	497	498
497	4	498	499
498	2	498	500
499	1	500	501
500	3	501	502
501	2	501	503
502	1	503	504
503	6	504	505
504	2	504	506
505	1	506	507
506	4	507	508
507	2	507	509
508	1	509	510
509	3	510	511
510	2	510	512
511	1	512	513
512	6	513	514
513	2	513	515
514	1	515	516
515	6	516	517
516	2	516	518
517	1	518	519
518	3	519	520
519	2	519	521
520	1	521	522
521	3	522	523
522	2	522	524
523	1	524	525
524	3	525	526
525	2	525	527
526	1	527	528
527	3	528	529
528	2	528	530
529	1	530	531
530	5	531	532
531	2	531	533
532	1	533	534
533	4	534	535
534	2	534	536
535	1	536	537
536	5	537	538
537	2	537	539
538	1	539	540
539	4	540	541
540	2	540	542
541	1	542	543
542	3	543	544
543	2	543	545
544	1	545	546
545	4	546	547
546	2	546	548
547	1	548	549
548	4	549	550
549	2	549	551
550	1	551	552
551	4	552	553
552	2	552	554
553	1	554	555
554	5	555	556
555	2	555	557
556	1	557	558
557	5	558	559
558	2	558	560
559	1	560	561
560	3	561	562
561	2	561	563
562	1	563	564
563	3	564	565
564	2	564	566
565	1	566	567
566	3	567	568
567	2	567	569
568	1	569	570
569	6	570	571
570	2	570	572
571	1	572	573
572	4	573	574
573	2	573	575
574	1	575	576
575	5	576	577
576	2	576	578
577	1	578	579
578	6	579	580
579	2	579	581
580	1	581	582
581	4	582	583
582	2	582	584
583	1	584	585
584	6	585	586
585	2	585	587
586	1	587	588
587	6	588	589
588	2	588	590
589	1	590	591
590	3	591	592
591	2	591	593
592	1	593	594
593	4	594	595
594	2	594	596
595	1	596	597
596	6	597	598
597	2	597	599
598	1	599	600
599	3	600	601
600	2	600	602
601	1	602	603
602	3	603	604
603	2	603	605
604	1	605	606
605	3	606	607
606	2	606	608
607	1	608	609
608	3	609	610
609	2	609	611
610	1	611	612
611	5	612	613
612	2	612	614
613	1	614	615
614	5	615	616
615	2	615	617
616	1	617	618
617	6	618	619
618	2	618	620
619	1	620	621
620	3	621	622
621	2	621	623
622	1	623	624
623	4	624	625
624	2	624	626
625	1	626	627
626	5	627	628
627	2	627	629
628	1	629	630
629	4	630	631
630	2	630	632
631	1	632	633
632	4	633	634
633	2	633	635
634	1	635	636
635	6	636	637
636	2	636	638
637	1	638	639
638	3	639	640
639	2	639	641
640	1	641	642
641	5	642	643
642	2	642	644
643	1	644	645
644	6	645	646
645	2	645	647
646	1	647	648
647	4	648	649
648	2	648	650
649	1	650	651
650	5	651	652
651	2	651	653
652	1	653	654
653	5	654	655
654	2	654	656
655	1	656	657
656	3	657	658
657	2	657	659
658	1	659	660
659	4	660	661
660	2	660	662
661	1	662	663
662	4	663	664
663	2	663	665
664	1	665	666
665	6	666	667
666	2	666	668
667	1	668	669
668	6	669	670
669	2	669	671
670	1	671	672
671	3	672	673
672	2	672	674
673	1	674	675
674	5	675	676
675	2	675	677
676	1	677	678
677	6	678	679
678	2	678	680
679	1	680	681
680	4	681	682
681	2	681	683
682	1	683	684
683	5	684	685
684	2	684	686
685	1	686	687
686	3	687	688
687	2	687	689
688	1	689	690
689	3	690	691
690	2	690	692
691	1	692	693
692	6	693	694
693	2	693	695
694	1	695	696
695	3	696	697
696	2	696	698
697	1	698	699
698	4	699	700
699	2	699	701
700	1	701	702
701	5	702	703
702	2	702	704
703	1	704	705
704	6	705	706
705	2	705	707
706	1	707	708
707	6	708	709
708	2	708	710
709	1	710	711
710	4	711	712
711	2	711	713
712	1	713	714
713	4	714	715
714	2	714	716
715	1	716	717
716	4	717	718
717	2	717	719
718	1	719	720
719	4	720	721
720	2	720	722
721	1	722	723
722	5	723	724
723	2	723	725
724	1	725	726
725	3	726	727
726	2	726	728
727	1	728	729
728	4	729	730
729	2	729	731
730	1	731	732
731	5	732	733
732	2	732	734
733	1	734	735
734	5	735	736
735	2	735	737
736	1	737	738
737	3	738	739
738	2	738	740
739	1	740	741
740	5	741	742
741	2	741	743
742	1	743	744
743	6	744	745
744	2	744	746
745	1	746	747
746	3	747	748
747	2	747	749
748	1	749	750
749	5	750	751
750	2	750	752
751	1	752	753
752	4	753	754
753	2	753	755
754	1	755	756
755	4	756	757
756	2	756	758
757	1	758	759
758	4	759	760
759	2	759	761
760	1	761	762
761	6	762	763
762	2	762	764
763	1	764	765
764	6	765	766
765	2	765	767
766	1	767	768
767	3	768	769
768	2	768	770
769	1	770	771
770	3	771	772
771	2	771	773
772	1	773	774
773	3	774	775
774	2	774	776
775	1	776	777
776	4	777	778
777	2	777	779
778	1	779	780
779	3	780	781
780	2	780	782
781	1	782	783
782	6	783	784
783	2	783	785
784	1	785	786
785	3	786	787
786	2	786	788
787	1	788	789
788	6	789	790
789	2	789	791
790	1	791	792
791	4	792	793
792	2	792	794
793	1	794	795
794	4	795	796
795	2	795	797
796	1	797	798
797	4	798	799
798	2	798	800
799	1	800	801
800	4	801	802
801	2	801	803
802	1	803	804
803	5	804	805
804	2	804	806
805	1	806	807
806	5	807	808
807	2	807	809
808	1	809	810
809	4	810	811
810	2	810	812
811	1	812	813
812	3	813	814
813	2	813	815
814	1	815	816
815	5	816	817
816	2	816	818
817	1	818	819
818	4	819	820
819	2	819	821
820	1	821	822
821	3	822	823
822	2	822	824
823	1	824	825
824	4	825	826
825	2	825	827
826	1	827	828
827	6	828	829
828	2	828	830
829	1	830	831
830	4	831	832
831	2	831	833
832	1	833	834
833	5	834	835
834	2	834	836
835	1	836	837
836	6	837	838
837	2	837	839
838	1	839	840
839	3	840	841
840	2	840	842
841	1	842	843
842	5	843	844
843	2	843	845
844	1	845	846
845	5	846	847
846	2	846	848
847	1	848	849
848	4	849	850
849	2	849	851
850	1	851	852
851	5	852	853
852	2	852	854
853	1	854	855
854	5	855	856
855	2	855	857
856	1	857	858
857	3	858	859
858	2	858	860
859	1	860	861
860	4	861	862
861	2	861	863
862	1	863	864
863	3	864	865
864	2	864	866
865	1	866	867
866	4	867	868
867	2	867	869
868	1	869	870
869	4	870	871
870	2	870	872
871	1	872	873
872	5	873	874
873	2	873	875
874	1	875	876
875	3	876	877
876	2	876	878
877	1	878	879
878	4	879	880
