Dihedrals

1	1	1	3	4	6
2	2	3	4	6	7
3	1	4	6	7	9
4	2	6	7	9	10
5	1	7	9	10	12
6	2	9	10	12	13
7	1	10	12	13	15
8	2	12	13	15	16
9	1	13	15	16	18
10	2	15	16	18	19
11	1	16	18	19	21
12	2	18	19	21	22
13	1	19	21	22	24
14	2	21	22	24	25
15	1	22	24	25	27
16	2	24	25	27	28
17	1	25	27	28	30
18	2	27	28	30	31
19	1	28	30	31	33
20	2	30	31	33	34
21	1	31	33	34	36
22	2	33	34	36	37
23	1	34	36	37	39
24	2	36	37	39	40
25	1	37	39	40	42
26	2	39	40	42	43
27	1	40	42	43	45
28	2	42	43	45	46
29	1	43	45	46	48
30	2	45	46	48	49
31	1	46	48	49	51
32	2	48	49	51	52
33	1	49	51	52	54
34	2	51	52	54	55
35	1	52	54	55	57
36	2	54	55	57	58
37	1	55	57	58	60
38	2	57	58	60	61
39	1	58	60	61	63
40	2	60	61	63	64
41	1	61	63	64	66
42	2	63	64	66	67
43	1	64	66	67	69
44	2	66	67	69	70
45	1	67	69	70	72
46	2	69	70	72	73
47	1	70	72	73	75
48	2	72	73	75	76
49	1	73	75	76	78
50	2	75	76	78	79
51	1	76	78	79	81
52	2	78	79	81	82
53	1	79	81	82	84
54	2	81	82	84	85
55	1	82	84	85	87
56	2	84	85	87	88
57	1	85	87	88	90
58	2	87	88	90	91
59	1	88	90	91	93
60	2	90	91	93	94
61	1	91	93	94	96
62	2	93	94	96	97
63	1	94	96	97	99
64	2	96	97	99	100
65	1	97	99	100	102
66	2	99	100	102	103
67	1	100	102	103	105
68	2	102	103	105	106
69	1	103	105	106	108
70	2	105	106	108	109
71	1	106	108	109	111
72	2	108	109	111	112
73	1	109	111	112	114
74	2	111	112	114	115
75	1	112	114	115	117
76	2	114	115	117	118
77	1	115	117	118	120
78	2	117	118	120	121
79	1	118	120	121	123
80	2	120	121	123	124
81	1	121	123	124	126
82	2	123	124	126	127
83	1	124	126	127	129
84	2	126	127	129	130
85	1	127	129	130	132
86	2	129	130	132	133
87	1	130	132	133	135
88	2	132	133	135	136
89	1	133	135	136	138
90	2	135	136	138	139
91	1	136	138	139	141
92	2	138	139	141	142
93	1	139	141	142	144
94	2	141	142	144	145
95	1	142	144	145	147
96	2	144	145	147	148
97	1	145	147	148	150
98	2	147	148	150	151
99	1	148	150	151	153
100	2	150	151	153	154
101	1	151	153	154	156
102	2	153	154	156	157
103	1	154	156	157	159
104	2	156	157	159	160
105	1	157	159	160	162
106	2	159	160	162	163
107	1	160	162	163	165
108	2	162	163	165	166
109	1	163	165	166	168
110	2	165	166	168	169
111	1	166	168	169	171
112	2	168	169	171	172
113	1	169	171	172	174
114	2	171	172	174	175
115	1	172	174	175	177
116	2	174	175	177	178
117	1	175	177	178	180
118	2	177	178	180	181
119	1	178	180	181	183
120	2	180	181	183	184
121	1	181	183	184	186
122	2	183	184	186	187
123	1	184	186	187	189
124	2	186	187	189	190
125	1	187	189	190	192
126	2	189	190	192	193
127	1	190	192	193	195
128	2	192	193	195	196
129	1	193	195	196	198
130	2	195	196	198	199
131	1	196	198	199	201
132	2	198	199	201	202
133	1	199	201	202	204
134	2	201	202	204	205
135	1	202	204	205	207
136	2	204	205	207	208
137	1	205	207	208	210
138	2	207	208	210	211
139	1	208	210	211	213
140	2	210	211	213	214
141	1	211	213	214	216
142	2	213	214	216	217
143	1	214	216	217	219
144	2	216	217	219	220
145	1	217	219	220	222
146	2	219	220	222	223
147	1	220	222	223	225
148	2	222	223	225	226
149	1	223	225	226	228
150	2	225	226	228	229
151	1	226	228	229	231
152	2	228	229	231	232
153	1	229	231	232	234
154	2	231	232	234	235
155	1	232	234	235	237
156	2	234	235	237	238
157	1	235	237	238	240
158	2	237	238	240	241
159	1	238	240	241	243
160	2	240	241	243	244
161	1	241	243	244	246
162	2	243	244	246	247
163	1	244	246	247	249
164	2	246	247	249	250
165	1	247	249	250	252
166	2	249	250	252	253
167	1	250	252	253	255
168	2	252	253	255	256
169	1	253	255	256	258
170	2	255	256	258	259
171	1	256	258	259	261
172	2	258	259	261	262
173	1	259	261	262	264
174	2	261	262	264	265
175	1	262	264	265	267
176	2	264	265	267	268
177	1	265	267	268	270
178	2	267	268	270	271
179	1	268	270	271	273
180	2	270	271	273	274
181	1	271	273	274	276
182	2	273	274	276	277
183	1	274	276	277	279
184	2	276	277	279	280
185	1	277	279	280	282
186	2	279	280	282	283
187	1	280	282	283	285
188	2	282	283	285	286
189	1	283	285	286	288
190	2	285	286	288	289
191	1	286	288	289	291
192	2	288	289	291	292
193	1	289	291	292	294
194	2	291	292	294	295
195	1	292	294	295	297
196	2	294	295	297	298
197	1	295	297	298	300
198	2	297	298	300	301
199	1	298	300	301	303
200	2	300	301	303	304
201	1	301	303	304	306
202	2	303	304	306	307
203	1	304	306	307	309
204	2	306	307	309	310
205	1	307	309	310	312
206	2	309	310	312	313
207	1	310	312	313	315
208	2	312	313	315	316
209	1	313	315	316	318
210	2	315	316	318	319
211	1	316	318	319	321
212	2	318	319	321	322
213	1	319	321	322	324
214	2	321	322	324	325
215	1	322	324	325	327
216	2	324	325	327	328
217	1	325	327	328	330
218	2	327	328	330	331
219	1	328	330	331	333
220	2	330	331	333	334
221	1	331	333	334	336
222	2	333	334	336	337
223	1	334	336	337	339
224	2	336	337	339	340
225	1	337	339	340	342
226	2	339	340	342	343
227	1	340	342	343	345
228	2	342	343	345	346
229	1	343	345	346	348
230	2	345	346	348	349
231	1	346	348	349	351
232	2	348	349	351	352
233	1	349	351	352	354
234	2	351	352	354	355
235	1	352	354	355	357
236	2	354	355	357	358
237	1	355	357	358	360
238	2	357	358	360	361
239	1	358	360	361	363
240	2	360	361	363	364
241	1	361	363	364	366
242	2	363	364	366	367
243	1	364	366	367	369
244	2	366	367	369	370
245	1	367	369	370	372
246	2	369	370	372	373
247	1	370	372	373	375
248	2	372	373	375	376
249	1	373	375	376	378
250	2	375	376	378	379
251	1	376	378	379	381
252	2	378	379	381	382
253	1	379	381	382	384
254	2	381	382	384	385
255	1	382	384	385	387
256	2	384	385	387	388
257	1	385	387	388	390
258	2	387	388	390	391
259	1	388	390	391	393
260	2	390	391	393	394
261	1	391	393	394	396
262	2	393	394	396	397
263	1	394	396	397	399
264	2	396	397	399	400
265	1	397	399	400	402
266	2	399	400	402	403
267	1	400	402	403	405
268	2	402	403	405	406
269	1	403	405	406	408
270	2	405	406	408	409
271	1	406	408	409	411
272	2	408	409	411	412
273	1	409	411	412	414
274	2	411	412	414	415
275	1	412	414	415	417
276	2	414	415	417	418
277	1	415	417	418	420
278	2	417	418	420	421
279	1	418	420	421	423
280	2	420	421	423	424
281	1	421	423	424	426
282	2	423	424	426	427
283	1	424	426	427	429
284	2	426	427	429	430
285	1	427	429	430	432
286	2	429	430	432	433
287	1	430	432	433	435
288	2	432	433	435	436
289	1	433	435	436	438
290	2	435	436	438	439
291	1	441	443	444	446
292	2	443	444	446	447
293	1	444	446	447	449
294	2	446	447	449	450
295	1	447	449	450	452
296	2	449	450	452	453
297	1	450	452	453	455
298	2	452	453	455	456
299	1	453	455	456	458
300	2	455	456	458	459
301	1	456	458	459	461
302	2	458	459	461	462
303	1	459	461	462	464
304	2	461	462	464	465
305	1	462	464	465	467
306	2	464	465	467	468
307	1	465	467	468	470
308	2	467	468	470	471
309	1	468	470	471	473
310	2	470	471	473	474
311	1	471	473	474	476
312	2	473	474	476	477
313	1	474	476	477	479
314	2	476	477	479	480
315	1	477	479	480	482
316	2	479	480	482	483
317	1	480	482	483	485
318	2	482	483	485	486
319	1	483	485	486	488
320	2	485	486	488	489
321	1	486	488	489	491
322	2	488	489	491	492
323	1	489	491	492	494
324	2	491	492	494	495
325	1	492	494	495	497
326	2	494	495	497	498
327	1	495	497	498	500
328	2	497	498	500	501
329	1	498	500	501	503
330	2	500	501	503	504
331	1	501	503	504	506
332	2	503	504	506	507
333	1	504	506	507	509
334	2	506	507	509	510
335	1	507	509	510	512
336	2	509	510	512	513
337	1	510	512	513	515
338	2	512	513	515	516
339	1	513	515	516	518
340	2	515	516	518	519
341	1	516	518	519	521
342	2	518	519	521	522
343	1	519	521	522	524
344	2	521	522	524	525
345	1	522	524	525	527
346	2	524	525	527	528
347	1	525	527	528	530
348	2	527	528	530	531
349	1	528	530	531	533
350	2	530	531	533	534
351	1	531	533	534	536
352	2	533	534	536	537
353	1	534	536	537	539
354	2	536	537	539	540
355	1	537	539	540	542
356	2	539	540	542	543
357	1	540	542	543	545
358	2	542	543	545	546
359	1	543	545	546	548
360	2	545	546	548	549
361	1	546	548	549	551
362	2	548	549	551	552
363	1	549	551	552	554
364	2	551	552	554	555
365	1	552	554	555	557
366	2	554	555	557	558
367	1	555	557	558	560
368	2	557	558	560	561
369	1	558	560	561	563
370	2	560	561	563	564
371	1	561	563	564	566
372	2	563	564	566	567
373	1	564	566	567	569
374	2	566	567	569	570
375	1	567	569	570	572
376	2	569	570	572	573
377	1	570	572	573	575
378	2	572	573	575	576
379	1	573	575	576	578
380	2	575	576	578	579
381	1	576	578	579	581
382	2	578	579	581	582
383	1	579	581	582	584
384	2	581	582	584	585
385	1	582	584	585	587
386	2	584	585	587	588
387	1	585	587	588	590
388	2	587	588	590	591
389	1	588	590	591	593
390	2	590	591	593	594
391	1	591	593	594	596
392	2	593	594	596	597
393	1	594	596	597	599
394	2	596	597	599	600
395	1	597	599	600	602
396	2	599	600	602	603
397	1	600	602	603	605
398	2	602	603	605	606
399	1	603	605	606	608
400	2	605	606	608	609
401	1	606	608	609	611
402	2	608	609	611	612
403	1	609	611	612	614
404	2	611	612	614	615
405	1	612	614	615	617
406	2	614	615	617	618
407	1	615	617	618	620
408	2	617	618	620	621
409	1	618	620	621	623
410	2	620	621	623	624
411	1	621	623	624	626
412	2	623	624	626	627
413	1	624	626	627	629
414	2	626	627	629	630
415	1	627	629	630	632
416	2	629	630	632	633
417	1	630	632	633	635
418	2	632	633	635	636
419	1	633	635	636	638
420	2	635	636	638	639
421	1	636	638	639	641
422	2	638	639	641	642
423	1	639	641	642	644
424	2	641	642	644	645
425	1	642	644	645	647
426	2	644	645	647	648
427	1	645	647	648	650
428	2	647	648	650	651
429	1	648	650	651	653
430	2	650	651	653	654
431	1	651	653	654	656
432	2	653	654	656	657
433	1	654	656	657	659
434	2	656	657	659	660
435	1	657	659	660	662
436	2	659	660	662	663
437	1	660	662	663	665
438	2	662	663	665	666
439	1	663	665	666	668
440	2	665	666	668	669
441	1	666	668	669	671
442	2	668	669	671	672
443	1	669	671	672	674
444	2	671	672	674	675
445	1	672	674	675	677
446	2	674	675	677	678
447	1	675	677	678	680
448	2	677	678	680	681
449	1	678	680	681	683
450	2	680	681	683	684
451	1	681	683	684	686
452	2	683	684	686	687
453	1	684	686	687	689
454	2	686	687	689	690
455	1	687	689	690	692
456	2	689	690	692	693
457	1	690	692	693	695
458	2	692	693	695	696
459	1	693	695	696	698
460	2	695	696	698	699
461	1	696	698	699	701
462	2	698	699	701	702
463	1	699	701	702	704
464	2	701	702	704	705
465	1	702	704	705	707
466	2	704	705	707	708
467	1	705	707	708	710
468	2	707	708	710	711
469	1	708	710	711	713
470	2	710	711	713	714
471	1	711	713	714	716
472	2	713	714	716	717
473	1	714	716	717	719
474	2	716	717	719	720
475	1	717	719	720	722
476	2	719	720	722	723
477	1	720	722	723	725
478	2	722	723	725	726
479	1	723	725	726	728
480	2	725	726	728	729
481	1	726	728	729	731
482	2	728	729	731	732
483	1	729	731	732	734
484	2	731	732	734	735
485	1	732	734	735	737
486	2	734	735	737	738
487	1	735	737	738	740
488	2	737	738	740	741
489	1	738	740	741	743
490	2	740	741	743	744
491	1	741	743	744	746
492	2	743	744	746	747
493	1	744	746	747	749
494	2	746	747	749	750
495	1	747	749	750	752
496	2	749	750	752	753
497	1	750	752	753	755
498	2	752	753	755	756
499	1	753	755	756	758
500	2	755	756	758	759
501	1	756	758	759	761
502	2	758	759	761	762
503	1	759	761	762	764
504	2	761	762	764	765
505	1	762	764	765	767
506	2	764	765	767	768
507	1	765	767	768	770
508	2	767	768	770	771
509	1	768	770	771	773
510	2	770	771	773	774
511	1	771	773	774	776
512	2	773	774	776	777
513	1	774	776	777	779
514	2	776	777	779	780
515	1	777	779	780	782
516	2	779	780	782	783
517	1	780	782	783	785
518	2	782	783	785	786
519	1	783	785	786	788
520	2	785	786	788	789
521	1	786	788	789	791
522	2	788	789	791	792
523	1	789	791	792	794
524	2	791	792	794	795
525	1	792	794	795	797
526	2	794	795	797	798
527	1	795	797	798	800
528	2	797	798	800	801
529	1	798	800	801	803
530	2	800	801	803	804
531	1	801	803	804	806
532	2	803	804	806	807
533	1	804	806	807	809
534	2	806	807	809	810
535	1	807	809	810	812
536	2	809	810	812	813
537	1	810	812	813	815
538	2	812	813	815	816
539	1	813	815	816	818
540	2	815	816	818	819
541	1	816	818	819	821
542	2	818	819	821	822
543	1	819	821	822	824
544	2	821	822	824	825
545	1	822	824	825	827
546	2	824	825	827	828
547	1	825	827	828	830
548	2	827	828	830	831
549	1	828	830	831	833
550	2	830	831	833	834
551	1	831	833	834	836
552	2	833	834	836	837
553	1	834	836	837	839
554	2	836	837	839	840
555	1	837	839	840	842
556	2	839	840	842	843
557	1	840	842	843	845
558	2	842	843	845	846
559	1	843	845	846	848
560	2	845	846	848	849
561	1	846	848	849	851
562	2	848	849	851	852
563	1	849	851	852	854
564	2	851	852	854	855
565	1	852	854	855	857
566	2	854	855	857	858
567	1	855	857	858	860
568	2	857	858	860	861
569	1	858	860	861	863
570	2	860	861	863	864
571	1	861	863	864	866
572	2	863	864	866	867
573	1	864	866	867	869
574	2	866	867	869	870
575	1	867	869	870	872
576	2	869	870	872	873
577	1	870	872	873	875
578	2	872	873	875	876
579	1	873	875	876	878
580	2	875	876	878	879
