Atoms

	1	1	2	0.000000	-2.789750	6.611468	-0.768648
	2	1	7	0.000000	-0.440158	2.425299	0.012213
	3	1	1	-0.600000	-5.035275	7.211521	1.556061
	4	1	2	0.000000	-5.718930	3.622467	2.302450
	5	1	4	0.000000	-1.670090	2.322090	3.347086
	6	1	1	-0.600000	-8.261464	3.213513	4.969055
	7	1	2	0.000000	-6.874322	-0.047717	6.067248
	8	1	6	0.000000	-2.709157	0.780088	6.741931
	9	1	1	-0.600000	-8.764312	-2.356281	9.281759
	10	1	2	0.000000	-5.663550	-4.267495	10.187949
	11	1	3	0.000000	-1.985110	-1.091192	10.369248
	12	1	1	-0.600000	-5.584348	-6.797002	12.867990
	13	1	2	0.000000	-1.901475	-6.493715	13.474214
	14	1	3	0.000000	-0.721632	-1.778398	13.643325
	15	1	1	-0.600000	-0.641442	-8.166200	16.007968
	16	1	2	0.000000	2.332563	-5.956466	16.428943
	17	1	4	0.000000	0.300867	-2.124668	17.031553
	18	1	1	-0.600000	5.041959	-6.945288	19.470386
	19	1	2	0.000000	6.232325	-3.426307	19.993843
	20	1	3	0.000000	2.346196	-0.514597	20.267601
	21	1	1	-0.600000	8.402740	-2.805286	22.383670
	22	1	2	0.000000	7.527687	0.804982	22.707567
	23	1	4	0.000000	3.251453	0.433295	23.573073
	24	1	1	-0.600000	9.540773	2.497673	25.320187
	25	1	2	0.000000	6.892203	4.999064	26.021987
	26	1	6	0.000000	3.394237	2.612819	26.768456
	27	1	1	-0.600000	7.287279	7.565667	28.425480
	28	1	2	0.000000	3.637832	8.218081	29.191564
	29	1	6	0.000000	2.052526	4.292996	29.945106
	30	1	1	-0.600000	2.497352	11.197022	32.201243
	31	1	2	0.000000	-0.835057	9.645945	32.960626
	32	1	3	0.000000	-0.151302	4.851827	33.411661
	33	1	1	-0.600000	-2.339092	10.904108	35.255504
	34	1	2	0.000000	-4.202393	7.817562	36.105305
	35	1	6	0.000000	-1.181299	4.817281	36.704847
	36	1	1	-0.600000	-6.594362	7.833579	38.712577
	37	1	2	0.000000	-6.525505	4.152812	39.593784
	38	1	6	0.000000	-2.333759	3.304074	40.035958
	39	1	1	-0.600000	-8.624194	2.636668	42.641420
	40	1	2	0.000000	-6.504883	-0.445659	43.213581
	41	1	4	0.000000	-2.633047	1.560255	43.611984
	42	1	1	-0.600000	-7.652089	-2.745276	46.774863
	43	1	2	0.000000	-4.207621	-3.993090	47.398227
	44	1	5	0.000000	-0.838035	-0.351779	47.049136
	45	1	1	-0.600000	-3.684063	-6.377214	49.552950
	46	1	2	0.000000	-0.099287	-5.523726	49.886369
	47	1	6	0.000000	-0.146612	-1.242012	50.275030
	48	1	1	-0.600000	2.333624	-7.551191	52.920157
	49	1	2	0.000000	4.825549	-4.765760	53.266054
	50	1	3	0.000000	2.335358	-0.596606	53.531985
	51	1	1	-0.600000	7.364330	-5.122387	56.119519
	52	1	2	0.000000	7.831655	-1.461758	56.624633
	53	1	5	0.000000	3.527441	1.022000	56.817157
	54	1	1	-0.600000	10.526454	-0.083342	58.814020
	55	1	2	0.000000	8.870266	3.231173	59.318884
	56	1	3	0.000000	4.111627	2.456887	59.962183
	57	1	1	-0.600000	10.115190	5.211867	61.628670
	58	1	2	0.000000	6.946136	7.088629	62.210978
	59	1	4	0.000000	4.317839	3.749981	63.268149
	60	1	1	-0.600000	7.031627	10.159158	65.062798
	61	1	2	0.000000	3.391529	9.890679	65.930619
	62	1	3	0.000000	2.315662	5.195998	66.607337
	63	1	1	-0.600000	2.493766	11.702792	68.171177
	64	1	2	0.000000	-0.335334	9.534429	69.179141
	65	1	6	0.000000	1.417451	5.675601	69.904195
	66	1	1	-0.600000	-2.779490	10.582970	72.165115
	67	1	2	0.000000	-4.048896	7.117219	73.001942
	68	1	4	0.000000	-0.162337	5.171936	73.533093
	69	1	1	-0.600000	-6.662097	6.615322	76.240124
	70	1	2	0.000000	-5.596666	3.092920	76.967797
	71	1	3	0.000000	-0.735783	2.929641	76.981572
	72	1	1	-0.600000	-6.884077	1.864794	79.406084
	73	1	2	0.000000	-4.104823	-0.499839	80.039845
	74	1	6	0.000000	-0.583349	1.955184	80.288177
	75	1	1	-0.600000	-4.300680	-2.815932	82.707409
	76	1	2	0.000000	-0.599241	-3.382751	83.264636
	77	1	6	0.000000	1.001325	0.600440	83.508319
	78	1	1	-0.600000	0.784149	-6.046238	86.461967
	79	1	2	0.000000	4.149016	-4.421929	86.817851
	80	1	3	0.000000	3.456641	0.392126	86.841817
	81	1	1	-0.600000	6.683071	-5.577128	89.232186
	82	1	2	0.000000	8.458898	-2.285847	89.419312
	83	1	3	0.000000	5.156147	1.256522	89.867353
	84	1	1	-0.600000	11.407134	-1.859908	91.589849
	85	1	2	0.000000	11.002692	1.846071	91.941875
	86	1	3	0.000000	6.328967	2.835554	92.854043
	87	1	1	-0.600000	13.367719	3.811663	93.973398
	88	1	2	0.000000	10.960746	6.601010	94.642915
	89	1	3	0.000000	6.661300	4.698894	95.888133
	90	1	1	-0.600000	12.219623	9.148563	97.219871
	91	1	2	0.000000	8.832700	10.115175	98.431765
	92	1	5	0.000000	5.925445	6.188761	99.362698
	93	1	1	-0.600000	8.337283	12.504276	100.631404
	94	1	2	0.000000	4.914249	11.438959	101.764922
	95	1	4	0.000000	5.799682	7.245891	102.663284
	96	1	1	-0.600000	3.593023	13.731992	105.269062
	97	1	2	0.000000	1.544967	10.950879	106.641320
	98	1	5	0.000000	4.007943	6.631133	106.549367
	99	1	1	-0.600000	-0.363915	11.170275	109.305756
	100	1	2	0.000000	-0.620951	7.491980	110.040852
	101	1	4	0.000000	3.647823	6.517454	109.996781
	102	1	1	-0.600000	-2.585151	6.384491	113.573956
	103	1	2	0.000000	-0.638750	3.211308	114.040341
	104	1	3	0.000000	4.082374	4.199204	113.415452
	105	1	1	-0.600000	-1.166173	1.384731	116.722180
	106	1	2	0.000000	2.144381	-0.328043	116.623278
	107	1	4	0.000000	4.769324	3.174211	116.750267
	108	1	1	-0.600000	2.982199	-2.988658	119.307122
	109	1	2	0.000000	6.709360	-2.596047	119.019577
	110	1	4	0.000000	6.940881	1.725682	119.687180
	111	1	1	-0.600000	9.113507	-4.639423	121.261383
	112	1	2	0.000000	11.950460	-2.183149	121.040762
	113	1	4	0.000000	9.794663	1.390009	122.366896
	114	1	1	-0.600000	15.361175	-3.214999	123.607157
	115	1	2	0.000000	16.389203	0.321277	124.106288
	116	1	5	0.000000	12.504760	3.233134	125.185999
	117	1	1	-0.600000	19.247618	1.242978	126.151150
	118	1	2	0.000000	18.138916	4.727721	127.052913
	119	1	5	0.000000	13.335280	4.941261	128.323299
	120	1	1	-0.600000	20.359277	7.052106	128.955866
	121	1	2	0.000000	17.571586	9.198183	130.223909
	122	1	3	0.000000	13.893865	6.287914	131.511642
	123	1	1	-0.600000	18.225366	11.924160	132.617152
	124	1	2	0.000000	14.771307	11.905250	134.062922
	125	1	3	0.000000	13.450218	7.302244	134.912306
	126	1	1	-0.600000	13.847236	14.243924	136.757679
	127	1	2	0.000000	11.072370	12.109316	138.085571
	128	1	3	0.000000	12.634309	7.513287	138.387387
	129	1	1	-0.600000	9.886045	13.185192	140.644190
	130	1	2	0.000000	8.787880	9.866763	141.870160
	131	1	6	0.000000	12.329853	7.429619	141.823628
	132	1	1	-0.600000	6.833435	9.489037	145.338055
	133	1	2	0.000000	7.656306	5.850305	145.973496
	134	1	4	0.000000	12.007936	6.148531	145.588322
	135	1	1	-0.600000	6.348929	4.401543	149.907211
	136	1	2	0.000000	9.091436	1.909807	150.190301
	137	1	5	0.000000	13.491797	3.864545	148.945577
	138	1	1	-0.600000	9.017624	-0.364004	152.520168
	139	1	2	0.000000	12.650896	-1.007327	152.248177
	140	1	6	0.000000	14.336378	2.946370	152.127218
	141	1	1	-0.600000	14.570760	-3.303514	154.899491
	142	1	2	0.000000	18.018782	-1.814830	154.434998
	143	1	4	0.000000	16.948797	2.380302	155.089110
	144	1	1	-0.600000	20.584019	-3.182486	156.735189
	145	1	2	0.000000	22.569595	-0.048329	156.704137
	146	1	6	0.000000	19.708755	2.992401	157.732709
	147	1	1	-0.600000	25.592544	0.306965	158.507443
	148	1	2	0.000000	25.613072	4.074369	158.881064
	149	1	6	0.000000	21.678647	4.956986	160.373774
	150	1	1	-0.600000	28.834504	6.070922	161.087774
	151	1	2	0.000000	26.810337	9.110155	161.956483
	152	1	3	0.000000	22.454747	7.581261	163.487855
	153	1	1	-0.600000	28.080851	11.393949	163.950312
	154	1	2	0.000000	24.787243	12.739026	165.068790
	155	1	4	0.000000	23.017903	9.067086	166.668794
	156	1	1	-0.600000	25.167405	15.514311	167.496755
	157	1	2	0.000000	21.913224	14.796484	169.129122
	158	1	6	0.000000	22.152878	10.616635	170.108722
	159	1	1	-0.600000	20.409771	17.299551	172.401427
	160	1	2	0.000000	18.175181	14.652783	173.846733
	161	1	3	0.000000	20.717750	10.509514	173.996249
	162	1	1	-0.600000	16.066592	15.217381	176.816815
	163	1	2	0.000000	15.861056	11.595879	177.746802
	164	1	3	0.000000	20.304495	9.642037	177.440928
	165	1	1	-0.600000	13.959626	10.521355	180.715201
	166	1	2	0.000000	15.885243	7.344627	181.186389
	167	1	3	0.000000	20.632266	8.306235	180.741867
	168	1	1	-0.600000	15.080682	5.050180	183.956420
	169	1	2	0.000000	18.486277	3.498010	184.074910
	170	1	3	0.000000	21.827831	7.025375	183.859342
	171	1	1	-0.600000	19.025215	1.172316	187.077835
	172	1	2	0.000000	22.699975	1.739710	187.297698
	173	1	5	0.000000	23.924802	6.553620	187.055074
	174	1	1	-0.600000	24.672179	0.076382	189.856497
	175	1	2	0.000000	27.482845	2.576025	190.052164
	176	1	5	0.000000	25.865241	7.279041	190.081339
	177	1	1	-0.600000	30.073259	1.824853	191.876348
	178	1	2	0.000000	31.071505	5.370376	192.225982
	179	1	6	0.000000	27.364543	7.342301	193.151512
	180	1	1	-0.600000	34.364746	6.434909	194.919275
	181	1	2	0.000000	33.162220	9.933526	195.551508
	182	1	3	0.000000	28.378890	9.707438	196.401582
	183	1	1	-0.600000	34.714026	11.812161	197.758122
	184	1	2	0.000000	31.798942	14.042248	198.415970
	185	1	4	0.000000	28.865010	11.040249	199.662406
	186	1	1	-0.600000	32.691241	17.006531	201.530721
	187	1	2	0.000000	29.166350	17.239293	202.684621
	188	1	5	0.000000	27.104699	12.745842	203.223629
	189	1	1	-0.600000	28.082616	19.323587	204.980741
	190	1	2	0.000000	24.909417	17.503848	205.850091
	191	1	4	0.000000	26.609393	13.532197	206.564876
	192	1	1	-0.600000	22.729078	18.803128	208.772001
	193	1	2	0.000000	21.165851	15.470542	209.534732
	194	1	4	0.000000	24.844910	13.153696	210.055249
	195	1	1	-0.600000	18.885595	15.517794	212.457213
	196	1	2	0.000000	19.516757	11.950366	213.258687
	197	1	6	0.000000	23.802748	11.688499	213.482946
	198	1	1	-0.600000	17.445038	9.963622	216.574483
	199	1	2	0.000000	20.044400	7.296581	217.042433
	200	1	3	0.000000	24.399531	9.458644	216.926234
	201	1	1	-0.600000	19.620451	5.055422	220.126753
	202	1	2	0.000000	23.253450	4.342102	220.535910
	203	1	5	0.000000	26.065467	8.434223	220.243804
	204	1	1	-0.600000	24.160833	1.991633	222.598739
	205	1	2	0.000000	27.595632	3.334688	222.889838
	206	1	6	0.000000	26.953842	7.552549	223.423980
	207	1	1	-0.600000	30.168443	1.921391	225.605176
	208	1	2	0.000000	32.345416	5.005506	225.872937
	209	1	4	0.000000	29.172467	7.901089	226.721251
	210	1	1	-0.600000	35.376739	4.761844	229.041157
	211	1	2	0.000000	35.394615	8.425050	229.665051
	212	1	5	0.000000	30.783762	10.264888	229.962865
	213	1	1	-0.600000	37.515123	9.955896	232.187372
	214	1	2	0.000000	35.438310	13.034709	232.813786
	215	1	5	0.000000	30.580928	12.028371	233.172111
	216	1	1	-0.600000	36.632592	15.772596	235.056894
	217	1	2	0.000000	33.219380	17.132428	235.754199
	218	1	3	0.000000	30.198706	13.373503	236.386845
	219	1	1	-0.600000	32.734251	19.861922	238.183642
	220	1	2	0.000000	29.186663	18.955002	238.966724
	221	1	3	0.000000	28.905657	14.145106	239.630691
	222	1	1	-0.600000	27.696796	20.616779	241.380463
	223	1	2	0.000000	25.194308	17.955735	242.130930
	224	1	4	0.000000	27.914937	14.638974	243.009705
	225	1	1	-0.600000	22.917238	18.922601	244.891560
	226	1	2	0.000000	22.340930	15.403628	245.915254
	227	1	6	0.000000	26.304441	13.819375	246.432613
	228	1	1	-0.600000	20.199696	14.526864	248.592273
	229	1	2	0.000000	21.715902	11.173860	249.481367
	230	1	6	0.000000	25.918389	12.024842	249.800766
	231	1	1	-0.600000	20.122673	8.832909	252.830347
	232	1	2	0.000000	23.301307	6.936503	253.454327
	233	1	3	0.000000	26.962952	10.136054	253.340234
	234	1	1	-0.600000	23.372965	4.763774	256.615154
	235	1	2	0.000000	27.054212	5.017987	257.124176
	236	1	5	0.000000	28.737058	9.681061	256.727960
	237	1	1	-0.600000	28.470213	3.046495	259.294950
	238	1	2	0.000000	31.439299	5.232540	259.601844
	239	1	6	0.000000	29.727609	9.161062	259.957201
	240	1	1	-0.600000	34.206801	4.614445	262.421018
	241	1	2	0.000000	35.516808	8.159856	262.610838
	242	1	4	0.000000	31.686761	10.173671	263.282077
	243	1	1	-0.600000	38.415648	8.803883	265.845777
	244	1	2	0.000000	37.480725	12.368198	266.326161
	245	1	5	0.000000	32.546326	12.975796	266.459843
	246	1	1	-0.600000	39.404396	14.760106	268.455335
	247	1	2	0.000000	36.579509	17.177239	268.860145
	248	1	3	0.000000	32.497959	14.624928	269.553167
	249	1	1	-0.600000	36.902413	20.105296	271.075577
	250	1	2	0.000000	33.225392	20.427995	271.704242
	251	1	3	0.000000	31.402713	16.020936	272.657951
	252	1	1	-0.600000	32.569792	22.516252	273.783037
	253	1	2	0.000000	29.408478	20.895123	274.832128
	254	1	6	0.000000	30.509141	16.872972	275.880048
	255	1	1	-0.600000	26.888017	22.878454	277.823519
	256	1	2	0.000000	25.176702	19.735504	278.955199
	257	1	3	0.000000	28.598068	16.325124	279.517907
	258	1	1	-0.600000	23.113191	19.838214	281.512277
	259	1	2	0.000000	23.464328	16.228276	282.377885
	260	1	4	0.000000	27.799079	16.050294	282.971965
	261	1	1	-0.600000	21.167572	15.189012	285.973205
	262	1	2	0.000000	23.474603	12.452040	286.972593
	263	1	5	0.000000	28.236257	13.855591	286.670727
	264	1	1	-0.600000	22.629473	10.359404	289.319428
	265	1	2	0.000000	26.134898	9.328901	289.901745
	266	1	6	0.000000	28.250440	13.070833	289.996928
	267	1	1	-0.600000	26.981604	7.253713	292.639767
	268	1	2	0.000000	30.568820	8.361599	293.127010
	269	1	6	0.000000	30.291612	12.651485	293.217623
	270	1	1	-0.600000	32.843214	7.008343	296.124377
	271	1	2	0.000000	35.278237	9.902986	296.240007
	272	1	4	0.000000	32.345154	13.133575	296.604121
	273	1	1	-0.600000	38.095017	10.064008	298.889796
	274	1	2	0.000000	38.417361	13.808217	298.812624
	275	1	4	0.000000	34.232230	14.817061	299.611295
	276	1	1	-0.600000	40.921151	15.646594	301.121910
	277	1	2	0.000000	39.049376	18.906633	301.121447
	278	1	4	0.000000	35.152956	17.395979	302.429213
	279	1	1	-0.600000	40.305905	21.933665	303.180090
	280	1	2	0.000000	36.929014	23.553670	303.494691
	281	1	4	0.000000	34.756533	20.155131	305.198580
	282	1	1	-0.600000	36.924381	27.100815	306.083710
	283	1	2	0.000000	33.397886	26.633332	307.157650
	284	1	5	0.000000	32.466601	21.912844	308.416560
	285	1	1	-0.600000	31.449955	29.173521	309.083698
	286	1	2	0.000000	28.914423	26.738753	310.359436
	287	1	3	0.000000	31.241827	22.657099	311.616150
	288	1	1	-0.600000	26.879301	27.770266	312.726320
	289	1	2	0.000000	26.192242	24.368387	314.090127
	290	1	4	0.000000	30.288384	23.122555	315.009984
	291	1	1	-0.600000	23.584183	24.528694	317.619496
	292	1	2	0.000000	25.013178	21.452681	319.137898
	293	1	5	0.000000	29.984473	21.464599	318.991028
	294	1	1	-0.600000	23.861473	20.144590	322.325875
	295	1	2	0.000000	26.997514	18.297342	323.293287
	296	1	5	0.000000	31.120481	20.944350	322.438790
	297	1	1	-0.600000	27.132408	16.142218	326.341672
	298	1	2	0.000000	30.853369	16.298379	326.684663
	299	1	3	0.000000	32.263444	20.858741	325.752008
	300	1	1	-0.600000	32.150636	15.043385	330.069524
	301	1	2	0.000000	35.152919	17.247588	330.126036
	302	1	5	0.000000	34.102824	21.964423	328.949806
	303	1	1	-0.600000	37.456513	16.691397	332.359125
	304	1	2	0.000000	38.827005	20.113872	332.048909
	305	1	6	0.000000	35.307152	22.583224	332.087658
	306	1	1	-0.600000	41.958184	21.448847	334.814440
	307	1	2	0.000000	41.121099	25.096753	334.531524
	308	1	3	0.000000	36.285690	25.518958	334.846122
	309	1	1	-0.600000	42.941583	27.435993	336.966314
	310	1	2	0.000000	40.228770	29.985458	337.088090
	311	1	5	0.000000	35.727291	27.978542	337.756368
	312	1	1	-0.600000	40.515709	32.821628	338.720385
	313	1	2	0.000000	36.848457	33.586112	339.043481
	314	1	4	0.000000	35.530371	29.763268	340.723671
	315	1	1	-0.600000	35.736767	36.656093	341.121861
	316	1	2	0.000000	32.337568	35.285611	341.956737
	317	1	4	0.000000	33.605705	31.471065	343.693121
	318	1	1	-0.600000	29.879463	37.265352	344.197126
	319	1	2	0.000000	27.969577	34.241997	345.356057
	320	1	4	0.000000	31.347579	31.908942	346.878881
	321	1	1	-0.600000	25.314882	35.002882	347.828912
	322	1	2	0.000000	25.547371	31.652878	349.406704
	323	1	6	0.000000	29.726522	31.237173	350.328725
	324	1	1	-0.600000	23.486324	30.676225	352.111728
	325	1	2	0.000000	25.709522	28.001266	353.606461
	326	1	6	0.000000	29.533297	29.940257	353.933639
	327	1	1	-0.600000	24.487047	25.870970	357.239455
	328	1	2	0.000000	27.976632	24.971608	358.289965
	329	1	3	0.000000	30.731481	28.946974	357.775837
	330	1	1	-0.600000	28.711749	23.030748	361.335875
	331	1	2	0.000000	32.201457	24.337989	361.704184
	332	1	3	0.000000	32.148991	29.157511	361.052360
	333	1	1	-0.600000	34.338863	23.233477	364.496229
	334	1	2	0.000000	36.508921	26.284636	364.454440
	335	1	3	0.000000	33.674037	30.221642	364.106819
	336	1	1	-0.600000	38.742222	26.587246	366.847584
	337	1	2	0.000000	38.989410	30.300641	366.614208
	338	1	4	0.000000	34.790560	31.343997	367.290820
	339	1	1	-0.600000	41.660791	32.212579	369.217299
	340	1	2	0.000000	39.767208	35.450209	369.296828
	341	1	3	0.000000	35.061103	34.460504	370.022658
	342	1	1	-0.600000	40.899881	37.526593	371.172480
	343	1	2	0.000000	37.661608	39.250331	371.683912
	344	1	6	0.000000	34.959132	36.180892	373.012061
	345	1	1	-0.600000	37.548104	42.889430	374.128215
	346	1	2	0.000000	33.914363	42.582225	375.016757
	347	1	3	0.000000	33.097661	37.952844	376.265072
	348	1	1	-0.600000	32.912554	44.601598	377.024238
	349	1	2	0.000000	30.205815	42.419286	378.301278
	350	1	6	0.000000	32.167163	38.779881	379.482956
	351	1	1	-0.600000	27.700700	43.687227	381.148843
	352	1	2	0.000000	26.622413	40.284757	382.406716
	353	1	4	0.000000	30.609578	38.635572	383.153154
	354	1	1	-0.600000	24.208102	39.917214	385.409582
	355	1	2	0.000000	25.396744	36.485663	386.380523
	356	1	4	0.000000	29.666840	37.380981	386.755383
	357	1	1	-0.600000	23.922853	34.655497	389.455517
	358	1	2	0.000000	26.934243	32.479300	390.028533
	359	1	4	0.000000	29.957912	35.637370	390.264435
	360	1	1	-0.600000	27.065013	29.986473	392.986578
	361	1	2	0.000000	30.817794	29.900285	393.189164
	362	1	4	0.000000	31.526908	34.204261	393.569630
	363	1	1	-0.600000	32.332606	27.575514	396.592913
	364	1	2	0.000000	35.422929	29.610237	396.941013
	365	1	5	0.000000	34.451494	34.483716	396.740936
	366	1	1	-0.600000	37.913559	28.937287	399.499834
	367	1	2	0.000000	39.370475	32.403008	399.730690
	368	1	5	0.000000	35.881818	35.947492	399.783927
	369	1	1	-0.600000	41.831878	33.131985	401.780704
	370	1	2	0.000000	41.250375	36.842186	401.960615
	371	1	4	0.000000	36.987902	36.787405	402.962045
	372	1	1	-0.600000	43.607026	39.014246	404.661397
	373	1	2	0.000000	41.040677	41.687227	405.247247
	374	1	3	0.000000	36.749792	39.545233	406.058228
	375	1	1	-0.600000	41.910910	44.259857	407.956269
	376	1	2	0.000000	38.377522	45.030811	408.847146
	377	1	5	0.000000	35.609068	40.944998	409.459926
	378	1	1	-0.600000	37.548767	47.359559	411.011328
	379	1	2	0.000000	34.095438	46.100643	411.802610
	380	1	4	0.000000	35.114007	41.947056	412.743046
	381	1	1	-0.600000	31.996685	48.071707	414.848347
	382	1	2	0.000000	29.987717	45.065665	415.848995
	383	1	3	0.000000	33.000732	41.269342	416.253724
	384	1	1	-0.600000	27.938746	45.285273	418.410234
	385	1	2	0.000000	27.877125	41.623338	419.111362
	386	1	4	0.000000	32.161748	40.931251	419.692513
	387	1	1	-0.600000	25.721307	40.795491	422.011392
	388	1	2	0.000000	27.685430	37.763783	422.859370
	389	1	6	0.000000	31.729800	39.198495	423.126584
	390	1	1	-0.600000	26.806771	35.370836	425.940083
	391	1	2	0.000000	30.234739	33.822374	426.353848
	392	1	4	0.000000	32.532374	37.537021	426.663965
	393	1	1	-0.600000	30.597274	31.246931	429.892304
	394	1	2	0.000000	34.216132	31.953189	430.357123
	395	1	5	0.000000	35.207220	36.812319	429.981848
	396	1	1	-0.600000	35.989539	30.173183	432.428559
	397	1	2	0.000000	38.631852	32.752650	432.653577
	398	1	6	0.000000	36.401928	36.394721	433.156343
	399	1	1	-0.600000	41.894590	32.260272	435.542673
	400	1	2	0.000000	42.607138	35.930666	435.870995
	401	1	3	0.000000	38.339013	38.215900	436.336968
	402	1	1	-0.600000	45.090944	36.924170	438.619846
	403	1	2	0.000000	43.627103	40.299424	439.203732
	404	1	5	0.000000	38.671719	40.205190	439.617862
	405	1	1	-0.600000	45.047061	42.517276	441.707046
	406	1	2	0.000000	41.954661	44.545502	442.418520
	407	1	5	0.000000	37.877067	41.732319	442.855931
	408	1	1	-0.600000	41.938661	47.002829	444.598823
	409	1	2	0.000000	38.235808	47.071677	445.247193
	410	1	4	0.000000	37.649867	42.825162	446.139775
	411	1	1	-0.600000	37.239435	49.714026	448.610172
	412	1	2	0.000000	34.267413	47.728463	449.628161
	413	1	5	0.000000	35.258576	42.856312	449.740794
	414	1	1	-0.600000	32.197111	48.648099	452.468839
	415	1	2	0.000000	30.838972	45.223639	453.251852
	416	1	5	0.000000	34.338075	41.692810	453.094749
	417	1	1	-0.600000	28.224456	44.711908	455.870536
	418	1	2	0.000000	29.024601	41.101246	456.426220
	419	1	3	0.000000	33.862910	40.606397	456.393957
	420	1	1	-0.600000	27.657184	39.628334	459.027843
	421	1	2	0.000000	30.284074	37.002154	459.351528
	422	1	4	0.000000	33.808789	39.562431	459.792779
	423	1	1	-0.600000	29.821175	34.195138	462.429522
	424	1	2	0.000000	33.493033	33.521137	462.802058
	425	1	3	0.000000	35.829622	37.784249	462.955524
	426	1	1	-0.600000	34.517528	31.473938	465.161448
	427	1	2	0.000000	37.976485	32.856365	465.332620
	428	1	4	0.000000	37.035587	37.040341	466.216952
	429	1	1	-0.600000	40.523419	31.289352	467.789964
	430	1	2	0.000000	42.660583	34.369236	468.070135
	431	1	4	0.000000	39.533606	37.200619	469.245527
	432	1	1	-0.600000	45.881544	33.999984	471.032222
	433	1	2	0.000000	45.922572	37.630833	471.824197
	434	1	5	0.000000	41.331091	39.422738	472.488936
	435	1	1	-0.600000	48.556156	39.283784	473.894264
	436	1	2	0.000000	46.479115	42.279399	474.729978
	437	1	3	0.000000	41.954087	40.762753	475.668182
	438	1	1	-0.600000	47.605002	44.301731	477.064126
	439	1	2	0.000000	44.253288	45.645694	477.995448
	440	1	12	0.000000	42.237835	41.897560	479.025987
	441	2	2	0.000000	31.949934	41.055168	480.243339
	442	2	7	0.000000	36.650911	40.286610	479.262157
	443	2	1	-0.600000	30.520369	42.966226	477.982613
	444	2	2	0.000000	33.623380	44.842045	477.111767
	445	2	4	0.000000	36.186810	41.488246	475.947943
	446	2	1	-0.600000	33.024945	47.379226	474.476217
	447	2	2	0.000000	36.515077	47.198305	473.230177
	448	2	6	0.000000	37.136639	43.003998	472.515458
	449	2	1	-0.600000	37.900196	49.775968	469.963545
	450	2	2	0.000000	40.718177	47.522094	468.930998
	451	2	3	0.000000	38.989246	42.977563	468.807167
	452	2	1	-0.600000	43.005619	48.323069	466.148989
	453	2	2	0.000000	43.954523	44.761835	465.485677
	454	2	3	0.000000	39.925458	42.037934	465.485090
	455	2	1	-0.600000	45.843109	44.160515	462.862967
	456	2	2	0.000000	44.768515	40.610913	462.476419
	457	2	4	0.000000	40.450010	41.208634	462.067325
	458	2	1	-0.600000	46.488590	38.415815	459.347636
	459	2	2	0.000000	43.570070	36.093242	458.944519
	460	2	3	0.000000	39.495098	38.747025	458.861368
	461	2	1	-0.600000	43.624216	33.850588	456.541688
	462	2	2	0.000000	39.921539	33.436119	456.380430
	463	2	4	0.000000	38.768681	37.583787	455.580596
	464	2	1	-0.600000	38.906098	30.974307	453.801552
	465	2	2	0.000000	35.620616	32.607785	453.250908
	466	2	6	0.000000	36.630212	36.714558	452.473889
	467	2	1	-0.600000	33.240366	31.365860	450.946395
	468	2	2	0.000000	31.345164	34.573549	450.275176
	469	2	6	0.000000	34.453254	37.410707	449.393053
	470	2	1	-0.600000	28.025300	34.634874	447.410230
	471	2	2	0.000000	28.306635	38.299898	446.651538
	472	2	3	0.000000	33.020202	39.302446	445.994048
	473	2	1	-0.600000	26.509420	39.289908	444.437550
	474	2	2	0.000000	28.730993	42.101446	443.498492
	475	2	6	0.000000	32.553903	40.293853	442.722024
	476	2	1	-0.600000	27.781086	44.352606	440.939591
	477	2	2	0.000000	31.220560	45.552787	439.908748
	478	2	6	0.000000	33.432143	41.907555	439.354278
	479	2	1	-0.600000	31.789637	48.055399	436.842222
	480	2	2	0.000000	35.382601	47.122726	436.106211
	481	2	4	0.000000	34.807661	42.799207	435.717030
	482	2	1	-0.600000	36.990055	49.001298	432.477240
	483	2	2	0.000000	39.312676	46.195804	431.739613
	484	2	5	0.000000	37.063807	41.781176	432.172503
	485	2	1	-0.600000	41.634107	46.528996	429.480501
	486	2	2	0.000000	42.044807	42.870390	429.114994
	487	2	6	0.000000	37.992799	41.448491	428.900599
	488	2	1	-0.600000	44.645711	41.290601	425.956876
	489	2	2	0.000000	42.869139	37.996079	425.677466
	490	2	3	0.000000	38.092058	38.907742	425.626660
	491	2	1	-0.600000	43.945873	35.744232	422.764828
	492	2	2	0.000000	40.648054	34.051957	422.399835
	493	2	5	0.000000	36.834875	37.244876	422.388112
	494	2	1	-0.600000	40.179277	31.056130	420.217844
	495	2	2	0.000000	36.478877	31.478108	419.878430
	496	2	3	0.000000	35.548676	36.216002	419.293248
	497	2	1	-0.600000	34.943305	29.638331	417.627900
	498	2	2	0.000000	32.071313	31.974153	417.181339
	499	2	4	0.000000	34.258532	35.591615	416.039074
	500	2	1	-0.600000	29.092752	30.851803	414.454550
	501	2	2	0.000000	28.060080	34.366527	413.645071
	502	2	3	0.000000	32.068111	36.988959	412.799326
	503	2	1	-0.600000	25.952528	34.597433	411.496572
	504	2	2	0.000000	26.974727	38.001750	410.454656
	505	2	6	0.000000	31.164217	37.680364	409.541822
	506	2	1	-0.600000	25.022026	39.949408	407.559716
	507	2	2	0.000000	27.802744	42.333325	406.607486
	508	2	4	0.000000	30.935098	39.350664	405.925652
	509	2	1	-0.600000	27.235351	44.972263	403.400832
	510	2	2	0.000000	30.874237	45.181228	402.511786
	511	2	3	0.000000	32.690395	40.670813	402.400598
	512	2	1	-0.600000	31.477714	46.820349	400.049829
	513	2	2	0.000000	34.620308	45.022042	399.269576
	514	2	6	0.000000	33.510462	40.873592	399.054817
	515	2	1	-0.600000	36.608291	46.009732	396.514380
	516	2	2	0.000000	38.382602	42.728909	395.866045
	517	2	6	0.000000	35.180950	39.860914	395.753729
	518	2	1	-0.600000	41.214203	42.354005	392.538044
	519	2	2	0.000000	40.825708	38.637454	392.185617
	520	2	3	0.000000	36.069352	37.637846	392.369258
	521	2	1	-0.600000	42.668283	36.661685	389.672656
	522	2	2	0.000000	40.177292	33.866937	389.580576
	523	2	3	0.000000	35.703178	35.759983	389.346800
	524	2	1	-0.600000	40.685439	30.964292	387.360015
	525	2	2	0.000000	37.052450	30.078542	387.161699
	526	2	3	0.000000	34.486395	34.139496	386.399111
	527	2	1	-0.600000	35.922843	27.201136	385.146982
	528	2	2	0.000000	32.453151	28.514928	384.638031
	529	2	3	0.000000	32.717254	33.218649	383.429744
	530	2	1	-0.600000	30.380336	26.487092	382.126699
	531	2	2	0.000000	28.264131	29.351162	381.034605
	532	2	5	0.000000	30.918207	33.435834	380.031306
	533	2	1	-0.600000	25.757329	29.021507	378.936987
	534	2	2	0.000000	25.540322	32.614223	377.849031
	535	2	4	0.000000	29.741132	33.226598	376.775765
	536	2	1	-0.600000	22.785816	33.107416	374.464938
	537	2	2	0.000000	24.638796	35.997668	373.041949
	538	2	5	0.000000	29.539398	35.160937	372.914586
	539	2	1	-0.600000	23.666451	37.743811	370.434592
	540	2	2	0.000000	27.000981	39.251759	369.571469
	541	2	4	0.000000	29.375555	35.573982	369.475032
	542	2	1	-0.600000	27.218319	41.512633	366.048843
	543	2	2	0.000000	30.842486	40.774589	365.418714
	544	2	3	0.000000	31.553894	35.994213	365.964071
	545	2	1	-0.600000	32.262129	41.923315	362.685419
	546	2	2	0.000000	35.005261	39.397753	362.640037
	547	2	4	0.000000	32.607357	35.734311	362.578027
	548	2	1	-0.600000	37.674494	39.550860	359.847498
	549	2	2	0.000000	38.592239	35.912746	360.063155
	550	2	4	0.000000	34.587676	34.220271	359.540506
	551	2	1	-0.600000	41.243008	34.378694	357.703764
	552	2	2	0.000000	39.918166	30.870177	357.949179
	553	2	4	0.000000	35.773963	31.678799	356.789065
	554	2	1	-0.600000	41.956307	28.041665	355.279223
	555	2	2	0.000000	38.970132	25.866049	354.878391
	556	2	5	0.000000	34.863218	28.523164	353.977872
	557	2	1	-0.600000	39.005216	22.881270	352.806546
	558	2	2	0.000000	35.319387	22.733312	352.046083
	559	2	5	0.000000	33.423499	27.181597	350.883411
	560	2	1	-0.600000	33.825184	19.865023	350.176661
	561	2	2	0.000000	30.806242	21.756504	349.039459
	562	2	3	0.000000	32.227401	26.220036	347.731328
	563	2	1	-0.600000	28.379908	20.224734	346.719892
	564	2	2	0.000000	27.159419	23.485651	345.340923
	565	2	3	0.000000	30.996005	26.314541	344.374264
	566	2	1	-0.600000	24.551056	23.568552	342.732848
	567	2	2	0.000000	25.555689	26.916577	341.388592
	568	2	3	0.000000	30.395771	27.031682	340.921522
	569	2	1	-0.600000	24.051450	27.675912	338.884179
	570	2	2	0.000000	26.746795	29.855125	337.578529
	571	2	6	0.000000	30.251991	27.367138	337.490300
	572	2	1	-0.600000	26.311557	31.841064	334.135103
	573	2	2	0.000000	29.987547	32.323252	333.376875
	574	2	4	0.000000	31.215296	28.132355	333.694973
	575	2	1	-0.600000	30.763669	34.072725	329.424240
	576	2	2	0.000000	34.034943	32.355992	329.018858
	577	2	5	0.000000	33.753812	27.544256	330.245395
	578	2	1	-0.600000	36.063937	33.221113	326.623620
	579	2	2	0.000000	37.924559	30.028826	326.812663
	580	2	6	0.000000	34.796778	27.085823	327.023282
	581	2	1	-0.600000	40.648421	29.031359	324.060666
	582	2	2	0.000000	40.451462	25.279008	324.510102
	583	2	4	0.000000	36.124185	24.845235	324.000739
	584	2	1	-0.600000	42.537320	23.354253	322.125463
	585	2	2	0.000000	40.278570	20.411980	322.216121
	586	2	6	0.000000	36.407097	22.059051	321.329176
	587	2	1	-0.600000	40.921674	17.461728	320.371557
	588	2	2	0.000000	37.380474	16.149747	320.111563
	589	2	6	0.000000	35.149574	19.549690	318.714577
	590	2	1	-0.600000	36.537037	12.451649	317.910090
	591	2	2	0.000000	32.959853	13.312184	317.168463
	592	2	3	0.000000	32.846687	17.937326	315.667545
	593	2	1	-0.600000	31.184692	11.346333	315.221585
	594	2	2	0.000000	28.753131	13.982615	314.202106
	595	2	4	0.000000	31.536705	16.916550	312.523282
	596	2	1	-0.600000	26.195780	12.686744	311.852131
	597	2	2	0.000000	25.696071	15.998355	310.255724
	598	2	6	0.000000	29.667805	17.216601	309.147178
	599	2	1	-0.600000	22.718695	16.569552	307.086889
	600	2	2	0.000000	24.385632	19.586819	305.601641
	601	2	3	0.000000	29.142727	18.624165	305.283783
	602	2	1	-0.600000	23.030507	21.387792	302.680522
	603	2	2	0.000000	26.327296	22.828908	301.641255
	604	2	3	0.000000	29.697184	19.326655	301.820149
	605	2	1	-0.600000	26.581043	24.991360	298.662619
	606	2	2	0.000000	30.207271	24.273751	298.060455
	607	2	3	0.000000	30.948478	19.484767	298.473026
	608	2	1	-0.600000	31.985917	25.818620	295.220559
	609	2	2	0.000000	34.605420	23.151540	295.000509
	610	2	3	0.000000	32.446264	18.803130	295.296827
	611	2	1	-0.600000	36.859230	23.442804	291.910448
	612	2	2	0.000000	37.577056	19.796490	291.661824
	613	2	5	0.000000	33.486298	16.995765	292.058755
	614	2	1	-0.600000	39.716594	18.514298	289.019649
	615	2	2	0.000000	38.325190	15.017362	288.875304
	616	2	5	0.000000	33.355089	14.925240	289.034669
	617	2	1	-0.600000	39.848074	12.841515	286.991168
	618	2	2	0.000000	36.848554	10.689010	286.754645
	619	2	6	0.000000	33.692572	13.496079	285.948859
	620	2	1	-0.600000	36.875054	7.231164	284.057094
	621	2	2	0.000000	33.154631	7.162106	283.565753
	622	2	3	0.000000	31.696449	11.733710	282.771649
	623	2	1	-0.600000	31.838886	5.061201	281.407101
	624	2	2	0.000000	28.721963	7.035984	280.867347
	625	2	4	0.000000	30.488310	10.821487	279.554202
	626	2	1	-0.600000	26.126983	5.182587	277.848143
	627	2	2	0.000000	24.657371	8.414346	276.750330
	628	2	5	0.000000	28.149388	11.891629	276.079459
	629	2	1	-0.600000	22.242279	8.719060	274.543965
	630	2	2	0.000000	22.831418	12.324263	273.653073
	631	2	4	0.000000	27.114866	12.088615	272.775111
	632	2	1	-0.600000	20.753706	13.928986	270.814988
	633	2	2	0.000000	23.317426	16.541260	269.960431
	634	2	4	0.000000	26.731865	13.881138	269.299694
	635	2	1	-0.600000	22.378639	18.675522	267.078576
	636	2	2	0.000000	25.912426	19.307639	266.140527
	637	2	6	0.000000	27.617177	15.371947	265.839026
	638	2	1	-0.600000	26.938848	21.943966	262.789664
	639	2	2	0.000000	30.314735	20.418189	262.185935
	640	2	3	0.000000	29.780932	15.585381	262.309781
	641	2	1	-0.600000	32.153343	21.592687	259.030856
	642	2	2	0.000000	34.051437	18.425899	258.539087
	643	2	5	0.000000	31.184771	14.380639	258.931534
	644	2	1	-0.600000	36.488630	18.385204	256.379892
	645	2	2	0.000000	36.393139	14.698737	256.081998
	646	2	6	0.000000	32.192858	13.857071	255.708609
	647	2	1	-0.600000	38.495330	12.773726	253.277982
	648	2	2	0.000000	36.335305	9.672529	253.085057
	649	2	4	0.000000	32.497501	11.662810	252.390457
	650	2	1	-0.600000	37.479383	6.916966	249.862886
	651	2	2	0.000000	34.022410	5.646097	249.368787
	652	2	5	0.000000	30.704403	9.347601	249.209925
	653	2	1	-0.600000	33.213804	3.136417	246.869155
	654	2	2	0.000000	29.587812	4.033691	246.385634
	655	2	5	0.000000	28.855113	8.942455	246.069135
	656	2	1	-0.600000	27.339851	1.978941	244.222790
	657	2	2	0.000000	24.867245	4.720695	243.628330
	658	2	3	0.000000	27.336580	8.849102	242.910694
	659	2	1	-0.600000	22.590578	4.232848	241.307624
	660	2	2	0.000000	22.010593	7.854118	240.632970
	661	2	4	0.000000	26.089850	9.052494	239.586608
	662	2	1	-0.600000	19.368605	8.892161	238.008738
	663	2	2	0.000000	20.923041	12.234481	237.274231
	664	2	4	0.000000	24.956450	10.849530	236.281390
	665	2	1	-0.600000	19.190691	14.138705	234.606988
	666	2	2	0.000000	22.282807	15.923085	233.596435
	667	2	6	0.000000	25.120368	12.763554	232.921382
	668	2	1	-0.600000	22.330328	18.328498	231.002254
	669	2	2	0.000000	25.985350	18.086404	230.045586
	670	2	6	0.000000	26.620355	13.860924	229.565802
	671	2	1	-0.600000	27.585730	20.503223	226.754621
	672	2	2	0.000000	30.445609	18.191929	226.002466
	673	2	3	0.000000	28.696139	13.653748	225.983551
	674	2	1	-0.600000	32.461245	18.981571	222.835466
	675	2	2	0.000000	33.474985	15.457253	222.184458
	676	2	5	0.000000	29.677221	12.264411	222.528041
	677	2	1	-0.600000	35.777643	14.881042	219.954996
	678	2	2	0.000000	34.735671	11.355180	219.538944
	679	2	6	0.000000	30.453592	11.627935	219.261338
	680	2	1	-0.600000	36.219581	9.069460	216.613129
	681	2	2	0.000000	33.334179	6.631236	216.382051
	682	2	4	0.000000	30.120478	9.559913	215.865707
	683	2	1	-0.600000	33.670677	3.803981	213.038571
	684	2	2	0.000000	29.994585	3.476399	212.605254
	685	2	5	0.000000	27.731991	7.905146	212.664767
	686	2	1	-0.600000	28.372385	0.926399	210.409518
	687	2	2	0.000000	25.128023	2.763793	210.121165
	688	2	3	0.000000	26.116911	7.495158	209.580124
	689	2	1	-0.600000	22.452994	1.536013	207.895298
	690	2	2	0.000000	20.881407	4.899566	207.405861
	691	2	3	0.000000	24.384929	8.154770	206.520511
	692	2	1	-0.600000	18.667796	4.873626	205.354375
	693	2	2	0.000000	19.094045	8.433887	204.424924
	694	2	6	0.000000	23.235961	8.816181	203.335092
	695	2	1	-0.600000	16.328280	10.226486	201.531986
	696	2	2	0.000000	18.679525	12.950567	200.465120
	697	2	3	0.000000	23.047807	10.927171	199.772155
	698	2	1	-0.600000	17.842328	14.942900	197.988283
	699	2	2	0.000000	21.342623	15.881225	197.108857
	700	2	4	0.000000	22.986294	11.893910	196.350621
	701	2	1	-0.600000	21.484949	18.521430	193.602437
	702	2	2	0.000000	24.832490	17.328610	192.515781
	703	2	5	0.000000	25.148666	12.367104	192.637416
	704	2	1	-0.600000	26.477969	18.922959	190.201540
	705	2	2	0.000000	28.638845	16.005978	189.486786
	706	2	6	0.000000	25.846604	12.740581	189.312667
	707	2	1	-0.600000	30.841786	16.019056	186.718043
	708	2	2	0.000000	31.023014	12.289548	186.095570
	709	2	6	0.000000	26.896943	11.082404	186.017143
	710	2	1	-0.600000	33.033525	10.724145	183.013939
	711	2	2	0.000000	31.146347	7.450025	182.806832
	712	2	4	0.000000	27.101907	9.109735	182.554952
	713	2	1	-0.600000	31.926104	4.844506	180.059329
	714	2	2	0.000000	28.521356	3.254985	180.130370
	715	2	4	0.000000	26.127235	6.863898	179.482119
	716	2	1	-0.600000	27.623683	0.350084	177.742742
	717	2	2	0.000000	23.920215	0.987146	177.818916
	718	2	4	0.000000	23.981749	5.203587	176.639795
	719	2	1	-0.600000	21.479912	-1.169490	175.735753
	720	2	2	0.000000	18.794115	1.453105	175.547727
	721	2	4	0.000000	21.209974	4.711823	173.898592
	722	2	1	-0.600000	15.416803	0.315178	172.981502
	723	2	2	0.000000	14.626007	3.818271	172.025771
	724	2	5	0.000000	18.717139	6.353051	170.771154
	725	2	1	-0.600000	11.538589	4.830723	170.182650
	726	2	2	0.000000	12.931606	8.086097	168.980093
	727	2	3	0.000000	17.541788	7.342872	167.620051
	728	2	1	-0.600000	11.223222	9.712649	166.690408
	729	2	2	0.000000	14.158102	11.568238	165.330404
	730	2	4	0.000000	16.718565	8.179804	164.263651
	731	2	1	-0.600000	13.050115	14.066823	161.893314
	732	2	2	0.000000	16.403009	13.828854	160.308528
	733	2	5	0.000000	18.101765	9.154706	160.285457
	734	2	1	-0.600000	17.180671	15.455758	157.153946
	735	2	2	0.000000	19.975034	13.176124	156.068769
	736	2	5	0.000000	18.920573	8.370854	156.797885
	737	2	1	-0.600000	21.992704	13.881994	153.004801
	738	2	2	0.000000	23.117594	10.346613	152.535654
	739	2	3	0.000000	19.335856	7.427028	153.447023
	740	2	1	-0.600000	24.682954	9.661780	149.101254
	741	2	2	0.000000	23.643200	6.088016	148.954857
	742	2	5	0.000000	18.873741	5.416645	150.194821
	743	2	1	-0.600000	24.917888	4.184145	146.641337
	744	2	2	0.000000	22.180211	1.712085	146.925087
	745	2	6	0.000000	18.652037	4.167779	147.021422
	746	2	1	-0.600000	21.953486	-1.602525	144.061919
	747	2	2	0.000000	18.245771	-2.079512	144.395576
	748	2	3	0.000000	16.183237	2.322648	144.248846
	749	2	1	-0.600000	16.632186	-4.519341	141.914202
	750	2	2	0.000000	13.304434	-2.846209	141.900064
	751	2	5	0.000000	13.631198	2.088667	141.374108
	752	2	1	-0.600000	10.711351	-4.041803	140.275963
	753	2	2	0.000000	8.728348	-0.852926	140.083254
	754	2	4	0.000000	11.836043	1.749111	138.426135
	755	2	1	-0.600000	5.428953	-0.802517	138.069161
	756	2	2	0.000000	5.533763	2.884211	137.348054
	757	2	4	0.000000	9.517001	3.059342	135.537755
	758	2	1	-0.600000	2.788177	4.581656	135.220390
	759	2	2	0.000000	4.949395	7.450314	134.113738
	760	2	4	0.000000	8.267193	5.132037	132.442534
	761	2	1	-0.600000	3.273718	9.764457	131.751615
	762	2	2	0.000000	6.466861	10.749277	130.139513
	763	2	6	0.000000	8.270736	7.000647	129.052897
	764	2	1	-0.600000	6.621548	13.110000	127.508451
	765	2	2	0.000000	9.864623	11.991999	125.907703
	766	2	6	0.000000	9.347594	7.748318	125.447876
	767	2	1	-0.600000	11.371408	13.993240	122.307839
	768	2	2	0.000000	13.389874	11.061498	121.115881
	769	2	3	0.000000	10.611544	7.094143	121.554379
	770	2	1	-0.600000	15.399386	11.140266	118.022261
	771	2	2	0.000000	15.357047	7.428588	117.524553
	772	2	3	0.000000	10.827074	5.803019	118.225132
	773	2	1	-0.600000	17.059520	5.897946	114.631075
	774	2	2	0.000000	14.934380	2.814178	114.609924
	775	2	3	0.000000	10.275687	4.115648	115.119980
	776	2	1	-0.600000	15.354233	0.701481	112.126846
	777	2	2	0.000000	11.955297	-0.809907	112.387838
	778	2	4	0.000000	9.524897	2.800217	111.902691
	779	2	1	-0.600000	11.007378	-3.876534	109.692385
	780	2	2	0.000000	7.317160	-3.203790	109.727850
	781	2	3	0.000000	6.622213	1.580371	109.194325
	782	2	1	-0.600000	5.707368	-4.908702	107.827047
	783	2	2	0.000000	2.969456	-2.439058	107.473189
	784	2	6	0.000000	4.897788	1.197160	106.230117
	785	2	1	-0.600000	-0.548575	-3.488415	105.073638
	786	2	2	0.000000	-1.522359	0.061375	104.338454
	787	2	3	0.000000	2.517880	2.458114	103.078713
	788	2	1	-0.600000	-3.810647	0.384688	102.397028
	789	2	2	0.000000	-2.716392	3.720021	101.214620
	790	2	6	0.000000	1.344239	3.167175	99.912335
	791	2	1	-0.600000	-4.832443	5.742745	98.490515
	792	2	2	0.000000	-2.034686	7.965595	97.244816
	793	2	4	0.000000	0.858241	4.813979	96.310798
	794	2	1	-0.600000	-2.586430	10.469695	94.351418
	795	2	2	0.000000	1.020863	10.565505	93.300431
	796	2	4	0.000000	1.628865	6.265172	92.741876
	797	2	1	-0.600000	2.166144	12.697313	90.285293
	798	2	2	0.000000	5.227333	10.638779	89.564420
	799	2	4	0.000000	3.288322	6.728726	89.210562
	800	2	1	-0.600000	7.552194	11.490404	86.595548
	801	2	2	0.000000	8.913213	8.006309	86.227312
	802	2	4	0.000000	5.105362	5.880762	85.831567
	803	2	1	-0.600000	11.551771	7.518716	82.751033
	804	2	2	0.000000	10.691658	3.934967	82.273670
	805	2	5	0.000000	5.784475	3.168360	82.534430
	806	2	1	-0.600000	12.128374	1.931409	79.604628
	807	2	2	0.000000	9.367177	-0.614271	79.321884
	808	2	5	0.000000	4.842305	1.446992	79.436422
	809	2	1	-0.600000	9.486257	-3.091557	77.167579
	810	2	2	0.000000	5.798551	-3.809929	77.027114
	811	2	4	0.000000	4.372133	0.249659	76.215582
	812	2	1	-0.600000	4.514108	-6.657519	74.232299
	813	2	2	0.000000	1.114089	-5.140528	73.770536
	814	2	3	0.000000	1.642437	-0.346566	73.143217
	815	2	1	-0.600000	-1.055632	-6.730238	71.035448
	816	2	2	0.000000	-3.006192	-3.642027	70.305113
	817	2	5	0.000000	-0.126773	0.381662	69.800497
	818	2	1	-0.600000	-5.517313	-3.574640	68.188209
	819	2	2	0.000000	-5.531471	0.129932	67.546705
	820	2	4	0.000000	-1.298602	0.635385	66.546359
	821	2	1	-0.600000	-8.158661	1.547287	64.604180
	822	2	2	0.000000	-6.040947	4.503711	63.682588
	823	2	3	0.000000	-1.450625	2.993184	63.130585
	824	2	1	-0.600000	-6.996246	6.455090	61.215842
	825	2	2	0.000000	-3.590068	7.796268	60.504592
	826	2	4	0.000000	-1.484367	4.035908	59.731341
	827	2	1	-0.600000	-3.604528	10.220401	57.699787
	828	2	2	0.000000	-0.100258	9.450833	56.754584
	829	2	6	0.000000	-0.068539	5.173702	56.313193
	830	2	1	-0.600000	1.789691	11.220222	53.707075
	831	2	2	0.000000	4.410055	8.550190	53.135735
	832	2	4	0.000000	1.700860	5.133185	52.737716
	833	2	1	-0.600000	6.887218	9.235759	49.575137
	834	2	2	0.000000	7.453791	5.616023	48.952773
	835	2	5	0.000000	3.235150	3.005224	49.301576
	836	2	1	-0.600000	9.694460	4.645651	46.798218
	837	2	2	0.000000	8.171150	1.290417	46.465473
	838	2	6	0.000000	3.977483	2.155593	46.075838
	839	2	1	-0.600000	9.696348	-1.486136	43.432675
	840	2	2	0.000000	6.486164	-3.399836	43.086788
	841	2	3	0.000000	2.870079	-0.158270	42.819107
	842	2	1	-0.600000	6.351372	-5.960799	40.233649
	843	2	2	0.000000	2.668943	-5.719667	39.728367
	844	2	5	0.000000	1.053898	-1.019722	39.534008
	845	2	1	-0.600000	1.024925	-7.711607	37.172628
	846	2	2	0.000000	-1.952612	-5.475411	36.606211
	847	2	5	0.000000	-0.713173	-0.666445	36.340105
	848	2	1	-0.600000	-4.306926	-6.214441	34.437872
	849	2	2	0.000000	-5.651067	-2.736218	33.954647
	850	2	4	0.000000	-1.878934	-0.694734	33.073678
	851	2	1	-0.600000	-8.537050	-2.571087	30.649061
	852	2	2	0.000000	-7.708144	0.940175	29.756683
	853	2	5	0.000000	-2.793860	1.684653	29.582292
	854	2	1	-0.600000	-9.333456	2.682868	27.014373
	855	2	2	0.000000	-6.595979	5.163255	26.279625
	856	2	5	0.000000	-2.078388	3.082843	26.268299
	857	2	1	-0.600000	-7.058908	7.898624	23.777959
	858	2	2	0.000000	-3.403609	8.407543	23.173787
	859	2	3	0.000000	-1.282007	4.034736	22.989645
	860	2	1	-0.600000	-2.536320	10.301040	20.630516
	861	2	2	0.000000	0.823898	8.748312	20.180635
	862	2	4	0.000000	-0.383261	4.580435	19.592750
	863	2	1	-0.600000	3.245121	10.269396	17.115940
	864	2	2	0.000000	5.127670	7.069486	16.577945
	865	2	3	0.000000	1.919762	3.421464	16.336784
	866	2	1	-0.600000	7.357304	6.904936	14.168151
	867	2	2	0.000000	7.239784	3.191472	13.848642
	868	2	4	0.000000	2.970507	2.676610	13.022276
	869	2	1	-0.600000	9.537782	1.437484	11.281656
	870	2	2	0.000000	7.371475	-1.612947	10.923755
	871	2	4	0.000000	3.620791	0.395925	9.889460
	872	2	1	-0.600000	8.769955	-4.396507	7.828452
	873	2	2	0.000000	5.359634	-5.650273	7.047638
	874	2	5	0.000000	2.092457	-1.929673	6.581126
	875	2	1	-0.600000	4.672918	-8.609583	4.874095
	876	2	2	0.000000	1.133131	-7.655321	4.136279
	877	2	3	0.000000	0.991764	-2.852367	3.382910
	878	2	1	-0.600000	-0.421541	-9.316872	1.763559
	879	2	2	0.000000	-2.848118	-6.596525	0.977968
	880	2	12	0.000000	-0.035655	-3.380030	0.019816
