2	1	3	111.935829	88.432122
1	3	4	95.226473	35.133843
3	4	5	99.441998	88.432122
3	4	6	112.079468	71.701721
5	4	6	115.454285	91.539197
4	6	7	93.064440	105.640535
6	7	8	103.849860	91.539197
6	7	9	121.232357	71.701721
8	7	9	113.814171	49.235182
7	9	10	95.104723	65.248566
9	10	11	107.534121	49.235182
9	10	12	122.867666	71.701721
11	10	12	113.880047	109.942639
10	12	13	94.775784	84.847036
12	13	14	108.827932	109.942639
12	13	15	117.424300	71.701721
14	13	15	111.931659	88.432122
13	15	16	95.234464	35.133843
15	16	17	99.442205	88.432122
15	16	18	117.235856	71.701721
17	16	18	113.985255	28.680688
16	18	19	94.879622	54.971319
18	19	20	108.413994	28.680688
18	19	21	119.216114	71.701721
20	19	21	111.931930	88.432122
19	21	22	95.227414	35.133843
21	22	23	99.448404	88.432122
21	22	24	112.077028	71.701721
23	22	24	115.452521	91.539197
22	24	25	93.066719	105.640535
24	25	26	103.853544	91.539197
24	25	27	122.536192	71.701721
26	25	27	112.053297	66.443595
25	27	28	98.906911	39.435946
27	28	29	103.507929	66.443595
27	28	30	120.440442	71.701721
29	28	30	113.824035	49.235182
28	30	31	95.107850	65.248566
30	31	32	107.535305	49.235182
30	31	33	115.084674	71.701721
32	31	33	114.230182	105.640535
31	33	34	94.458977	110.898662
33	34	35	105.069106	105.640535
33	34	36	120.353707	71.701721
35	34	36	112.048732	66.443595
34	36	37	98.907382	39.435946
36	37	38	103.510078	66.443595
36	37	39	122.447453	71.701721
38	37	39	111.003906	85.564054
37	39	40	97.477261	87.954111
39	40	41	97.806693	85.564054
39	40	42	113.755155	71.701721
41	40	42	113.395346	49.235182
40	42	43	93.998258	65.248566
42	43	44	111.738073	49.235182
42	43	45	120.392917	71.701721
44	43	45	118.269444	80.305927
43	45	46	92.666440	54.493308
45	46	47	103.131915	80.305927
45	46	48	119.548895	71.701721
47	46	48	113.825556	49.235182
46	48	49	95.104772	65.248566
48	49	50	107.533689	49.235182
48	49	51	116.037334	71.701721
50	49	51	112.203074	85.564054
49	51	52	95.309991	87.954111
51	52	53	112.798799	85.564054
51	52	54	122.182475	71.701721
53	52	54	114.668121	91.539197
52	54	55	94.973228	105.640535
54	55	56	108.062840	91.539197
54	55	57	117.461490	71.701721
56	55	57	111.929361	88.432122
55	57	58	95.228254	35.133843
57	58	59	99.443863	88.432122
57	58	60	117.234043	71.701721
59	58	60	113.988129	28.680688
58	60	61	94.885736	54.971319
60	61	62	108.413975	28.680688
60	61	63	114.666840	71.701721
62	61	63	114.232498	105.640535
61	63	64	94.457540	110.898662
63	64	65	105.063207	105.640535
63	64	66	121.099681	71.701721
65	64	66	111.012824	85.564054
64	66	67	97.469806	87.954111
66	67	68	97.813226	85.564054
66	67	69	119.315783	71.701721
68	67	69	113.985737	28.680688
67	69	70	94.889287	54.971319
69	70	71	108.417008	28.680688
69	70	72	114.683814	71.701721
71	70	72	114.225340	105.640535
70	72	73	94.470140	110.898662
72	73	74	105.064604	105.640535
72	73	75	120.358289	71.701721
74	73	75	112.057278	66.443595
73	75	76	98.908544	39.435946
75	76	77	103.508978	66.443595
75	76	78	120.442968	71.701721
77	76	78	113.822861	49.235182
76	78	79	95.111635	65.248566
78	79	80	107.529515	49.235182
78	79	81	122.877203	71.701721
80	79	81	113.883049	109.942639
79	81	82	94.778673	84.847036
81	82	83	108.827714	109.942639
81	82	84	120.687923	71.701721
83	82	84	113.875471	109.942639
82	84	85	94.780559	84.847036
84	85	86	108.830599	109.942639
84	85	87	120.685503	71.701721
86	85	87	113.875778	109.942639
85	87	88	94.780971	84.847036
87	88	89	108.825114	109.942639
87	88	90	113.819366	71.701721
89	88	90	112.200075	85.564054
88	90	91	95.307724	87.954111
90	91	92	112.802270	85.564054
90	91	93	122.936659	71.701721
92	91	93	111.140897	105.640535
91	93	94	97.648852	110.898662
93	94	95	98.573675	105.640535
93	94	96	111.502519	71.701721
95	94	96	113.401574	49.235182
94	96	97	93.996246	65.248566
96	97	98	111.729863	49.235182
96	97	99	124.731482	71.701721
98	97	99	111.147990	105.640535
97	99	100	97.641024	110.898662
99	100	101	98.575639	105.640535
99	100	102	117.087305	71.701721
101	100	102	113.987166	28.680688
100	102	103	94.884582	54.971319
102	103	104	108.411072	28.680688
102	103	105	119.218118	71.701721
104	103	105	111.926041	88.432122
103	105	106	95.229449	35.133843
105	106	107	99.443921	88.432122
105	106	108	119.308173	71.701721
107	106	108	113.572456	109.942639
106	108	109	95.151263	84.847036
108	109	110	98.270370	109.942639
108	109	111	121.095249	71.701721
110	109	111	113.570337	109.942639
109	111	112	95.153026	84.847036
111	112	113	98.272223	109.942639
111	112	114	113.473830	71.701721
113	112	114	113.399149	49.235182
112	114	115	93.999853	65.248566
114	115	116	111.729713	49.235182
114	115	117	122.316311	71.701721
116	115	117	110.105854	66.443595
115	117	118	97.924669	39.435946
117	118	119	112.656338	66.443595
117	118	120	121.513936	71.701721
119	118	120	114.662049	91.539197
118	120	121	94.975883	105.640535
120	121	122	108.063939	91.539197
120	121	123	120.821198	71.701721
122	121	123	113.876040	109.942639
121	123	124	94.780951	84.847036
123	124	125	108.830615	109.942639
123	124	126	120.687387	71.701721
125	124	126	113.874324	109.942639
124	126	127	94.781492	84.847036
126	127	128	108.828840	109.942639
126	127	129	112.872139	71.701721
128	127	129	114.232225	105.640535
127	129	130	94.459359	110.898662
129	130	131	105.069280	105.640535
129	130	132	121.102894	71.701721
131	130	132	111.007290	85.564054
130	132	133	97.479741	87.954111
132	133	134	97.806898	85.564054
132	133	135	113.760517	71.701721
134	133	135	113.400217	49.235182
133	135	136	93.999008	65.248566
135	136	137	111.738004	49.235182
135	136	138	120.395451	71.701721
137	136	138	118.266908	80.305927
136	138	139	92.668476	54.493308
138	139	140	103.128317	80.305927
138	139	141	121.508317	71.701721
140	139	141	111.007555	85.564054
139	141	142	97.480447	87.954111
141	142	143	97.811490	85.564054
141	142	144	114.155392	71.701721
143	142	144	115.460561	91.539197
142	144	145	93.065763	105.640535
144	145	146	103.845456	91.539197
144	145	147	122.536090	71.701721
146	145	147	112.058676	66.443595
145	147	148	98.909268	39.435946
147	148	149	103.507426	66.443595
147	148	150	120.441805	71.701721
149	148	150	113.829480	49.235182
148	150	151	95.103287	65.248566
150	151	152	107.534989	49.235182
150	151	153	119.636858	71.701721
152	151	153	111.935736	88.432122
151	153	154	95.229576	35.133843
153	154	155	99.438849	88.432122
153	154	156	112.079067	71.701721
155	154	156	115.462746	91.539197
154	156	157	93.058912	105.640535
156	157	158	103.850668	91.539197
156	157	159	121.228887	71.701721
158	157	159	113.824719	49.235182
157	159	160	95.102703	65.248566
159	160	161	107.537995	49.235182
159	160	162	122.877714	71.701721
161	160	162	113.877599	109.942639
160	162	163	94.782761	84.847036
162	163	164	108.829135	109.942639
162	163	165	120.686507	71.701721
164	163	165	113.884674	109.942639
163	165	166	94.783265	84.847036
165	166	167	108.824584	109.942639
165	166	168	120.692730	71.701721
167	166	168	113.879263	109.942639
166	168	169	94.777976	84.847036
168	169	170	108.834272	109.942639
168	169	171	113.818339	71.701721
170	169	171	112.200773	85.564054
169	171	172	95.304852	87.954111
171	172	173	112.801900	85.564054
171	172	174	120.484206	71.701721
173	172	174	110.106826	66.443595
172	174	175	97.921381	39.435946
174	175	176	112.653562	66.443595
174	175	177	118.013010	71.701721
176	175	177	118.269149	80.305927
175	177	178	92.666021	54.493308
177	178	179	103.133338	80.305927
177	178	180	119.554375	71.701721
179	178	180	113.822620	49.235182
178	180	181	95.113384	65.248566
180	181	182	107.531517	49.235182
180	181	183	119.639885	71.701721
182	181	183	111.932489	88.432122
181	183	184	95.230716	35.133843
183	184	185	99.439886	88.432122
183	184	186	111.715100	71.701721
185	184	186	113.392132	49.235182
184	186	187	94.001477	65.248566
186	187	188	111.732411	49.235182
186	187	189	124.728999	71.701721
188	187	189	111.147647	105.640535
187	189	190	97.640614	110.898662
189	190	191	98.573440	105.640535
189	190	192	119.178284	71.701721
191	190	192	113.574927	109.942639
190	192	193	95.154073	84.847036
192	193	194	98.267166	109.942639
192	193	195	113.855898	71.701721
194	193	195	115.457203	91.539197
193	195	196	93.061041	105.640535
195	196	197	103.849808	91.539197
195	196	198	121.232489	71.701721
197	196	198	113.818843	49.235182
196	198	199	95.106567	65.248566
198	199	200	107.533787	49.235182
198	199	201	116.029118	71.701721
200	199	201	112.202462	85.564054
199	201	202	95.302174	87.954111
201	202	203	112.793756	85.564054
201	202	204	118.659086	71.701721
203	202	204	118.264280	80.305927
202	204	205	92.666114	54.493308
204	205	206	103.139134	80.305927
204	205	207	121.499491	71.701721
206	205	207	111.001277	85.564054
205	207	208	97.476852	87.954111
207	208	209	97.803928	85.564054
207	208	210	113.758610	71.701721
209	208	210	113.398368	49.235182
208	210	211	93.999564	65.248566
210	211	212	111.732996	49.235182
210	211	213	122.322854	71.701721
212	211	213	110.098682	66.443595
211	213	214	97.935663	39.435946
213	214	215	112.651909	66.443595
213	214	216	121.515950	71.701721
215	214	216	114.663709	91.539197
214	216	217	94.972524	105.640535
216	217	218	108.064112	91.539197
216	217	219	120.814520	71.701721
218	217	219	113.879974	109.942639
217	219	220	94.771169	84.847036
219	220	221	108.833242	109.942639
219	220	222	117.418507	71.701721
221	220	222	111.930839	88.432122
220	222	223	95.231129	35.133843
222	223	224	99.435979	88.432122
222	223	225	112.084093	71.701721
224	223	225	115.452440	91.539197
223	225	226	93.067712	105.640535
225	226	227	103.857211	91.539197
225	226	228	122.534540	71.701721
227	226	228	112.055464	66.443595
226	228	229	98.904127	39.435946
228	229	230	103.509264	66.443595
228	229	231	120.437536	71.701721
230	229	231	113.827767	49.235182
229	231	232	95.104964	65.248566
231	232	233	107.533404	49.235182
231	232	234	116.035651	71.701721
233	232	234	112.199341	85.564054
232	234	235	95.301717	87.954111
234	235	236	112.799735	85.564054
234	235	237	118.653516	71.701721
236	235	237	118.270289	80.305927
235	237	238	92.667239	54.493308
237	238	239	103.133519	80.305927
237	238	240	121.505040	71.701721
239	238	240	111.006438	85.564054
238	240	241	97.477045	87.954111
240	241	242	97.802633	85.564054
240	241	243	113.757133	71.701721
242	241	243	113.392107	49.235182
241	243	244	94.003666	65.248566
243	244	245	111.732054	49.235182
243	244	246	123.936080	71.701721
245	244	246	114.668088	91.539197
244	246	247	94.965778	105.640535
246	247	248	108.068137	91.539197
246	247	249	120.818421	71.701721
248	247	249	113.876168	109.942639
247	249	250	94.781120	84.847036
249	250	251	108.835923	109.942639
249	250	252	112.863040	71.701721
251	250	252	114.231828	105.640535
250	252	253	94.452348	110.898662
252	253	254	105.066467	105.640535
252	253	255	119.058476	71.701721
254	253	255	113.822965	49.235182
253	255	256	95.106259	65.248566
255	256	257	107.537256	49.235182
255	256	258	119.640775	71.701721
257	256	258	111.930835	88.432122
256	258	259	95.233186	35.133843
258	259	260	99.442763	88.432122
258	259	261	111.712287	71.701721
260	259	261	113.395538	49.235182
259	261	262	94.001733	65.248566
261	262	263	111.726497	49.235182
261	262	264	120.399247	71.701721
263	262	264	118.271504	80.305927
262	264	265	92.666971	54.493308
264	265	266	103.135731	80.305927
264	265	267	120.787420	71.701721
266	265	267	112.057836	66.443595
265	267	268	98.899335	39.435946
267	268	269	103.508354	66.443595
267	268	270	122.438403	71.701721
269	268	270	111.010023	85.564054
268	270	271	97.471205	87.954111
270	271	272	97.808782	85.564054
270	271	273	121.398740	71.701721
272	271	273	113.569620	109.942639
271	273	274	95.151631	84.847036
273	274	275	98.267709	109.942639
273	274	276	121.086783	71.701721
275	274	276	113.581171	109.942639
274	276	277	95.148040	84.847036
276	277	278	98.270425	109.942639
276	277	279	121.100423	71.701721
278	277	279	113.568617	109.942639
277	279	280	95.159902	84.847036
279	280	281	98.267881	109.942639
279	280	282	113.480710	71.701721
281	280	282	113.389836	49.235182
280	282	283	94.000848	65.248566
282	283	284	111.732216	49.235182
282	283	285	123.937943	71.701721
284	283	285	114.659685	91.539197
283	285	286	94.974421	105.640535
285	286	287	108.064208	91.539197
285	286	288	117.454805	71.701721
287	286	288	111.932282	88.432122
286	288	289	95.228538	35.133843
288	289	290	99.440485	88.432122
288	289	291	111.719988	71.701721
290	289	291	113.396468	49.235182
289	291	292	94.002290	65.248566
291	292	293	111.735514	49.235182
291	292	294	122.319676	71.701721
293	292	294	110.097735	66.443595
292	294	295	97.933835	39.435946
294	295	296	112.651319	66.443595
294	295	297	121.510685	71.701721
296	295	297	114.664560	91.539197
295	297	298	94.972265	105.640535
297	298	299	108.059842	91.539197
297	298	300	113.810920	71.701721
299	298	300	112.204852	85.564054
298	300	301	95.299560	87.954111
300	301	302	112.795564	85.564054
300	301	303	118.654770	71.701721
302	301	303	118.266252	80.305927
301	303	304	92.668022	54.493308
303	304	305	103.136056	80.305927
303	304	306	119.549706	71.701721
305	304	306	113.825207	49.235182
304	306	307	95.110714	65.248566
306	307	308	107.529549	49.235182
306	307	309	116.039918	71.701721
308	307	309	112.198101	85.564054
307	309	310	95.307594	87.954111
309	310	311	112.791335	85.564054
309	310	312	122.928196	71.701721
311	310	312	111.141792	105.640535
310	312	313	97.645818	110.898662
312	313	314	98.572135	105.640535
312	313	315	119.180042	71.701721
314	313	315	113.576030	109.942639
313	315	316	95.152917	84.847036
315	316	317	98.267327	109.942639
315	316	318	121.089440	71.701721
317	316	318	113.576441	109.942639
316	318	319	95.148559	84.847036
318	319	320	98.267461	109.942639
318	319	321	113.854768	71.701721
320	319	321	115.457615	91.539197
319	321	322	93.065428	105.640535
321	322	323	103.850195	91.539197
321	322	324	122.536738	71.701721
323	322	324	112.057828	66.443595
322	324	325	98.905822	39.435946
324	325	326	103.511947	66.443595
324	325	327	120.439323	71.701721
326	325	327	113.823998	49.235182
325	327	328	95.111160	65.248566
327	328	329	107.525983	49.235182
327	328	330	122.879037	71.701721
329	328	330	113.877246	109.942639
328	330	331	94.779526	84.847036
330	331	332	108.825641	109.942639
330	331	333	120.686085	71.701721
332	331	333	113.874812	109.942639
331	333	334	94.786589	84.847036
333	334	335	108.819585	109.942639
333	334	336	117.426874	71.701721
335	334	336	111.930716	88.432122
334	336	337	95.229433	35.133843
336	337	338	99.441130	88.432122
336	337	339	117.234786	71.701721
338	337	339	113.983230	28.680688
337	339	340	94.883779	54.971319
339	340	341	108.418410	28.680688
339	340	342	114.670396	71.701721
341	340	342	114.225047	105.640535
340	342	343	94.465323	110.898662
342	343	344	105.065670	105.640535
342	343	345	119.063901	71.701721
344	343	345	113.825208	49.235182
343	345	346	95.111164	65.248566
345	346	347	107.531045	49.235182
345	346	348	115.086791	71.701721
347	346	348	114.225814	105.640535
346	348	349	94.454472	110.898662
348	349	350	105.075962	105.640535
348	349	351	121.095686	71.701721
350	349	351	111.003307	85.564054
349	351	352	97.475634	87.954111
351	352	353	97.806697	85.564054
351	352	354	121.397593	71.701721
353	352	354	113.575234	109.942639
352	354	355	95.154120	84.847036
354	355	356	98.268181	109.942639
354	355	357	121.097318	71.701721
356	355	357	113.580737	109.942639
355	357	358	95.151583	84.847036
357	358	359	98.271416	109.942639
357	358	360	121.089502	71.701721
359	358	360	113.579380	109.942639
358	360	361	95.145133	84.847036
360	361	362	98.268930	109.942639
360	361	363	113.469548	71.701721
362	361	363	113.400460	49.235182
361	363	364	93.990850	65.248566
363	364	365	111.735016	49.235182
363	364	366	122.311864	71.701721
365	364	366	110.101824	66.443595
364	366	367	97.925180	39.435946
366	367	368	112.648336	66.443595
366	367	369	122.156093	71.701721
368	367	369	111.144783	105.640535
367	369	370	97.640118	110.898662
369	370	371	98.577672	105.640535
369	370	372	117.082952	71.701721
371	370	372	113.982349	28.680688
370	372	373	94.889373	54.971319
372	373	374	108.405953	28.680688
372	373	375	115.654269	71.701721
374	373	375	112.193455	85.564054
373	375	376	95.308736	87.954111
375	376	377	112.799125	85.564054
375	376	378	122.927905	71.701721
377	376	378	111.146151	105.640535
376	378	379	97.642361	110.898662
378	379	380	98.578175	105.640535
378	379	381	117.090470	71.701721
380	379	381	113.985245	28.680688
379	381	382	94.885021	54.971319
381	382	383	108.415491	28.680688
381	382	384	119.214077	71.701721
383	382	384	111.928326	88.432122
382	384	385	95.232041	35.133843
384	385	386	99.438811	88.432122
384	385	387	112.085619	71.701721
386	385	387	115.460766	91.539197
385	387	388	93.061521	105.640535
387	388	389	103.855712	91.539197
387	388	390	123.278800	71.701721
389	388	390	111.008324	85.564054
388	390	391	97.473308	87.954111
390	391	392	97.812997	85.564054
390	391	393	113.757386	71.701721
392	391	393	113.398855	49.235182
391	393	394	93.997697	65.248566
393	394	395	111.733744	49.235182
393	394	396	120.397017	71.701721
395	394	396	118.263986	80.305927
394	396	397	92.666898	54.493308
396	397	398	103.137226	80.305927
396	397	399	119.547291	71.701721
398	397	399	113.820082	49.235182
397	399	400	95.110121	65.248566
399	400	401	107.532902	49.235182
399	400	402	116.034851	71.701721
401	400	402	112.203117	85.564054
400	402	403	95.310626	87.954111
402	403	404	112.794011	85.564054
402	403	405	120.497473	71.701721
404	403	405	110.094817	66.443595
403	405	406	97.931912	39.435946
405	406	407	112.658211	66.443595
405	406	408	122.155993	71.701721
407	406	408	111.146885	105.640535
406	408	409	97.639685	110.898662
408	409	410	98.579586	105.640535
408	409	411	111.502025	71.701721
410	409	411	113.395571	49.235182
409	411	412	93.999036	65.248566
411	412	413	111.730074	49.235182
411	412	414	122.316953	71.701721
413	412	414	110.109757	66.443595
412	414	415	97.925281	39.435946
414	415	416	112.658291	66.443595
414	415	417	121.512058	71.701721
416	415	417	114.664225	91.539197
415	417	418	94.972210	105.640535
417	418	419	108.064445	91.539197
417	418	420	117.461887	71.701721
419	418	420	111.927916	88.432122
418	420	421	95.233978	35.133843
420	421	422	99.441251	88.432122
420	421	423	117.235495	71.701721
422	421	423	113.984081	28.680688
421	423	424	94.884331	54.971319
423	424	425	108.411502	28.680688
423	424	426	119.218445	71.701721
425	424	426	111.929127	88.432122
424	426	427	95.230095	35.133843
426	427	428	99.450293	88.432122
426	427	429	119.304119	71.701721
428	427	429	113.580039	109.942639
427	429	430	95.147653	84.847036
429	430	431	98.266271	109.942639
429	430	432	113.475964	71.701721
431	430	432	113.394800	49.235182
430	432	433	93.996064	65.248566
432	433	434	111.733618	49.235182
432	433	435	123.931164	71.701721
434	433	435	114.669863	91.539197
433	435	436	94.975246	105.640535
435	436	437	108.061437	91.539197
435	436	438	117.467291	71.701721
437	436	438	111.932897	88.432122
436	438	439	95.233200	35.133843
438	439	440	99.437855	88.432122
442	441	443	111.929813	88.432122
441	443	444	95.230752	35.133843
443	444	445	99.435059	88.432122
443	444	446	112.085697	71.701721
445	444	446	115.452709	91.539197
444	446	447	93.068950	105.640535
446	447	448	103.848696	91.539197
446	447	449	121.236606	71.701721
448	447	449	113.819358	49.235182
447	449	450	95.111240	65.248566
449	450	451	107.529729	49.235182
449	450	452	122.856573	71.701721
451	450	452	113.829170	109.942639
450	452	453	94.830365	84.847036
452	453	454	108.828261	109.942639
452	453	455	117.441967	71.701721
454	453	455	111.924812	88.432122
453	455	456	95.236676	35.133843
455	456	457	99.436867	88.432122
455	456	458	117.237729	71.701721
457	456	458	113.984771	28.680688
456	458	459	94.886772	54.971319
458	459	460	108.411009	28.680688
458	459	461	119.214871	71.701721
460	459	461	111.934941	88.432122
459	461	462	95.225464	35.133843
461	462	463	99.441300	88.432122
461	462	464	112.077096	71.701721
463	462	464	115.459125	91.539197
462	464	465	93.063032	105.640535
464	465	466	103.850855	91.539197
464	465	467	122.537153	71.701721
466	465	467	112.055331	66.443595
465	467	468	98.908245	39.435946
467	468	469	103.508800	66.443595
467	468	470	120.440499	71.701721
469	468	470	113.825347	49.235182
468	470	471	95.104019	65.248566
470	471	472	107.532905	49.235182
470	471	473	115.080524	71.701721
472	471	473	114.220827	105.640535
471	473	474	94.461743	110.898662
473	474	475	105.066511	105.640535
473	474	476	120.347931	71.701721
475	474	476	112.062147	66.443595
474	476	477	98.900542	39.435946
476	477	478	103.512146	66.443595
476	477	479	122.445190	71.701721
478	477	479	111.008104	85.564054
477	479	480	97.470723	87.954111
479	480	481	97.814558	85.564054
479	480	482	113.756540	71.701721
481	480	482	113.391349	49.235182
480	482	483	94.006056	65.248566
482	483	484	111.730761	49.235182
482	483	485	120.399884	71.701721
484	483	485	118.266854	80.305927
483	485	486	92.664795	54.493308
485	486	487	103.140663	80.305927
485	486	488	119.550549	71.701721
487	486	488	113.819905	49.235182
486	488	489	95.110668	65.248566
488	489	490	107.526832	49.235182
488	489	491	116.036478	71.701721
490	489	491	112.198887	85.564054
489	491	492	95.313170	87.954111
491	492	493	112.792550	85.564054
491	492	494	122.188280	71.701721
493	492	494	114.661099	91.539197
492	494	495	94.972968	105.640535
494	495	496	108.063709	91.539197
494	495	497	117.461723	71.701721
496	495	497	111.928905	88.432122
495	497	498	95.231683	35.133843
497	498	499	99.440496	88.432122
497	498	500	117.227891	71.701721
499	498	500	113.983558	28.680688
498	500	501	94.882757	54.971319
500	501	502	108.409868	28.680688
500	501	503	114.672770	71.701721
502	501	503	114.227051	105.640535
501	503	504	94.464447	110.898662
503	504	505	105.064706	105.640535
503	504	506	121.103363	71.701721
505	504	506	111.010709	85.564054
504	506	507	97.479765	87.954111
506	507	508	97.800358	85.564054
506	507	509	119.316032	71.701721
508	507	509	113.989830	28.680688
507	509	510	94.879585	54.971319
509	510	511	108.418145	28.680688
509	510	512	114.671604	71.701721
511	510	512	114.221875	105.640535
510	512	513	94.461809	110.898662
512	513	514	105.067518	105.640535
512	513	515	120.346618	71.701721
514	513	515	112.053174	66.443595
513	515	516	98.903597	39.435946
515	516	517	103.504972	66.443595
515	516	518	120.439886	71.701721
517	516	518	113.822813	49.235182
516	518	519	95.110016	65.248566
518	519	520	107.528561	49.235182
518	519	521	122.853452	71.701721
520	519	521	113.829914	109.942639
519	521	522	94.829636	84.847036
521	522	523	108.820367	109.942639
521	522	524	120.682036	71.701721
523	522	524	113.824999	109.942639
522	524	525	94.837970	84.847036
524	525	526	108.823445	109.942639
524	525	527	120.689779	71.701721
526	525	527	113.826670	109.942639
525	527	528	94.834261	84.847036
527	528	529	108.829058	109.942639
527	528	530	113.838768	71.701721
529	528	530	112.206507	85.564054
528	530	531	95.305687	87.954111
530	531	532	112.797317	85.564054
530	531	533	122.927208	71.701721
532	531	533	111.149884	105.640535
531	533	534	97.637520	110.898662
533	534	535	98.579250	105.640535
533	534	536	111.499871	71.701721
535	534	536	113.402304	49.235182
534	536	537	93.994835	65.248566
536	537	538	111.732566	49.235182
536	537	539	124.726997	71.701721
538	537	539	111.146715	105.640535
537	539	540	97.635244	110.898662
539	540	541	98.576769	105.640535
539	540	542	117.080237	71.701721
541	540	542	113.980369	28.680688
540	542	543	94.883677	54.971319
542	543	544	108.409374	28.680688
542	543	545	119.214286	71.701721
544	543	545	111.933478	88.432122
543	545	546	95.228899	35.133843
545	546	547	99.436942	88.432122
545	546	548	119.331545	71.701721
547	546	548	113.639746	109.942639
546	548	549	95.095290	84.847036
548	549	550	98.278494	109.942639
548	549	551	121.099229	71.701721
550	549	551	113.630330	109.942639
549	551	552	95.098921	84.847036
551	552	553	98.275200	109.942639
551	552	554	113.452782	71.701721
553	552	554	113.398777	49.235182
552	554	555	93.997635	65.248566
554	555	556	111.732142	49.235182
554	555	557	122.319033	71.701721
556	555	557	110.095073	66.443595
555	557	558	97.929175	39.435946
557	558	559	112.651781	66.443595
557	558	560	121.509954	71.701721
559	558	560	114.664257	91.539197
558	560	561	94.975172	105.640535
560	561	562	108.064688	91.539197
560	561	563	120.801123	71.701721
562	561	563	113.832852	109.942639
561	563	564	94.836250	84.847036
563	564	565	108.817564	109.942639
563	564	566	120.680997	71.701721
565	564	566	113.834735	109.942639
564	566	567	94.828337	84.847036
566	567	568	108.818021	109.942639
566	567	569	112.893210	71.701721
568	567	569	114.221754	105.640535
567	569	570	94.464082	110.898662
569	570	571	105.072978	105.640535
569	570	572	121.100745	71.701721
571	570	572	111.005780	85.564054
570	572	573	97.474760	87.954111
572	573	574	97.808549	85.564054
572	573	575	113.751501	71.701721
574	573	575	113.398305	49.235182
573	575	576	93.997585	65.248566
575	576	577	111.730113	49.235182
575	576	578	120.396641	71.701721
577	576	578	118.273260	80.305927
576	578	579	92.667544	54.493308
578	579	580	103.134895	80.305927
578	579	581	121.511160	71.701721
580	579	581	111.008412	85.564054
579	581	582	97.478842	87.954111
581	582	583	97.807656	85.564054
581	582	584	114.151615	71.701721
583	582	584	115.455123	91.539197
582	584	585	93.065401	105.640535
584	585	586	103.846706	91.539197
584	585	587	122.533807	71.701721
586	585	587	112.055759	66.443595
585	587	588	98.903041	39.435946
587	588	589	103.510859	66.443595
587	588	590	120.440822	71.701721
589	588	590	113.821628	49.235182
588	590	591	95.114781	65.248566
590	591	592	107.528116	49.235182
590	591	593	119.643051	71.701721
592	591	593	111.921934	88.432122
591	593	594	95.236747	35.133843
593	594	595	99.439813	88.432122
593	594	596	112.090291	71.701721
595	594	596	115.449649	91.539197
594	596	597	93.076064	105.640535
596	597	598	103.852259	91.539197
596	597	599	121.239073	71.701721
598	597	599	113.824124	49.235182
597	599	600	95.112541	65.248566
599	600	601	107.524469	49.235182
599	600	602	122.857992	71.701721
601	600	602	113.834117	109.942639
600	602	603	94.830942	84.847036
602	603	604	108.822842	109.942639
602	603	605	120.670792	71.701721
604	603	605	113.834489	109.942639
603	605	606	94.823638	84.847036
605	606	607	108.819300	109.942639
605	606	608	120.679457	71.701721
607	606	608	113.833853	109.942639
606	608	609	94.831414	84.847036
608	609	610	108.821496	109.942639
608	609	611	113.845495	71.701721
610	609	611	112.197036	85.564054
609	611	612	95.317722	87.954111
611	612	613	112.795591	85.564054
611	612	614	120.496044	71.701721
613	612	614	110.098503	66.443595
612	614	615	97.930450	39.435946
614	615	616	112.652845	66.443595
614	615	617	118.021448	71.701721
616	615	617	118.262846	80.305927
615	617	618	92.670316	54.493308
617	618	619	103.134507	80.305927
617	618	620	119.549027	71.701721
619	618	620	113.821071	49.235182
618	620	621	95.108125	65.248566
620	621	622	107.532806	49.235182
620	621	623	119.636454	71.701721
622	621	623	111.933015	88.432122
621	623	624	95.230164	35.133843
623	624	625	99.441837	88.432122
623	624	626	111.710932	71.701721
625	624	626	113.393853	49.235182
624	626	627	94.000199	65.248566
626	627	628	111.729003	49.235182
626	627	629	124.734609	71.701721
628	627	629	111.143330	105.640535
627	629	630	97.635425	110.898662
629	630	631	98.579170	105.640535
629	630	632	119.189877	71.701721
631	630	632	113.631979	109.942639
630	632	633	95.095577	84.847036
632	633	634	98.277758	109.942639
632	633	635	113.838924	71.701721
634	633	635	115.465247	91.539197
633	635	636	93.063014	105.640535
635	636	637	103.851112	91.539197
635	636	638	121.231618	71.701721
637	636	638	113.821766	49.235182
636	638	639	95.108276	65.248566
638	639	640	107.523543	49.235182
638	639	641	116.034937	71.701721
640	639	641	112.196303	85.564054
639	641	642	95.309183	87.954111
641	642	643	112.792188	85.564054
641	642	644	118.658053	71.701721
643	642	644	118.265063	80.305927
642	644	645	92.666611	54.493308
644	645	646	103.134503	80.305927
644	645	647	121.507785	71.701721
646	645	647	111.003785	85.564054
645	647	648	97.481041	87.954111
647	648	649	97.809545	85.564054
647	648	650	113.761591	71.701721
649	648	650	113.401542	49.235182
648	650	651	94.002164	65.248566
650	651	652	111.736228	49.235182
650	651	653	122.325962	71.701721
652	651	653	110.098771	66.443595
651	653	654	97.933235	39.435946
653	654	655	112.652240	66.443595
653	654	656	121.509130	71.701721
655	654	656	114.672679	91.539197
654	656	657	94.971042	105.640535
656	657	658	108.064439	91.539197
656	657	659	117.472959	71.701721
658	657	659	111.925959	88.432122
657	659	660	95.239705	35.133843
659	660	661	99.446245	88.432122
659	660	662	119.332775	71.701721
661	660	662	113.640815	109.942639
660	662	663	95.094341	84.847036
662	663	664	98.279802	109.942639
662	663	665	113.837364	71.701721
664	663	665	115.455757	91.539197
663	665	666	93.070091	105.640535
665	666	667	103.847295	91.539197
665	666	668	122.537907	71.701721
667	666	668	112.059858	66.443595
666	668	669	98.903490	39.435946
668	669	670	103.510026	66.443595
668	669	671	120.443900	71.701721
670	669	671	113.824838	49.235182
669	671	672	95.110645	65.248566
671	672	673	107.535244	49.235182
671	672	674	116.043286	71.701721
673	672	674	112.200346	85.564054
672	674	675	95.309385	87.954111
674	675	676	112.802228	85.564054
674	675	677	118.655961	71.701721
676	675	677	118.271291	80.305927
675	677	678	92.663393	54.493308
677	678	679	103.136045	80.305927
677	678	680	121.501256	71.701721
679	678	680	111.015790	85.564054
678	680	681	97.470658	87.954111
680	681	682	97.808250	85.564054
680	681	683	113.754834	71.701721
682	681	683	113.395426	49.235182
681	683	684	93.998577	65.248566
683	684	685	111.724366	49.235182
683	684	686	123.937932	71.701721
685	684	686	114.665146	91.539197
684	686	687	94.972074	105.640535
686	687	688	108.067579	91.539197
686	687	689	120.792319	71.701721
688	687	689	113.824724	109.942639
687	689	690	94.830913	84.847036
689	690	691	108.822886	109.942639
689	690	692	112.887621	71.701721
691	690	692	114.226667	105.640535
690	692	693	94.467565	110.898662
692	693	694	105.063682	105.640535
692	693	695	119.066940	71.701721
694	693	695	113.825895	49.235182
693	695	696	95.111853	65.248566
695	696	697	107.529252	49.235182
695	696	698	119.639016	71.701721
697	696	698	111.934082	88.432122
696	698	699	95.229377	35.133843
698	699	700	99.441732	88.432122
698	699	701	111.715249	71.701721
700	699	701	113.391371	49.235182
699	701	702	93.996555	65.248566
701	702	703	111.737685	49.235182
701	702	704	120.385553	71.701721
703	702	704	118.274641	80.305927
702	704	705	92.659644	54.493308
704	705	706	103.136965	80.305927
704	705	707	120.789604	71.701721
706	705	707	112.050326	66.443595
705	707	708	98.907691	39.435946
707	708	709	103.512515	66.443595
707	708	710	122.445670	71.701721
709	708	710	111.009636	85.564054
708	710	711	97.477088	87.954111
710	711	712	97.804878	85.564054
710	711	713	121.423328	71.701721
712	711	713	113.631621	109.942639
711	713	714	95.099713	84.847036
713	714	715	98.275939	109.942639
713	714	716	121.098077	71.701721
715	714	716	113.633664	109.942639
714	716	717	95.101400	84.847036
716	717	718	98.274161	109.942639
716	717	719	121.097080	71.701721
718	717	719	113.637695	109.942639
717	719	720	95.092809	84.847036
719	720	721	98.271738	109.942639
719	720	722	113.451102	71.701721
721	720	722	113.392677	49.235182
720	722	723	93.995302	65.248566
722	723	724	111.731214	49.235182
722	723	725	123.935004	71.701721
724	723	725	114.661672	91.539197
723	725	726	94.975489	105.640535
725	726	727	108.058604	91.539197
725	726	728	117.459533	71.701721
727	726	728	111.927429	88.432122
726	728	729	95.233888	35.133843
728	729	730	99.438522	88.432122
728	729	731	111.715202	71.701721
730	729	731	113.398982	49.235182
729	731	732	93.996956	65.248566
731	732	733	111.736769	49.235182
731	732	734	122.321017	71.701721
733	732	734	110.100922	66.443595
732	734	735	97.928733	39.435946
734	735	736	112.662241	66.443595
734	735	737	121.512512	71.701721
736	735	737	114.664209	91.539197
735	737	738	94.975121	105.640535
737	738	739	108.065356	91.539197
737	738	740	113.819530	71.701721
739	738	740	112.203159	85.564054
738	740	741	95.311349	87.954111
740	741	742	112.793063	85.564054
740	741	743	118.662551	71.701721
742	741	743	118.270322	80.305927
741	743	744	92.666191	54.493308
743	744	745	103.138380	80.305927
743	744	746	119.550024	71.701721
745	744	746	113.818239	49.235182
744	746	747	95.110757	65.248566
746	747	748	107.531458	49.235182
746	747	749	116.033602	71.701721
748	747	749	112.197899	85.564054
747	749	750	95.311281	87.954111
749	750	751	112.793179	85.564054
749	750	752	122.931221	71.701721
751	750	752	111.143366	105.640535
750	752	753	97.641394	110.898662
752	753	754	98.572745	105.640535
752	753	755	119.199957	71.701721
754	753	755	113.627958	109.942639
753	755	756	95.103705	84.847036
755	756	757	98.275595	109.942639
755	756	758	121.099391	71.701721
757	756	758	113.636574	109.942639
756	758	759	95.094239	84.847036
758	759	760	98.278417	109.942639
758	759	761	113.838908	71.701721
760	759	761	115.453813	91.539197
759	761	762	93.068837	105.640535
761	762	763	103.855194	91.539197
761	762	764	122.536315	71.701721
763	762	764	112.050658	66.443595
762	764	765	98.907939	39.435946
764	765	766	103.514732	66.443595
764	765	767	120.442167	71.701721
766	765	767	113.821899	49.235182
765	767	768	95.106066	65.248566
767	768	769	107.536896	49.235182
767	768	770	122.848171	71.701721
769	768	770	113.837269	109.942639
768	770	771	94.824717	84.847036
770	771	772	108.822462	109.942639
770	771	773	120.673353	71.701721
772	771	773	113.833495	109.942639
771	773	774	94.829383	84.847036
773	774	775	108.819062	109.942639
773	774	776	117.451538	71.701721
775	774	776	111.933266	88.432122
774	776	777	95.233042	35.133843
776	777	778	99.438822	88.432122
776	777	779	117.236935	71.701721
778	777	779	113.979812	28.680688
777	779	780	94.886724	54.971319
779	780	781	108.417004	28.680688
779	780	782	114.670045	71.701721
781	780	782	114.224100	105.640535
780	782	783	94.460530	110.898662
782	783	784	105.068932	105.640535
782	783	785	119.054726	71.701721
784	783	785	113.823855	49.235182
783	785	786	95.105126	65.248566
785	786	787	107.532840	49.235182
785	786	788	115.085178	71.701721
787	786	788	114.230337	105.640535
786	788	789	94.462925	110.898662
788	789	790	105.063053	105.640535
788	789	791	121.106096	71.701721
790	789	791	111.004193	85.564054
789	791	792	97.478241	87.954111
791	792	793	97.809704	85.564054
791	792	794	121.420456	71.701721
793	792	794	113.630077	109.942639
792	794	795	95.095414	84.847036
794	795	796	98.273433	109.942639
794	795	797	121.094125	71.701721
796	795	797	113.634439	109.942639
795	797	798	95.097020	84.847036
797	798	799	98.273566	109.942639
797	798	800	121.092685	71.701721
799	798	800	113.638415	109.942639
798	800	801	95.094680	84.847036
800	801	802	98.275132	109.942639
800	801	803	113.456656	71.701721
802	801	803	113.394416	49.235182
801	803	804	93.996458	65.248566
803	804	805	111.731622	49.235182
803	804	806	122.315997	71.701721
805	804	806	110.099657	66.443595
804	806	807	97.930199	39.435946
806	807	808	112.652541	66.443595
806	807	809	122.164934	71.701721
808	807	809	111.137460	105.640535
807	809	810	97.644880	110.898662
809	810	811	98.586515	105.640535
809	810	812	117.083395	71.701721
811	810	812	113.981399	28.680688
810	812	813	94.880613	54.971319
812	813	814	108.420566	28.680688
812	813	815	115.644621	71.701721
814	813	815	112.207071	85.564054
813	815	816	95.301782	87.954111
815	816	817	112.796498	85.564054
815	816	818	122.931483	71.701721
817	816	818	111.135699	105.640535
816	818	819	97.645440	110.898662
818	819	820	98.573606	105.640535
818	819	821	117.085598	71.701721
820	819	821	113.984270	28.680688
819	821	822	94.882725	54.971319
821	822	823	108.413857	28.680688
821	822	824	119.216404	71.701721
823	822	824	111.929526	88.432122
822	824	825	95.231443	35.133843
824	825	826	99.443316	88.432122
824	825	827	112.080330	71.701721
826	825	827	115.456866	91.539197
825	827	828	93.062761	105.640535
827	828	829	103.853285	91.539197
827	828	830	123.283232	71.701721
829	828	830	111.003132	85.564054
828	830	831	97.476902	87.954111
830	831	832	97.809975	85.564054
830	831	833	113.756486	71.701721
832	831	833	113.399168	49.235182
831	833	834	93.998247	65.248566
833	834	835	111.730851	49.235182
833	834	836	120.394348	71.701721
835	834	836	118.269936	80.305927
834	836	837	92.661717	54.493308
836	837	838	103.134939	80.305927
836	837	839	119.547680	71.701721
838	837	839	113.823959	49.235182
837	839	840	95.110823	65.248566
839	840	841	107.526887	49.235182
839	840	842	116.037706	71.701721
841	840	842	112.201438	85.564054
840	842	843	95.302295	87.954111
842	843	844	112.800253	85.564054
842	843	845	120.480571	71.701721
844	843	845	110.099166	66.443595
843	845	846	97.930918	39.435946
845	846	847	112.650938	66.443595
845	846	848	122.158453	71.701721
847	846	848	111.152029	105.640535
846	848	849	97.638572	110.898662
848	849	850	98.579542	105.640535
848	849	851	111.497744	71.701721
850	849	851	113.402562	49.235182
849	851	852	93.996517	65.248566
851	852	853	111.729598	49.235182
851	852	854	122.320549	71.701721
853	852	854	110.107372	66.443595
852	854	855	97.931623	39.435946
854	855	856	112.652972	66.443595
854	855	857	121.519514	71.701721
856	855	857	114.665715	91.539197
855	857	858	94.974491	105.640535
857	858	859	108.066939	91.539197
857	858	860	117.468883	71.701721
859	858	860	111.931213	88.432122
858	860	861	95.234873	35.133843
860	861	862	99.446071	88.432122
860	861	863	117.235412	71.701721
862	861	863	113.985305	28.680688
861	863	864	94.887028	54.971319
863	864	865	108.415484	28.680688
863	864	866	119.223438	71.701721
865	864	866	111.929420	88.432122
864	866	867	95.237570	35.133843
866	867	868	99.438133	88.432122
866	867	869	119.337165	71.701721
868	867	869	113.632751	109.942639
867	869	870	95.097186	84.847036
869	870	871	98.270743	109.942639
869	870	872	113.454281	71.701721
871	870	872	113.396519	49.235182
870	872	873	93.996689	65.248566
872	873	874	111.724825	49.235182
872	873	875	123.932153	71.701721
874	873	875	114.665156	91.539197
873	875	876	94.971378	105.640535
875	876	877	108.062633	91.539197
875	876	878	117.455383	71.701721
877	876	878	111.935414	88.432122
876	878	879	95.225553	35.133843
878	879	880	99.439629	88.432122
