2	1	3	4	-209.245093	0.478011	1.673040	0.300000	1
1	3	4	5	-122.791921	0.478011	1.673040	0.300000	1
1	3	4	6	-0.269243	0.478011	1.673040	0.300000	2
3	4	6	7	-331.942905	0.478011	1.673040	0.300000	2
5	4	6	7	-219.041426	0.478011	1.673040	0.300000	1
4	6	7	8	-127.152065	0.478011	1.673040	0.300000	1
4	6	7	9	-357.668856	0.478011	1.673040	0.300000	2
6	7	9	10	-336.618620	0.478011	1.673040	0.300000	2
8	7	9	10	-211.614502	0.478011	1.673040	0.300000	1
7	9	10	11	-134.798005	0.478011	1.673040	0.300000	1
7	9	10	12	-359.595120	0.478011	1.673040	0.300000	2
9	10	12	13	-336.079189	0.478011	1.673040	0.300000	2
11	10	12	13	-203.366161	0.478011	1.673040	0.300000	1
10	12	13	14	-134.549297	0.478011	1.673040	0.300000	1
10	12	13	15	-6.123285	0.478011	1.673040	0.300000	2
12	13	15	16	-336.180295	0.478011	1.673040	0.300000	2
14	13	15	16	-209.247506	0.478011	1.673040	0.300000	1
13	15	16	17	-122.790023	0.478011	1.673040	0.300000	1
13	15	16	18	-359.486748	0.478011	1.673040	0.300000	2
15	16	18	19	-332.490314	0.478011	1.673040	0.300000	2
17	16	18	19	-216.961982	0.478011	1.673040	0.300000	1
16	18	19	20	-132.917727	0.478011	1.673040	0.300000	1
16	18	19	21	-3.332204	0.478011	1.673040	0.300000	2
18	19	21	22	-337.218899	0.478011	1.673040	0.300000	2
20	19	21	22	-209.242367	0.478011	1.673040	0.300000	1
19	21	22	23	-122.793938	0.478011	1.673040	0.300000	1
19	21	22	24	-0.270677	0.478011	1.673040	0.300000	2
21	22	24	25	-331.945492	0.478011	1.673040	0.300000	2
23	22	24	25	-219.038624	0.478011	1.673040	0.300000	1
22	24	25	26	-127.159790	0.478011	1.673040	0.300000	1
22	24	25	27	-359.132104	0.478011	1.673040	0.300000	2
24	25	27	28	-335.753434	0.478011	1.673040	0.300000	2
26	25	27	28	-211.359483	0.478011	1.673040	0.300000	1
25	27	28	29	-130.232366	0.478011	1.673040	0.300000	1
25	27	28	30	-1.696356	0.478011	1.673040	0.300000	2
27	28	30	31	-335.358612	0.478011	1.673040	0.300000	2
29	28	30	31	-211.603926	0.478011	1.673040	0.300000	1
28	30	31	32	-134.806845	0.478011	1.673040	0.300000	1
28	30	31	33	-6.261264	0.478011	1.673040	0.300000	2
30	31	33	34	-332.985486	0.478011	1.673040	0.300000	2
32	31	33	34	-207.852175	0.478011	1.673040	0.300000	1
31	33	34	35	-125.215294	0.478011	1.673040	0.300000	1
31	33	34	36	-357.756481	0.478011	1.673040	0.300000	2
33	34	36	37	-335.578749	0.478011	1.673040	0.300000	2
35	34	36	37	-211.368045	0.478011	1.673040	0.300000	1
34	36	37	38	-130.224947	0.478011	1.673040	0.300000	1
34	36	37	39	-4.097459	0.478011	1.673040	0.300000	2
36	37	39	40	-336.548101	0.478011	1.673040	0.300000	2
38	37	39	40	-213.820788	0.478011	1.673040	0.300000	1
37	39	40	41	-126.629132	0.478011	1.673040	0.300000	1
37	39	40	42	-6.746244	0.478011	1.673040	0.300000	2
39	40	42	43	-329.895175	0.478011	1.673040	0.300000	2
41	40	42	43	-219.278613	0.478011	1.673040	0.300000	1
40	42	43	44	-133.949352	0.478011	1.673040	0.300000	1
40	42	43	45	-348.363836	0.478011	1.673040	0.300000	2
42	43	45	46	-340.483580	0.478011	1.673040	0.300000	2
44	43	45	46	-197.073117	0.478011	1.673040	0.300000	1
43	45	46	47	-134.489850	0.478011	1.673040	0.300000	1
43	45	46	48	-6.967384	0.478011	1.673040	0.300000	2
45	46	48	49	-334.007141	0.478011	1.673040	0.300000	2
47	46	48	49	-211.607181	0.478011	1.673040	0.300000	1
46	48	49	50	-134.807553	0.478011	1.673040	0.300000	1
46	48	49	51	-8.265033	0.478011	1.673040	0.300000	2
48	49	51	52	-331.268900	0.478011	1.673040	0.300000	2
50	49	51	52	-207.105879	0.478011	1.673040	0.300000	1
49	51	52	53	-133.024353	0.478011	1.673040	0.300000	1
49	51	52	54	-349.947621	0.478011	1.673040	0.300000	2
51	52	54	55	-339.094382	0.478011	1.673040	0.300000	2
53	52	54	55	-196.642345	0.478011	1.673040	0.300000	1
52	54	55	56	-138.911336	0.478011	1.673040	0.300000	1
52	54	55	57	-11.162457	0.478011	1.673040	0.300000	2
54	55	57	58	-335.112889	0.478011	1.673040	0.300000	2
56	55	57	58	-209.244750	0.478011	1.673040	0.300000	1
55	57	58	59	-122.790809	0.478011	1.673040	0.300000	1
55	57	58	60	-359.483722	0.478011	1.673040	0.300000	2
57	58	60	61	-332.486386	0.478011	1.673040	0.300000	2
59	58	60	61	-216.954911	0.478011	1.673040	0.300000	1
58	60	61	62	-132.928090	0.478011	1.673040	0.300000	1
58	60	61	63	-3.957411	0.478011	1.673040	0.300000	2
60	61	63	64	-333.870836	0.478011	1.673040	0.300000	2
62	61	63	64	-207.863174	0.478011	1.673040	0.300000	1
61	63	64	65	-125.210163	0.478011	1.673040	0.300000	1
61	63	64	66	-358.625082	0.478011	1.673040	0.300000	2
63	64	66	67	-337.652799	0.478011	1.673040	0.300000	2
65	64	66	67	-213.815101	0.478011	1.673040	0.300000	1
64	66	67	68	-126.634302	0.478011	1.673040	0.300000	1
64	66	67	69	-3.429253	0.478011	1.673040	0.300000	2
66	67	69	70	-331.819427	0.478011	1.673040	0.300000	2
68	67	69	70	-216.953801	0.478011	1.673040	0.300000	1
67	69	70	71	-132.928895	0.478011	1.673040	0.300000	1
67	69	70	72	-3.951767	0.478011	1.673040	0.300000	2
69	70	72	73	-333.868933	0.478011	1.673040	0.300000	2
71	70	72	73	-207.848273	0.478011	1.673040	0.300000	1
70	72	73	74	-125.220077	0.478011	1.673040	0.300000	1
70	72	73	75	-357.749928	0.478011	1.673040	0.300000	2
72	73	75	76	-335.575764	0.478011	1.673040	0.300000	2
74	73	75	76	-211.359159	0.478011	1.673040	0.300000	1
73	75	76	77	-130.234898	0.478011	1.673040	0.300000	1
73	75	76	78	-1.697578	0.478011	1.673040	0.300000	2
75	76	78	79	-335.364123	0.478011	1.673040	0.300000	2
77	76	78	79	-211.606723	0.478011	1.673040	0.300000	1
76	78	79	80	-134.807200	0.478011	1.673040	0.300000	1
76	78	79	81	-359.594658	0.478011	1.673040	0.300000	2
78	79	81	82	-336.086551	0.478011	1.673040	0.300000	2
80	79	81	82	-203.366004	0.478011	1.673040	0.300000	1
79	81	82	83	-134.548058	0.478011	1.673040	0.300000	1
79	81	82	84	-0.151255	0.478011	1.673040	0.300000	2
81	82	84	85	-335.669132	0.478011	1.673040	0.300000	2
83	82	84	85	-203.363700	0.478011	1.673040	0.300000	1
82	84	85	86	-134.544638	0.478011	1.673040	0.300000	1
82	84	85	87	-0.146555	0.478011	1.673040	0.300000	2
84	85	87	88	-335.676301	0.478011	1.673040	0.300000	2
86	85	87	88	-203.368561	0.478011	1.673040	0.300000	1
85	87	88	89	-134.542695	0.478011	1.673040	0.300000	1
85	87	88	90	-8.607923	0.478011	1.673040	0.300000	2
87	88	90	91	-331.247038	0.478011	1.673040	0.300000	2
89	88	90	91	-207.113668	0.478011	1.673040	0.300000	1
88	90	91	92	-133.019386	0.478011	1.673040	0.300000	1
88	90	91	93	-355.413873	0.478011	1.673040	0.300000	2
90	91	93	94	-339.673517	0.478011	1.673040	0.300000	2
92	91	93	94	-201.462498	0.478011	1.673040	0.300000	1
91	93	94	95	-128.448661	0.478011	1.673040	0.300000	1
91	93	94	96	-9.035502	0.478011	1.673040	0.300000	2
93	94	96	97	-329.473754	0.478011	1.673040	0.300000	2
95	94	96	97	-219.286487	0.478011	1.673040	0.300000	1
94	96	97	98	-133.947464	0.478011	1.673040	0.300000	1
94	96	97	99	-355.454962	0.478011	1.673040	0.300000	2
96	97	99	100	-340.163145	0.478011	1.673040	0.300000	2
98	97	99	100	-201.469154	0.478011	1.673040	0.300000	1
97	99	100	101	-128.444217	0.478011	1.673040	0.300000	1
97	99	100	102	-5.835028	0.478011	1.673040	0.300000	2
99	100	102	103	-331.223262	0.478011	1.673040	0.300000	2
101	100	102	103	-216.962438	0.478011	1.673040	0.300000	1
100	102	103	104	-132.918885	0.478011	1.673040	0.300000	1
100	102	103	105	-3.343054	0.478011	1.673040	0.300000	2
102	103	105	106	-337.223280	0.478011	1.673040	0.300000	2
104	103	105	106	-209.255223	0.478011	1.673040	0.300000	1
103	105	106	107	-122.783489	0.478011	1.673040	0.300000	1
103	105	106	108	-358.846077	0.478011	1.673040	0.300000	2
105	106	108	109	-335.532565	0.478011	1.673040	0.300000	2
107	106	108	109	-218.774099	0.478011	1.673040	0.300000	1
106	108	109	110	-125.625768	0.478011	1.673040	0.300000	1
106	108	109	111	-1.601119	0.478011	1.673040	0.300000	2
108	109	111	112	-335.281947	0.478011	1.673040	0.300000	2
110	109	111	112	-218.769035	0.478011	1.673040	0.300000	1
109	111	112	113	-125.627203	0.478011	1.673040	0.300000	1
109	111	112	114	-5.583813	0.478011	1.673040	0.300000	2
111	112	114	115	-330.308799	0.478011	1.673040	0.300000	2
113	112	114	115	-219.280378	0.478011	1.673040	0.300000	1
112	114	115	116	-133.951744	0.478011	1.673040	0.300000	1
112	114	115	117	-0.322842	0.478011	1.673040	0.300000	2
114	115	117	118	-334.805453	0.478011	1.673040	0.300000	2
116	115	117	118	-200.532688	0.478011	1.673040	0.300000	1
115	117	118	119	-136.074469	0.478011	1.673040	0.300000	1
115	117	118	120	-354.232191	0.478011	1.673040	0.300000	2
117	118	120	121	-337.781588	0.478011	1.673040	0.300000	2
119	118	120	121	-196.638539	0.478011	1.673040	0.300000	1
118	120	121	122	-138.910024	0.478011	1.673040	0.300000	1
118	120	121	123	-5.252208	0.478011	1.673040	0.300000	2
120	121	123	124	-334.583152	0.478011	1.673040	0.300000	2
122	121	123	124	-203.363233	0.478011	1.673040	0.300000	1
121	123	124	125	-134.546307	0.478011	1.673040	0.300000	1
121	123	124	126	-0.148498	0.478011	1.673040	0.300000	2
123	124	126	127	-335.673187	0.478011	1.673040	0.300000	2
125	124	126	127	-203.365029	0.478011	1.673040	0.300000	1
124	126	127	128	-134.548062	0.478011	1.673040	0.300000	1
124	126	127	129	-6.633152	0.478011	1.673040	0.300000	2
126	127	129	130	-332.880269	0.478011	1.673040	0.300000	2
128	127	129	130	-207.850743	0.478011	1.673040	0.300000	1
127	129	130	131	-125.218030	0.478011	1.673040	0.300000	1
127	129	130	132	-358.632438	0.478011	1.673040	0.300000	2
129	130	132	133	-337.663209	0.478011	1.673040	0.300000	2
131	130	132	133	-213.819338	0.478011	1.673040	0.300000	1
130	132	133	134	-126.634873	0.478011	1.673040	0.300000	1
130	132	133	135	-6.743972	0.478011	1.673040	0.300000	2
132	133	135	136	-329.896688	0.478011	1.673040	0.300000	2
134	133	135	136	-219.273416	0.478011	1.673040	0.300000	1
133	135	136	137	-133.953484	0.478011	1.673040	0.300000	1
133	135	136	138	-348.369055	0.478011	1.673040	0.300000	2
135	136	138	139	-340.489779	0.478011	1.673040	0.300000	2
137	136	138	139	-197.079503	0.478011	1.673040	0.300000	1
136	138	139	140	-134.484891	0.478011	1.673040	0.300000	1
136	138	139	141	-9.403496	0.478011	1.673040	0.300000	2
138	139	141	142	-335.198361	0.478011	1.673040	0.300000	2
140	139	141	142	-213.813706	0.478011	1.673040	0.300000	1
139	141	142	143	-126.637232	0.478011	1.673040	0.300000	1
139	141	142	144	-4.151984	0.478011	1.673040	0.300000	2
141	142	144	145	-331.279419	0.478011	1.673040	0.300000	2
143	142	144	145	-219.037630	0.478011	1.673040	0.300000	1
142	144	145	146	-127.162541	0.478011	1.673040	0.300000	1
142	144	145	147	-359.135316	0.478011	1.673040	0.300000	2
144	145	147	148	-335.745239	0.478011	1.673040	0.300000	2
146	145	147	148	-211.357911	0.478011	1.673040	0.300000	1
145	147	148	149	-130.235002	0.478011	1.673040	0.300000	1
145	147	148	150	-1.690813	0.478011	1.673040	0.300000	2
147	148	150	151	-335.368247	0.478011	1.673040	0.300000	2
149	148	150	151	-211.607591	0.478011	1.673040	0.300000	1
148	150	151	152	-134.807364	0.478011	1.673040	0.300000	1
148	150	151	153	-5.720144	0.478011	1.673040	0.300000	2
150	151	153	154	-336.313295	0.478011	1.673040	0.300000	2
152	151	153	154	-209.241822	0.478011	1.673040	0.300000	1
151	153	154	155	-122.796920	0.478011	1.673040	0.300000	1
151	153	154	156	-0.266362	0.478011	1.673040	0.300000	2
153	154	156	157	-331.943102	0.478011	1.673040	0.300000	2
155	154	156	157	-219.040503	0.478011	1.673040	0.300000	1
154	156	157	158	-127.158258	0.478011	1.673040	0.300000	1
154	156	157	159	-357.662032	0.478011	1.673040	0.300000	2
156	157	159	160	-336.623111	0.478011	1.673040	0.300000	2
158	157	159	160	-211.610042	0.478011	1.673040	0.300000	1
157	159	160	161	-134.807247	0.478011	1.673040	0.300000	1
157	159	160	162	-359.592495	0.478011	1.673040	0.300000	2
159	160	162	163	-336.080881	0.478011	1.673040	0.300000	2
161	160	162	163	-203.352411	0.478011	1.673040	0.300000	1
160	162	163	164	-134.556435	0.478011	1.673040	0.300000	1
160	162	163	165	-0.145006	0.478011	1.673040	0.300000	2
162	163	165	166	-335.680402	0.478011	1.673040	0.300000	2
164	163	165	166	-203.363178	0.478011	1.673040	0.300000	1
163	165	166	167	-134.553019	0.478011	1.673040	0.300000	1
163	165	166	168	-0.148812	0.478011	1.673040	0.300000	2
165	166	168	169	-335.670967	0.478011	1.673040	0.300000	2
167	166	168	169	-203.360585	0.478011	1.673040	0.300000	1
166	168	169	170	-134.549802	0.478011	1.673040	0.300000	1
166	168	169	171	-8.607614	0.478011	1.673040	0.300000	2
168	169	171	172	-331.255074	0.478011	1.673040	0.300000	2
170	169	171	172	-207.109591	0.478011	1.673040	0.300000	1
169	171	172	173	-133.019971	0.478011	1.673040	0.300000	1
169	171	172	174	-0.159891	0.478011	1.673040	0.300000	2
171	172	174	175	-334.508716	0.478011	1.673040	0.300000	2
173	172	174	175	-200.529231	0.478011	1.673040	0.300000	1
172	174	175	176	-136.074397	0.478011	1.673040	0.300000	1
172	174	175	177	-352.623366	0.478011	1.673040	0.300000	2
174	175	177	178	-338.470846	0.478011	1.673040	0.300000	2
176	175	177	178	-197.078783	0.478011	1.673040	0.300000	1
175	177	178	179	-134.486804	0.478011	1.673040	0.300000	1
175	177	178	180	-6.963064	0.478011	1.673040	0.300000	2
177	178	180	181	-334.007982	0.478011	1.673040	0.300000	2
179	178	180	181	-211.603916	0.478011	1.673040	0.300000	1
178	180	181	182	-134.809820	0.478011	1.673040	0.300000	1
178	180	181	183	-5.728086	0.478011	1.673040	0.300000	2
180	181	183	184	-336.316422	0.478011	1.673040	0.300000	2
182	181	183	184	-209.250569	0.478011	1.673040	0.300000	1
181	183	184	185	-122.787618	0.478011	1.673040	0.300000	1
181	183	184	186	-2.825291	0.478011	1.673040	0.300000	2
183	184	186	187	-330.666839	0.478011	1.673040	0.300000	2
185	184	186	187	-219.282321	0.478011	1.673040	0.300000	1
184	186	187	188	-133.947696	0.478011	1.673040	0.300000	1
184	186	187	189	-355.455451	0.478011	1.673040	0.300000	2
186	187	189	190	-340.167583	0.478011	1.673040	0.300000	2
188	187	189	190	-201.472838	0.478011	1.673040	0.300000	1
187	189	190	191	-128.439773	0.478011	1.673040	0.300000	1
187	189	190	192	-5.248629	0.478011	1.673040	0.300000	2
189	190	192	193	-334.237270	0.478011	1.673040	0.300000	2
191	190	192	193	-218.772735	0.478011	1.673040	0.300000	1
190	192	193	194	-125.626365	0.478011	1.673040	0.300000	1
190	192	193	195	-2.998577	0.478011	1.673040	0.300000	2
192	193	195	196	-331.665268	0.478011	1.673040	0.300000	2
194	193	195	196	-219.043257	0.478011	1.673040	0.300000	1
193	195	196	197	-127.154102	0.478011	1.673040	0.300000	1
193	195	196	198	-357.664165	0.478011	1.673040	0.300000	2
195	196	198	199	-336.618863	0.478011	1.673040	0.300000	2
197	196	198	199	-211.609793	0.478011	1.673040	0.300000	1
196	198	199	200	-134.802234	0.478011	1.673040	0.300000	1
196	198	199	201	-8.266659	0.478011	1.673040	0.300000	2
198	199	201	202	-331.278286	0.478011	1.673040	0.300000	2
200	199	201	202	-207.122435	0.478011	1.673040	0.300000	1
199	201	202	203	-133.010852	0.478011	1.673040	0.300000	1
199	201	202	204	-348.418778	0.478011	1.673040	0.300000	2
201	202	204	205	-339.748210	0.478011	1.673040	0.300000	2
203	202	204	205	-197.081608	0.478011	1.673040	0.300000	1
202	204	205	206	-134.478122	0.478011	1.673040	0.300000	1
202	204	205	207	-9.401795	0.478011	1.673040	0.300000	2
204	205	207	208	-335.210402	0.478011	1.673040	0.300000	2
206	205	207	208	-213.823493	0.478011	1.673040	0.300000	1
205	207	208	209	-126.629747	0.478011	1.673040	0.300000	1
205	207	208	210	-6.743531	0.478011	1.673040	0.300000	2
207	208	210	211	-329.899028	0.478011	1.673040	0.300000	2
209	208	210	211	-219.281866	0.478011	1.673040	0.300000	1
208	210	211	212	-133.948104	0.478011	1.673040	0.300000	1
208	210	211	213	-0.319389	0.478011	1.673040	0.300000	2
210	211	213	214	-334.802003	0.478011	1.673040	0.300000	2
212	211	213	214	-200.525387	0.478011	1.673040	0.300000	1
211	213	214	215	-136.080891	0.478011	1.673040	0.300000	1
211	213	214	216	-354.239326	0.478011	1.673040	0.300000	2
213	214	216	217	-337.783790	0.478011	1.673040	0.300000	2
215	214	216	217	-196.643575	0.478011	1.673040	0.300000	1
214	216	217	218	-138.907485	0.478011	1.673040	0.300000	1
214	216	217	219	-5.250195	0.478011	1.673040	0.300000	2
216	217	219	220	-334.584189	0.478011	1.673040	0.300000	2
218	217	219	220	-203.366766	0.478011	1.673040	0.300000	1
217	219	220	221	-134.540809	0.478011	1.673040	0.300000	1
217	219	220	222	-6.115906	0.478011	1.673040	0.300000	2
219	220	222	223	-336.184658	0.478011	1.673040	0.300000	2
221	220	222	223	-209.250192	0.478011	1.673040	0.300000	1
220	222	223	224	-122.792904	0.478011	1.673040	0.300000	1
220	222	223	225	-0.273812	0.478011	1.673040	0.300000	2
222	223	225	226	-331.935474	0.478011	1.673040	0.300000	2
224	223	225	226	-219.039699	0.478011	1.673040	0.300000	1
223	225	226	227	-127.156283	0.478011	1.673040	0.300000	1
223	225	226	228	-359.123146	0.478011	1.673040	0.300000	2
225	226	228	229	-335.757111	0.478011	1.673040	0.300000	2
227	226	228	229	-211.356894	0.478011	1.673040	0.300000	1
226	228	229	230	-130.233820	0.478011	1.673040	0.300000	1
226	228	229	231	-1.693598	0.478011	1.673040	0.300000	2
228	229	231	232	-335.363599	0.478011	1.673040	0.300000	2
230	229	231	232	-211.605879	0.478011	1.673040	0.300000	1
229	231	232	233	-134.807811	0.478011	1.673040	0.300000	1
229	231	232	234	-8.271823	0.478011	1.673040	0.300000	2
231	232	234	235	-331.274059	0.478011	1.673040	0.300000	2
233	232	234	235	-207.116058	0.478011	1.673040	0.300000	1
232	234	235	236	-133.013112	0.478011	1.673040	0.300000	1
232	234	235	237	-348.408893	0.478011	1.673040	0.300000	2
234	235	237	238	-339.754611	0.478011	1.673040	0.300000	2
236	235	237	238	-197.075526	0.478011	1.673040	0.300000	1
235	237	238	239	-134.489373	0.478011	1.673040	0.300000	1
235	237	238	240	-9.407110	0.478011	1.673040	0.300000	2
237	238	240	241	-335.215970	0.478011	1.673040	0.300000	2
239	238	240	241	-213.827623	0.478011	1.673040	0.300000	1
238	240	241	242	-126.625951	0.478011	1.673040	0.300000	1
238	240	241	243	-6.748410	0.478011	1.673040	0.300000	2
240	241	243	244	-329.892153	0.478011	1.673040	0.300000	2
242	241	243	244	-219.281515	0.478011	1.673040	0.300000	1
241	243	244	245	-133.946781	0.478011	1.673040	0.300000	1
241	243	244	246	-349.875271	0.478011	1.673040	0.300000	2
243	244	246	247	-339.784715	0.478011	1.673040	0.300000	2
245	244	246	247	-196.640893	0.478011	1.673040	0.300000	1
244	246	247	248	-138.908214	0.478011	1.673040	0.300000	1
244	246	247	249	-5.248265	0.478011	1.673040	0.300000	2
246	247	249	250	-334.579756	0.478011	1.673040	0.300000	2
248	247	249	250	-203.356015	0.478011	1.673040	0.300000	1
247	249	250	251	-134.555154	0.478011	1.673040	0.300000	1
247	249	250	252	-6.642026	0.478011	1.673040	0.300000	2
249	250	252	253	-332.890685	0.478011	1.673040	0.300000	2
251	250	252	253	-207.859437	0.478011	1.673040	0.300000	1
250	252	253	254	-125.210066	0.478011	1.673040	0.300000	1
250	252	253	255	-356.299920	0.478011	1.673040	0.300000	2
252	253	255	256	-336.380702	0.478011	1.673040	0.300000	2
254	253	255	256	-211.602445	0.478011	1.673040	0.300000	1
253	255	256	257	-134.807245	0.478011	1.673040	0.300000	1
253	255	256	258	-5.721444	0.478011	1.673040	0.300000	2
255	256	258	259	-336.316705	0.478011	1.673040	0.300000	2
257	256	258	259	-209.243198	0.478011	1.673040	0.300000	1
256	258	259	260	-122.795379	0.478011	1.673040	0.300000	1
256	258	259	261	-2.828703	0.478011	1.673040	0.300000	2
258	259	261	262	-330.674638	0.478011	1.673040	0.300000	2
260	259	261	262	-219.286258	0.478011	1.673040	0.300000	1
259	261	262	263	-133.945998	0.478011	1.673040	0.300000	1
259	261	262	264	-348.365341	0.478011	1.673040	0.300000	2
261	262	264	265	-340.472553	0.478011	1.673040	0.300000	2
263	262	264	265	-197.071605	0.478011	1.673040	0.300000	1
262	264	265	266	-134.488228	0.478011	1.673040	0.300000	1
262	264	265	267	-8.477399	0.478011	1.673040	0.300000	2
264	265	267	268	-333.159380	0.478011	1.673040	0.300000	2
266	265	267	268	-211.365880	0.478011	1.673040	0.300000	1
265	267	268	269	-130.226533	0.478011	1.673040	0.300000	1
265	267	268	270	-4.098980	0.478011	1.673040	0.300000	2
267	268	270	271	-336.550369	0.478011	1.673040	0.300000	2
269	268	270	271	-213.827283	0.478011	1.673040	0.300000	1
268	270	271	272	-126.627234	0.478011	1.673040	0.300000	1
268	270	271	273	-2.809380	0.478011	1.673040	0.300000	2
270	271	273	274	-334.875026	0.478011	1.673040	0.300000	2
272	271	273	274	-218.774667	0.478011	1.673040	0.300000	1
271	273	274	275	-125.622008	0.478011	1.673040	0.300000	1
271	273	274	276	-1.590349	0.478011	1.673040	0.300000	2
273	274	276	277	-335.287239	0.478011	1.673040	0.300000	2
275	274	276	277	-218.775092	0.478011	1.673040	0.300000	1
274	276	277	278	-125.631513	0.478011	1.673040	0.300000	1
274	276	277	279	-1.606047	0.478011	1.673040	0.300000	2
276	277	279	280	-335.285806	0.478011	1.673040	0.300000	2
278	277	279	280	-218.770271	0.478011	1.673040	0.300000	1
277	279	280	281	-125.623188	0.478011	1.673040	0.300000	1
277	279	280	282	-5.590336	0.478011	1.673040	0.300000	2
279	280	282	283	-330.307308	0.478011	1.673040	0.300000	2
281	280	282	283	-219.285901	0.478011	1.673040	0.300000	1
280	282	283	284	-133.943295	0.478011	1.673040	0.300000	1
280	282	283	285	-349.885399	0.478011	1.673040	0.300000	2
282	283	285	286	-339.774520	0.478011	1.673040	0.300000	2
284	283	285	286	-196.641839	0.478011	1.673040	0.300000	1
283	285	286	287	-138.906761	0.478011	1.673040	0.300000	1
283	285	286	288	-11.158022	0.478011	1.673040	0.300000	2
285	286	288	289	-335.118592	0.478011	1.673040	0.300000	2
287	286	288	289	-209.251613	0.478011	1.673040	0.300000	1
286	288	289	290	-122.791201	0.478011	1.673040	0.300000	1
286	288	289	291	-2.821469	0.478011	1.673040	0.300000	2
288	289	291	292	-330.666600	0.478011	1.673040	0.300000	2
290	289	291	292	-219.275715	0.478011	1.673040	0.300000	1
289	291	292	293	-133.952051	0.478011	1.673040	0.300000	1
289	291	292	294	-0.325410	0.478011	1.673040	0.300000	2
291	292	294	295	-334.810179	0.478011	1.673040	0.300000	2
293	292	294	295	-200.534205	0.478011	1.673040	0.300000	1
292	294	295	296	-136.072809	0.478011	1.673040	0.300000	1
292	294	295	297	-354.238216	0.478011	1.673040	0.300000	2
294	295	297	298	-337.779154	0.478011	1.673040	0.300000	2
296	295	297	298	-196.646603	0.478011	1.673040	0.300000	1
295	297	298	299	-138.906002	0.478011	1.673040	0.300000	1
295	297	298	300	-13.569643	0.478011	1.673040	0.300000	2
297	298	300	301	-330.223554	0.478011	1.673040	0.300000	2
299	298	300	301	-207.122198	0.478011	1.673040	0.300000	1
298	300	301	302	-133.009894	0.478011	1.673040	0.300000	1
298	300	301	303	-348.417789	0.478011	1.673040	0.300000	2
300	301	303	304	-339.744938	0.478011	1.673040	0.300000	2
302	301	303	304	-197.078532	0.478011	1.673040	0.300000	1
301	303	304	305	-134.482781	0.478011	1.673040	0.300000	1
301	303	304	306	-6.956496	0.478011	1.673040	0.300000	2
303	304	306	307	-334.009608	0.478011	1.673040	0.300000	2
305	304	306	307	-211.603263	0.478011	1.673040	0.300000	1
304	306	307	308	-134.811504	0.478011	1.673040	0.300000	1
304	306	307	309	-8.277208	0.478011	1.673040	0.300000	2
306	307	309	310	-331.280653	0.478011	1.673040	0.300000	2
308	307	309	310	-207.125549	0.478011	1.673040	0.300000	1
307	309	310	311	-133.007784	0.478011	1.673040	0.300000	1
307	309	310	312	-355.427483	0.478011	1.673040	0.300000	2
309	310	312	313	-339.656621	0.478011	1.673040	0.300000	2
311	310	312	313	-201.474704	0.478011	1.673040	0.300000	1
310	312	313	314	-128.435291	0.478011	1.673040	0.300000	1
310	312	313	315	-5.242787	0.478011	1.673040	0.300000	2
312	313	315	316	-334.240882	0.478011	1.673040	0.300000	2
314	313	315	316	-218.775904	0.478011	1.673040	0.300000	1
313	315	316	317	-125.627772	0.478011	1.673040	0.300000	1
313	315	316	318	-1.601053	0.478011	1.673040	0.300000	2
315	316	318	319	-335.287051	0.478011	1.673040	0.300000	2
317	316	318	319	-218.777565	0.478011	1.673040	0.300000	1
316	318	319	320	-125.623050	0.478011	1.673040	0.300000	1
316	318	319	321	-2.995106	0.478011	1.673040	0.300000	2
318	319	321	322	-331.660124	0.478011	1.673040	0.300000	2
320	319	321	322	-219.038242	0.478011	1.673040	0.300000	1
319	321	322	323	-127.160580	0.478011	1.673040	0.300000	1
319	321	322	324	-359.129297	0.478011	1.673040	0.300000	2
321	322	324	325	-335.752560	0.478011	1.673040	0.300000	2
323	322	324	325	-211.358387	0.478011	1.673040	0.300000	1
322	324	325	326	-130.237071	0.478011	1.673040	0.300000	1
322	324	325	327	-1.698193	0.478011	1.673040	0.300000	2
324	325	327	328	-335.368639	0.478011	1.673040	0.300000	2
326	325	327	328	-211.609066	0.478011	1.673040	0.300000	1
325	327	328	329	-134.806118	0.478011	1.673040	0.300000	1
325	327	328	330	-359.605327	0.478011	1.673040	0.300000	2
327	328	330	331	-336.078880	0.478011	1.673040	0.300000	2
329	328	330	331	-203.369578	0.478011	1.673040	0.300000	1
328	330	331	332	-134.541281	0.478011	1.673040	0.300000	1
328	330	331	333	-0.149874	0.478011	1.673040	0.300000	2
330	331	333	334	-335.670312	0.478011	1.673040	0.300000	2
332	331	333	334	-203.371142	0.478011	1.673040	0.300000	1
331	333	334	335	-134.543774	0.478011	1.673040	0.300000	1
331	333	334	336	-6.124697	0.478011	1.673040	0.300000	2
333	334	336	337	-336.178209	0.478011	1.673040	0.300000	2
335	334	336	337	-209.256021	0.478011	1.673040	0.300000	1
334	336	337	338	-122.785764	0.478011	1.673040	0.300000	1
334	336	337	339	-359.486366	0.478011	1.673040	0.300000	2
336	337	339	340	-332.479717	0.478011	1.673040	0.300000	2
338	337	339	340	-216.955207	0.478011	1.673040	0.300000	1
337	339	340	341	-132.920889	0.478011	1.673040	0.300000	1
337	339	340	342	-3.953688	0.478011	1.673040	0.300000	2
339	340	342	343	-333.865465	0.478011	1.673040	0.300000	2
341	340	342	343	-207.855028	0.478011	1.673040	0.300000	1
340	342	343	344	-125.216594	0.478011	1.673040	0.300000	1
340	342	343	345	-356.299757	0.478011	1.673040	0.300000	2
342	343	345	346	-336.389566	0.478011	1.673040	0.300000	2
344	343	345	346	-211.605266	0.478011	1.673040	0.300000	1
343	345	346	347	-134.804271	0.478011	1.673040	0.300000	1
343	345	346	348	-6.266565	0.478011	1.673040	0.300000	2
345	346	348	349	-332.979742	0.478011	1.673040	0.300000	2
347	346	348	349	-207.854465	0.478011	1.673040	0.300000	1
346	348	349	350	-125.210936	0.478011	1.673040	0.300000	1
346	348	349	351	-358.630234	0.478011	1.673040	0.300000	2
348	349	351	352	-337.664216	0.478011	1.673040	0.300000	2
350	349	351	352	-213.820795	0.478011	1.673040	0.300000	1
349	351	352	353	-126.631022	0.478011	1.673040	0.300000	1
349	351	352	354	-2.808226	0.478011	1.673040	0.300000	2
351	352	354	355	-334.874068	0.478011	1.673040	0.300000	2
353	352	354	355	-218.772534	0.478011	1.673040	0.300000	1
352	354	355	356	-125.630416	0.478011	1.673040	0.300000	1
352	354	355	357	-1.592796	0.478011	1.673040	0.300000	2
354	355	357	358	-335.285307	0.478011	1.673040	0.300000	2
356	355	357	358	-218.764574	0.478011	1.673040	0.300000	1
355	357	358	359	-125.632311	0.478011	1.673040	0.300000	1
355	357	358	360	-1.598345	0.478011	1.673040	0.300000	2
357	358	360	361	-335.294890	0.478011	1.673040	0.300000	2
359	358	360	361	-218.776973	0.478011	1.673040	0.300000	1
358	360	361	362	-125.624619	0.478011	1.673040	0.300000	1
358	360	361	363	-5.583420	0.478011	1.673040	0.300000	2
360	361	363	364	-330.306993	0.478011	1.673040	0.300000	2
362	361	363	364	-219.284592	0.478011	1.673040	0.300000	1
361	363	364	365	-133.946476	0.478011	1.673040	0.300000	1
361	363	364	366	-0.322714	0.478011	1.673040	0.300000	2
363	364	366	367	-334.806745	0.478011	1.673040	0.300000	2
365	364	366	367	-200.535324	0.478011	1.673040	0.300000	1
364	366	367	368	-136.071506	0.478011	1.673040	0.300000	1
364	366	367	369	-359.685779	0.478011	1.673040	0.300000	2
366	367	369	370	-338.432043	0.478011	1.673040	0.300000	2
368	367	369	370	-201.476224	0.478011	1.673040	0.300000	1
367	369	370	371	-128.435341	0.478011	1.673040	0.300000	1
367	369	370	372	-5.832859	0.478011	1.673040	0.300000	2
369	370	372	373	-331.225424	0.478011	1.673040	0.300000	2
371	370	372	373	-216.968685	0.478011	1.673040	0.300000	1
370	372	373	374	-132.916287	0.478011	1.673040	0.300000	1
370	372	373	375	-5.941704	0.478011	1.673040	0.300000	2
372	373	375	376	-332.167716	0.478011	1.673040	0.300000	2
374	373	375	376	-207.121243	0.478011	1.673040	0.300000	1
373	375	376	377	-133.007585	0.478011	1.673040	0.300000	1
373	375	376	378	-355.408817	0.478011	1.673040	0.300000	2
375	376	378	379	-339.665790	0.478011	1.673040	0.300000	2
377	376	378	379	-201.464372	0.478011	1.673040	0.300000	1
376	378	379	380	-128.449200	0.478011	1.673040	0.300000	1
376	378	379	381	-5.838992	0.478011	1.673040	0.300000	2
378	379	381	382	-331.224158	0.478011	1.673040	0.300000	2
380	379	381	382	-216.959142	0.478011	1.673040	0.300000	1
379	381	382	383	-132.918105	0.478011	1.673040	0.300000	1
379	381	382	384	-3.338145	0.478011	1.673040	0.300000	2
381	382	384	385	-337.223229	0.478011	1.673040	0.300000	2
383	382	384	385	-209.250091	0.478011	1.673040	0.300000	1
382	384	385	386	-122.788861	0.478011	1.673040	0.300000	1
382	384	385	387	-0.257657	0.478011	1.673040	0.300000	2
384	385	387	388	-331.936274	0.478011	1.673040	0.300000	2
386	385	387	388	-219.030482	0.478011	1.673040	0.300000	1
385	387	388	389	-127.164699	0.478011	1.673040	0.300000	1
385	387	388	390	-0.038688	0.478011	1.673040	0.300000	2
387	388	390	391	-337.800481	0.478011	1.673040	0.300000	2
389	388	390	391	-213.820209	0.478011	1.673040	0.300000	1
388	390	391	392	-126.630428	0.478011	1.673040	0.300000	1
388	390	391	393	-6.738829	0.478011	1.673040	0.300000	2
390	391	393	394	-329.903757	0.478011	1.673040	0.300000	2
392	391	393	394	-219.275629	0.478011	1.673040	0.300000	1
391	393	394	395	-133.952883	0.478011	1.673040	0.300000	1
391	393	394	396	-348.378589	0.478011	1.673040	0.300000	2
393	394	396	397	-340.479455	0.478011	1.673040	0.300000	2
395	394	396	397	-197.080256	0.478011	1.673040	0.300000	1
394	396	397	398	-134.480971	0.478011	1.673040	0.300000	1
394	396	397	399	-6.962380	0.478011	1.673040	0.300000	2
396	397	399	400	-334.006679	0.478011	1.673040	0.300000	2
398	397	399	400	-211.605646	0.478011	1.673040	0.300000	1
397	399	400	401	-134.806326	0.478011	1.673040	0.300000	1
397	399	400	402	-8.266286	0.478011	1.673040	0.300000	2
399	400	402	403	-331.273856	0.478011	1.673040	0.300000	2
401	400	402	403	-207.113937	0.478011	1.673040	0.300000	1
400	402	403	404	-133.020494	0.478011	1.673040	0.300000	1
400	402	403	405	-0.174338	0.478011	1.673040	0.300000	2
402	403	405	406	-334.495933	0.478011	1.673040	0.300000	2
404	403	405	406	-200.528720	0.478011	1.673040	0.300000	1
403	405	406	407	-136.073476	0.478011	1.673040	0.300000	1
403	405	406	408	-359.670911	0.478011	1.673040	0.300000	2
405	406	408	409	-338.439709	0.478011	1.673040	0.300000	2
407	406	408	409	-201.464295	0.478011	1.673040	0.300000	1
406	408	409	410	-128.442626	0.478011	1.673040	0.300000	1
406	408	409	411	-9.033362	0.478011	1.673040	0.300000	2
408	409	411	412	-329.471510	0.478011	1.673040	0.300000	2
410	409	411	412	-219.280724	0.478011	1.673040	0.300000	1
409	411	412	413	-133.953016	0.478011	1.673040	0.300000	1
409	411	412	414	-0.316468	0.478011	1.673040	0.300000	2
411	412	414	415	-334.805223	0.478011	1.673040	0.300000	2
413	412	414	415	-200.526301	0.478011	1.673040	0.300000	1
412	414	415	416	-136.082513	0.478011	1.673040	0.300000	1
412	414	415	417	-354.235925	0.478011	1.673040	0.300000	2
414	415	417	418	-337.788251	0.478011	1.673040	0.300000	2
416	415	417	418	-196.640933	0.478011	1.673040	0.300000	1
415	417	418	419	-138.909282	0.478011	1.673040	0.300000	1
415	417	418	420	-11.160629	0.478011	1.673040	0.300000	2
417	418	420	421	-335.117661	0.478011	1.673040	0.300000	2
419	418	420	421	-209.248235	0.478011	1.673040	0.300000	1
418	420	421	422	-122.790292	0.478011	1.673040	0.300000	1
418	420	421	423	-359.489366	0.478011	1.673040	0.300000	2
420	421	423	424	-332.487761	0.478011	1.673040	0.300000	2
422	421	423	424	-216.961899	0.478011	1.673040	0.300000	1
421	423	424	425	-132.919606	0.478011	1.673040	0.300000	1
421	423	424	426	-3.338568	0.478011	1.673040	0.300000	2
423	424	426	427	-337.215631	0.478011	1.673040	0.300000	2
425	424	426	427	-209.243467	0.478011	1.673040	0.300000	1
424	426	427	428	-122.792460	0.478011	1.673040	0.300000	1
424	426	427	429	-358.842628	0.478011	1.673040	0.300000	2
426	427	429	430	-335.545185	0.478011	1.673040	0.300000	2
428	427	429	430	-218.774604	0.478011	1.673040	0.300000	1
427	429	430	431	-125.627988	0.478011	1.673040	0.300000	1
427	429	430	432	-5.592269	0.478011	1.673040	0.300000	2
429	430	432	433	-330.302806	0.478011	1.673040	0.300000	2
431	430	432	433	-219.283283	0.478011	1.673040	0.300000	1
430	432	433	434	-133.946284	0.478011	1.673040	0.300000	1
430	432	433	435	-349.876456	0.478011	1.673040	0.300000	2
432	433	435	436	-339.778782	0.478011	1.673040	0.300000	2
434	433	435	436	-196.636844	0.478011	1.673040	0.300000	1
433	435	436	437	-138.916035	0.478011	1.673040	0.300000	1
433	435	436	438	-11.158786	0.478011	1.673040	0.300000	2
435	436	438	439	-335.117981	0.478011	1.673040	0.300000	2
437	436	438	439	-209.243479	0.478011	1.673040	0.300000	1
436	438	439	440	-122.797637	0.478011	1.673040	0.300000	1
442	441	443	444	-209.249093	0.478011	1.673040	0.300000	1
441	443	444	445	-122.789411	0.478011	1.673040	0.300000	1
441	443	444	446	-0.269815	0.478011	1.673040	0.300000	2
443	444	446	447	-331.937334	0.478011	1.673040	0.300000	2
445	444	446	447	-219.041461	0.478011	1.673040	0.300000	1
444	446	447	448	-127.156845	0.478011	1.673040	0.300000	1
444	446	447	449	-357.663900	0.478011	1.673040	0.300000	2
446	447	449	450	-336.622407	0.478011	1.673040	0.300000	2
448	447	449	450	-211.610514	0.478011	1.673040	0.300000	1
447	449	450	451	-134.805005	0.478011	1.673040	0.300000	1
447	449	450	452	-359.702090	0.478011	1.673040	0.300000	2
449	450	452	453	-335.950211	0.478011	1.673040	0.300000	2
451	450	452	453	-203.323314	0.478011	1.673040	0.300000	1
450	452	453	454	-134.604347	0.478011	1.673040	0.300000	1
450	452	453	455	-6.172714	0.478011	1.673040	0.300000	2
452	453	455	456	-336.194037	0.478011	1.673040	0.300000	2
454	453	455	456	-209.251501	0.478011	1.673040	0.300000	1
453	455	456	457	-122.788240	0.478011	1.673040	0.300000	1
453	455	456	458	-359.488432	0.478011	1.673040	0.300000	2
455	456	458	459	-332.484834	0.478011	1.673040	0.300000	2
457	456	458	459	-216.962680	0.478011	1.673040	0.300000	1
456	458	459	460	-132.919289	0.478011	1.673040	0.300000	1
456	458	459	461	-3.333491	0.478011	1.673040	0.300000	2
458	459	461	462	-337.222102	0.478011	1.673040	0.300000	2
460	459	461	462	-209.248105	0.478011	1.673040	0.300000	1
459	461	462	463	-122.789797	0.478011	1.673040	0.300000	1
459	461	462	464	-0.262941	0.478011	1.673040	0.300000	2
461	462	464	465	-331.942372	0.478011	1.673040	0.300000	2
463	462	464	465	-219.040315	0.478011	1.673040	0.300000	1
462	464	465	466	-127.161813	0.478011	1.673040	0.300000	1
462	464	465	467	-359.133122	0.478011	1.673040	0.300000	2
464	465	467	468	-335.748967	0.478011	1.673040	0.300000	2
466	465	467	468	-211.356039	0.478011	1.673040	0.300000	1
465	467	468	469	-130.232385	0.478011	1.673040	0.300000	1
465	467	468	470	-1.693680	0.478011	1.673040	0.300000	2
467	468	470	471	-335.373870	0.478011	1.673040	0.300000	2
469	468	470	471	-211.616526	0.478011	1.673040	0.300000	1
468	470	471	472	-134.800811	0.478011	1.673040	0.300000	1
468	470	471	473	-6.273123	0.478011	1.673040	0.300000	2
470	471	473	474	-332.973676	0.478011	1.673040	0.300000	2
472	471	473	474	-207.855716	0.478011	1.673040	0.300000	1
471	473	474	475	-125.208501	0.478011	1.673040	0.300000	1
471	473	474	476	-357.737889	0.478011	1.673040	0.300000	2
473	474	476	477	-335.580230	0.478011	1.673040	0.300000	2
475	474	476	477	-211.365250	0.478011	1.673040	0.300000	1
474	476	477	478	-130.229782	0.478011	1.673040	0.300000	1
474	476	477	479	-4.096115	0.478011	1.673040	0.300000	2
476	477	479	480	-336.549709	0.478011	1.673040	0.300000	2
478	477	479	480	-213.817112	0.478011	1.673040	0.300000	1
477	479	480	481	-126.633194	0.478011	1.673040	0.300000	1
477	479	480	482	-6.749788	0.478011	1.673040	0.300000	2
479	480	482	483	-329.903722	0.478011	1.673040	0.300000	2
481	480	482	483	-219.278910	0.478011	1.673040	0.300000	1
480	482	483	484	-133.945419	0.478011	1.673040	0.300000	1
480	482	483	485	-348.365904	0.478011	1.673040	0.300000	2
482	483	485	486	-340.475167	0.478011	1.673040	0.300000	2
484	483	485	486	-197.072339	0.478011	1.673040	0.300000	1
483	485	486	487	-134.487129	0.478011	1.673040	0.300000	1
483	485	486	488	-6.963331	0.478011	1.673040	0.300000	2
485	486	488	489	-334.015041	0.478011	1.673040	0.300000	2
487	486	488	489	-211.606321	0.478011	1.673040	0.300000	1
486	488	489	490	-134.806393	0.478011	1.673040	0.300000	1
486	488	489	491	-8.275925	0.478011	1.673040	0.300000	2
488	489	491	492	-331.272577	0.478011	1.673040	0.300000	2
490	489	491	492	-207.123391	0.478011	1.673040	0.300000	1
489	491	492	493	-133.012260	0.478011	1.673040	0.300000	1
489	491	492	494	-349.950259	0.478011	1.673040	0.300000	2
491	492	494	495	-339.079227	0.478011	1.673040	0.300000	2
493	492	494	495	-196.641797	0.478011	1.673040	0.300000	1
492	494	495	496	-138.906887	0.478011	1.673040	0.300000	1
492	494	495	497	-11.157662	0.478011	1.673040	0.300000	2
494	495	497	498	-335.118770	0.478011	1.673040	0.300000	2
496	495	497	498	-209.249614	0.478011	1.673040	0.300000	1
495	497	498	499	-122.790348	0.478011	1.673040	0.300000	1
495	497	498	500	-359.494703	0.478011	1.673040	0.300000	2
497	498	500	501	-332.487643	0.478011	1.673040	0.300000	2
499	498	500	501	-216.968822	0.478011	1.673040	0.300000	1
498	500	501	502	-132.917493	0.478011	1.673040	0.300000	1
498	500	501	503	-3.953012	0.478011	1.673040	0.300000	2
500	501	503	504	-333.858201	0.478011	1.673040	0.300000	2
502	501	503	504	-207.855947	0.478011	1.673040	0.300000	1
501	503	504	505	-125.215427	0.478011	1.673040	0.300000	1
501	503	504	506	-358.629012	0.478011	1.673040	0.300000	2
503	504	506	507	-337.664096	0.478011	1.673040	0.300000	2
505	504	506	507	-213.823108	0.478011	1.673040	0.300000	1
504	506	507	508	-126.630318	0.478011	1.673040	0.300000	1
504	506	507	509	-3.429753	0.478011	1.673040	0.300000	2
506	507	509	510	-331.811006	0.478011	1.673040	0.300000	2
508	507	509	510	-216.959454	0.478011	1.673040	0.300000	1
507	509	510	511	-132.924661	0.478011	1.673040	0.300000	1
507	509	510	512	-3.961037	0.478011	1.673040	0.300000	2
509	510	512	513	-333.866617	0.478011	1.673040	0.300000	2
511	510	512	513	-207.858319	0.478011	1.673040	0.300000	1
510	512	513	514	-125.204437	0.478011	1.673040	0.300000	1
510	512	513	515	-357.746482	0.478011	1.673040	0.300000	2
512	513	515	516	-335.576792	0.478011	1.673040	0.300000	2
514	513	515	516	-211.370333	0.478011	1.673040	0.300000	1
513	515	516	517	-130.224599	0.478011	1.673040	0.300000	1
513	515	516	518	-1.693512	0.478011	1.673040	0.300000	2
515	516	518	519	-335.361544	0.478011	1.673040	0.300000	2
517	516	518	519	-211.612981	0.478011	1.673040	0.300000	1
516	518	519	520	-134.804913	0.478011	1.673040	0.300000	1
516	518	519	521	-359.705651	0.478011	1.673040	0.300000	2
518	519	521	522	-335.955617	0.478011	1.673040	0.300000	2
520	519	521	522	-203.333462	0.478011	1.673040	0.300000	1
519	521	522	523	-134.597734	0.478011	1.673040	0.300000	1
519	521	522	524	-0.295005	0.478011	1.673040	0.300000	2
521	522	524	525	-335.554292	0.478011	1.673040	0.300000	2
523	522	524	525	-203.328252	0.478011	1.673040	0.300000	1
522	524	525	526	-134.607354	0.478011	1.673040	0.300000	1
522	524	525	527	-0.290250	0.478011	1.673040	0.300000	2
524	525	527	528	-335.558937	0.478011	1.673040	0.300000	2
526	525	527	528	-203.317096	0.478011	1.673040	0.300000	1
525	527	528	529	-134.612858	0.478011	1.673040	0.300000	1
525	527	528	530	-8.652078	0.478011	1.673040	0.300000	2
527	528	530	531	-331.268430	0.478011	1.673040	0.300000	2
529	528	530	531	-207.109142	0.478011	1.673040	0.300000	1
528	530	531	532	-133.021050	0.478011	1.673040	0.300000	1
528	530	531	533	-355.419105	0.478011	1.673040	0.300000	2
530	531	533	534	-339.666734	0.478011	1.673040	0.300000	2
532	531	533	534	-201.464178	0.478011	1.673040	0.300000	1
531	533	534	535	-128.448505	0.478011	1.673040	0.300000	1
531	533	534	536	-9.032562	0.478011	1.673040	0.300000	2
533	534	536	537	-329.478467	0.478011	1.673040	0.300000	2
535	534	536	537	-219.285503	0.478011	1.673040	0.300000	1
534	536	537	538	-133.945709	0.478011	1.673040	0.300000	1
534	536	537	539	-355.457724	0.478011	1.673040	0.300000	2
536	537	539	540	-340.163800	0.478011	1.673040	0.300000	2
538	537	539	540	-201.472913	0.478011	1.673040	0.300000	1
537	539	540	541	-128.437464	0.478011	1.673040	0.300000	1
537	539	540	542	-5.839430	0.478011	1.673040	0.300000	2
539	540	542	543	-331.220508	0.478011	1.673040	0.300000	2
541	540	542	543	-216.968430	0.478011	1.673040	0.300000	1
540	542	543	544	-132.913945	0.478011	1.673040	0.300000	1
540	542	543	545	-3.332431	0.478011	1.673040	0.300000	2
542	543	545	546	-337.222243	0.478011	1.673040	0.300000	2
544	543	545	546	-209.252727	0.478011	1.673040	0.300000	1
543	545	546	547	-122.790571	0.478011	1.673040	0.300000	1
543	545	546	548	-358.758676	0.478011	1.673040	0.300000	2
545	546	548	549	-335.641408	0.478011	1.673040	0.300000	2
547	546	548	549	-218.817340	0.478011	1.673040	0.300000	1
546	548	549	550	-125.565116	0.478011	1.673040	0.300000	1
546	548	549	551	-1.453112	0.478011	1.673040	0.300000	2
548	549	551	552	-335.394756	0.478011	1.673040	0.300000	2
550	549	551	552	-218.813702	0.478011	1.673040	0.300000	1
549	551	552	553	-125.564776	0.478011	1.673040	0.300000	1
549	551	552	554	-5.528894	0.478011	1.673040	0.300000	2
551	552	554	555	-330.303800	0.478011	1.673040	0.300000	2
553	552	554	555	-219.285134	0.478011	1.673040	0.300000	1
552	554	555	556	-133.945931	0.478011	1.673040	0.300000	1
552	554	555	557	-0.328658	0.478011	1.673040	0.300000	2
554	555	557	558	-334.803325	0.478011	1.673040	0.300000	2
556	555	557	558	-200.536889	0.478011	1.673040	0.300000	1
555	557	558	559	-136.066555	0.478011	1.673040	0.300000	1
555	557	558	560	-354.232888	0.478011	1.673040	0.300000	2
557	558	560	561	-337.772338	0.478011	1.673040	0.300000	2
559	558	560	561	-196.640470	0.478011	1.673040	0.300000	1
558	560	561	562	-138.912322	0.478011	1.673040	0.300000	1
558	560	561	563	-5.340922	0.478011	1.673040	0.300000	2
560	561	563	564	-334.468665	0.478011	1.673040	0.300000	2
562	561	563	564	-203.320744	0.478011	1.673040	0.300000	1
561	563	564	565	-134.614560	0.478011	1.673040	0.300000	1
561	563	564	566	-0.300895	0.478011	1.673040	0.300000	2
563	564	566	567	-335.567536	0.478011	1.673040	0.300000	2
565	564	566	567	-203.335524	0.478011	1.673040	0.300000	1
564	566	567	568	-134.597976	0.478011	1.673040	0.300000	1
564	566	567	569	-6.689575	0.478011	1.673040	0.300000	2
566	567	569	570	-332.878706	0.478011	1.673040	0.300000	2
568	567	569	570	-207.854952	0.478011	1.673040	0.300000	1
567	569	570	571	-125.212162	0.478011	1.673040	0.300000	1
567	569	570	572	-358.626859	0.478011	1.673040	0.300000	2
569	570	572	573	-337.667145	0.478011	1.673040	0.300000	2
571	570	572	573	-213.821244	0.478011	1.673040	0.300000	1
570	572	573	574	-126.630203	0.478011	1.673040	0.300000	1
570	572	573	575	-6.744274	0.478011	1.673040	0.300000	2
572	573	575	576	-329.898562	0.478011	1.673040	0.300000	2
574	573	575	576	-219.280083	0.478011	1.673040	0.300000	1
573	575	576	577	-133.951982	0.478011	1.673040	0.300000	1
573	575	576	578	-348.366122	0.478011	1.673040	0.300000	2
575	576	578	579	-340.479080	0.478011	1.673040	0.300000	2
577	576	578	579	-197.072124	0.478011	1.673040	0.300000	1
576	578	579	580	-134.491844	0.478011	1.673040	0.300000	1
576	578	579	581	-9.401232	0.478011	1.673040	0.300000	2
578	579	581	582	-335.213025	0.478011	1.673040	0.300000	2
580	579	581	582	-213.815784	0.478011	1.673040	0.300000	1
579	581	582	583	-126.633291	0.478011	1.673040	0.300000	1
579	581	582	584	-4.158545	0.478011	1.673040	0.300000	2
581	582	584	585	-331.269665	0.478011	1.673040	0.300000	2
583	582	584	585	-219.039186	0.478011	1.673040	0.300000	1
582	584	585	586	-127.158533	0.478011	1.673040	0.300000	1
582	584	585	587	-359.136101	0.478011	1.673040	0.300000	2
584	585	587	588	-335.750571	0.478011	1.673040	0.300000	2
586	585	587	588	-211.366543	0.478011	1.673040	0.300000	1
585	587	588	589	-130.227564	0.478011	1.673040	0.300000	1
585	587	588	590	-1.691855	0.478011	1.673040	0.300000	2
587	588	590	591	-335.363911	0.478011	1.673040	0.300000	2
589	588	590	591	-211.606940	0.478011	1.673040	0.300000	1
588	590	591	592	-134.805998	0.478011	1.673040	0.300000	1
588	590	591	593	-5.740096	0.478011	1.673040	0.300000	2
590	591	593	594	-336.309894	0.478011	1.673040	0.300000	2
592	591	593	594	-209.256859	0.478011	1.673040	0.300000	1
591	593	594	595	-122.780836	0.478011	1.673040	0.300000	1
591	593	594	596	-0.259939	0.478011	1.673040	0.300000	2
593	594	596	597	-331.929969	0.478011	1.673040	0.300000	2
595	594	596	597	-219.026815	0.478011	1.673040	0.300000	1
594	596	597	598	-127.165420	0.478011	1.673040	0.300000	1
594	596	597	599	-357.660122	0.478011	1.673040	0.300000	2
596	597	599	600	-336.630810	0.478011	1.673040	0.300000	2
598	597	599	600	-211.606134	0.478011	1.673040	0.300000	1
597	599	600	601	-134.811674	0.478011	1.673040	0.300000	1
597	599	600	602	-359.705681	0.478011	1.673040	0.300000	2
599	600	602	603	-335.952520	0.478011	1.673040	0.300000	2
601	600	602	603	-203.326446	0.478011	1.673040	0.300000	1
600	602	603	604	-134.603810	0.478011	1.673040	0.300000	1
600	602	603	605	-0.295171	0.478011	1.673040	0.300000	2
602	603	605	606	-335.566300	0.478011	1.673040	0.300000	2
604	603	605	606	-203.337592	0.478011	1.673040	0.300000	1
603	605	606	607	-134.598477	0.478011	1.673040	0.300000	1
603	605	606	608	-0.285805	0.478011	1.673040	0.300000	2
605	606	608	609	-335.562420	0.478011	1.673040	0.300000	2
607	606	608	609	-203.330396	0.478011	1.673040	0.300000	1
606	608	609	610	-134.607572	0.478011	1.673040	0.300000	1
606	608	609	611	-8.660314	0.478011	1.673040	0.300000	2
608	609	611	612	-331.258889	0.478011	1.673040	0.300000	2
610	609	611	612	-207.112160	0.478011	1.673040	0.300000	1
609	611	612	613	-133.019416	0.478011	1.673040	0.300000	1
609	611	612	614	-0.167031	0.478011	1.673040	0.300000	2
611	612	614	615	-334.500935	0.478011	1.673040	0.300000	2
613	612	614	615	-200.528441	0.478011	1.673040	0.300000	1
612	614	615	616	-136.074906	0.478011	1.673040	0.300000	1
612	614	615	617	-352.624393	0.478011	1.673040	0.300000	2
614	615	617	618	-338.474160	0.478011	1.673040	0.300000	2
616	615	617	618	-197.080187	0.478011	1.673040	0.300000	1
615	617	618	619	-134.483106	0.478011	1.673040	0.300000	1
615	617	618	620	-6.964332	0.478011	1.673040	0.300000	2
617	618	620	621	-334.007956	0.478011	1.673040	0.300000	2
619	618	620	621	-211.608391	0.478011	1.673040	0.300000	1
618	620	621	622	-134.804599	0.478011	1.673040	0.300000	1
618	620	621	623	-5.723814	0.478011	1.673040	0.300000	2
620	621	623	624	-336.310528	0.478011	1.673040	0.300000	2
622	621	623	624	-209.245436	0.478011	1.673040	0.300000	1
621	623	624	625	-122.791356	0.478011	1.673040	0.300000	1
621	623	624	626	-2.827713	0.478011	1.673040	0.300000	2
623	624	626	627	-330.676313	0.478011	1.673040	0.300000	2
625	624	626	627	-219.290929	0.478011	1.673040	0.300000	1
624	626	627	628	-133.943241	0.478011	1.673040	0.300000	1
624	626	627	629	-355.456286	0.478011	1.673040	0.300000	2
626	627	629	630	-340.161097	0.478011	1.673040	0.300000	2
628	627	629	630	-201.471330	0.478011	1.673040	0.300000	1
627	629	630	631	-128.437470	0.478011	1.673040	0.300000	1
627	629	630	632	-5.163202	0.478011	1.673040	0.300000	2
629	630	632	633	-334.341751	0.478011	1.673040	0.300000	2
631	630	632	633	-218.813477	0.478011	1.673040	0.300000	1
630	632	633	634	-125.563693	0.478011	1.673040	0.300000	1
630	632	633	635	-2.927566	0.478011	1.673040	0.300000	2
632	633	635	636	-331.661531	0.478011	1.673040	0.300000	2
634	633	635	636	-219.032203	0.478011	1.673040	0.300000	1
633	635	636	637	-127.164576	0.478011	1.673040	0.300000	1
633	635	636	638	-357.669889	0.478011	1.673040	0.300000	2
635	636	638	639	-336.631282	0.478011	1.673040	0.300000	2
637	636	638	639	-211.618007	0.478011	1.673040	0.300000	1
636	638	639	640	-134.801223	0.478011	1.673040	0.300000	1
636	638	639	641	-8.278161	0.478011	1.673040	0.300000	2
638	639	641	642	-331.273193	0.478011	1.673040	0.300000	2
640	639	641	642	-207.132073	0.478011	1.673040	0.300000	1
639	641	642	643	-133.000270	0.478011	1.673040	0.300000	1
639	641	642	644	-348.410673	0.478011	1.673040	0.300000	2
641	642	644	645	-339.744767	0.478011	1.673040	0.300000	2
643	642	644	645	-197.081647	0.478011	1.673040	0.300000	1
642	644	645	646	-134.483619	0.478011	1.673040	0.300000	1
642	644	645	647	-9.402139	0.478011	1.673040	0.300000	2
644	645	647	648	-335.201733	0.478011	1.673040	0.300000	2
646	645	647	648	-213.812242	0.478011	1.673040	0.300000	1
645	647	648	649	-126.631284	0.478011	1.673040	0.300000	1
645	647	648	650	-6.736844	0.478011	1.673040	0.300000	2
647	648	650	651	-329.902246	0.478011	1.673040	0.300000	2
649	648	650	651	-219.274126	0.478011	1.673040	0.300000	1
648	650	651	652	-133.959803	0.478011	1.673040	0.300000	1
648	650	651	653	-0.323300	0.478011	1.673040	0.300000	2
650	651	653	654	-334.809736	0.478011	1.673040	0.300000	2
652	651	653	654	-200.524219	0.478011	1.673040	0.300000	1
651	653	654	655	-136.080114	0.478011	1.673040	0.300000	1
651	653	654	656	-354.231204	0.478011	1.673040	0.300000	2
653	654	656	657	-337.785867	0.478011	1.673040	0.300000	2
655	654	656	657	-196.641328	0.478011	1.673040	0.300000	1
654	656	657	658	-138.914116	0.478011	1.673040	0.300000	1
654	656	657	659	-11.159166	0.478011	1.673040	0.300000	2
656	657	659	660	-335.112051	0.478011	1.673040	0.300000	2
658	657	659	660	-209.234795	0.478011	1.673040	0.300000	1
657	659	660	661	-122.798983	0.478011	1.673040	0.300000	1
657	659	660	662	-358.757647	0.478011	1.673040	0.300000	2
659	660	662	663	-335.650409	0.478011	1.673040	0.300000	2
661	660	662	663	-218.811602	0.478011	1.673040	0.300000	1
660	662	663	664	-125.568956	0.478011	1.673040	0.300000	1
660	662	663	665	-2.943516	0.478011	1.673040	0.300000	2
662	663	665	666	-331.659552	0.478011	1.673040	0.300000	2
664	663	665	666	-219.035089	0.478011	1.673040	0.300000	1
663	665	666	667	-127.163756	0.478011	1.673040	0.300000	1
663	665	666	668	-359.131513	0.478011	1.673040	0.300000	2
665	666	668	669	-335.752608	0.478011	1.673040	0.300000	2
667	666	668	669	-211.359584	0.478011	1.673040	0.300000	1
666	668	669	670	-130.234254	0.478011	1.673040	0.300000	1
666	668	669	671	-1.692466	0.478011	1.673040	0.300000	2
668	669	671	672	-335.361769	0.478011	1.673040	0.300000	2
670	669	671	672	-211.599974	0.478011	1.673040	0.300000	1
669	671	672	673	-134.814049	0.478011	1.673040	0.300000	1
669	671	672	674	-8.269393	0.478011	1.673040	0.300000	2
671	672	674	675	-331.273440	0.478011	1.673040	0.300000	2
673	672	674	675	-207.105722	0.478011	1.673040	0.300000	1
672	674	675	676	-133.022075	0.478011	1.673040	0.300000	1
672	674	675	677	-348.408490	0.478011	1.673040	0.300000	2
674	675	677	678	-339.754373	0.478011	1.673040	0.300000	2
676	675	677	678	-197.064851	0.478011	1.673040	0.300000	1
675	677	678	679	-134.495611	0.478011	1.673040	0.300000	1
675	677	678	680	-9.400901	0.478011	1.673040	0.300000	2
677	678	680	681	-335.215882	0.478011	1.673040	0.300000	2
679	678	680	681	-213.818126	0.478011	1.673040	0.300000	1
678	680	681	682	-126.632998	0.478011	1.673040	0.300000	1
678	680	681	683	-6.749235	0.478011	1.673040	0.300000	2
680	681	683	684	-329.911793	0.478011	1.673040	0.300000	2
682	681	683	684	-219.293420	0.478011	1.673040	0.300000	1
681	683	684	685	-133.939914	0.478011	1.673040	0.300000	1
681	683	684	686	-349.884380	0.478011	1.673040	0.300000	2
683	684	686	687	-339.768585	0.478011	1.673040	0.300000	2
685	684	686	687	-196.642576	0.478011	1.673040	0.300000	1
684	686	687	688	-138.908961	0.478011	1.673040	0.300000	1
684	686	687	689	-5.355806	0.478011	1.673040	0.300000	2
686	687	689	690	-334.466685	0.478011	1.673040	0.300000	2
688	687	689	690	-203.333436	0.478011	1.673040	0.300000	1
687	689	690	691	-134.599505	0.478011	1.673040	0.300000	1
687	689	690	692	-6.684949	0.478011	1.673040	0.300000	2
689	690	692	693	-332.884122	0.478011	1.673040	0.300000	2
691	690	692	693	-207.854317	0.478011	1.673040	0.300000	1
690	692	693	694	-125.220157	0.478011	1.673040	0.300000	1
690	692	693	695	-356.301800	0.478011	1.673040	0.300000	2
692	693	695	696	-336.390618	0.478011	1.673040	0.300000	2
694	693	695	696	-211.605757	0.478011	1.673040	0.300000	1
693	695	696	697	-134.807132	0.478011	1.673040	0.300000	1
693	695	696	698	-5.726098	0.478011	1.673040	0.300000	2
695	696	698	699	-336.310162	0.478011	1.673040	0.300000	2
697	696	698	699	-209.246858	0.478011	1.673040	0.300000	1
696	698	699	700	-122.788380	0.478011	1.673040	0.300000	1
696	698	699	701	-2.825846	0.478011	1.673040	0.300000	2
698	699	701	702	-330.667607	0.478011	1.673040	0.300000	2
700	699	701	702	-219.281159	0.478011	1.673040	0.300000	1
699	701	702	703	-133.947673	0.478011	1.673040	0.300000	1
699	701	702	704	-348.364178	0.478011	1.673040	0.300000	2
701	702	704	705	-340.481756	0.478011	1.673040	0.300000	2
703	702	704	705	-197.075673	0.478011	1.673040	0.300000	1
702	704	705	706	-134.486422	0.478011	1.673040	0.300000	1
702	704	705	707	-8.483184	0.478011	1.673040	0.300000	2
704	705	707	708	-333.153266	0.478011	1.673040	0.300000	2
706	705	707	708	-211.363293	0.478011	1.673040	0.300000	1
705	707	708	709	-130.230183	0.478011	1.673040	0.300000	1
705	707	708	710	-4.093636	0.478011	1.673040	0.300000	2
707	708	710	711	-336.549767	0.478011	1.673040	0.300000	2
709	708	710	711	-213.814677	0.478011	1.673040	0.300000	1
708	710	711	712	-126.631122	0.478011	1.673040	0.300000	1
708	710	711	713	-2.721441	0.478011	1.673040	0.300000	2
710	711	713	714	-334.987328	0.478011	1.673040	0.300000	2
712	711	713	714	-218.817681	0.478011	1.673040	0.300000	1
711	713	714	715	-125.565289	0.478011	1.673040	0.300000	1
711	713	714	716	-1.451717	0.478011	1.673040	0.300000	2
713	714	716	717	-335.391592	0.478011	1.673040	0.300000	2
715	714	716	717	-218.812074	0.478011	1.673040	0.300000	1
714	716	717	718	-125.567532	0.478011	1.673040	0.300000	1
714	716	717	719	-1.450749	0.478011	1.673040	0.300000	2
716	717	719	720	-335.399313	0.478011	1.673040	0.300000	2
718	717	719	720	-218.819492	0.478011	1.673040	0.300000	1
717	719	720	721	-125.559419	0.478011	1.673040	0.300000	1
717	719	720	722	-5.533389	0.478011	1.673040	0.300000	2
719	720	722	723	-330.299113	0.478011	1.673040	0.300000	2
721	720	722	723	-219.289713	0.478011	1.673040	0.300000	1
720	722	723	724	-133.940739	0.478011	1.673040	0.300000	1
720	722	723	725	-349.885274	0.478011	1.673040	0.300000	2
722	723	725	726	-339.782088	0.478011	1.673040	0.300000	2
724	723	725	726	-196.652906	0.478011	1.673040	0.300000	1
723	725	726	727	-138.900042	0.478011	1.673040	0.300000	1
723	725	726	728	-11.159297	0.478011	1.673040	0.300000	2
725	726	728	729	-335.109315	0.478011	1.673040	0.300000	2
727	726	728	729	-209.250721	0.478011	1.673040	0.300000	1
726	728	729	730	-122.790763	0.478011	1.673040	0.300000	1
726	728	729	731	-2.821233	0.478011	1.673040	0.300000	2
728	729	731	732	-330.667069	0.478011	1.673040	0.300000	2
730	729	731	732	-219.280092	0.478011	1.673040	0.300000	1
729	731	732	733	-133.950062	0.478011	1.673040	0.300000	1
729	731	732	734	-0.315032	0.478011	1.673040	0.300000	2
731	732	734	735	-334.803659	0.478011	1.673040	0.300000	2
733	732	734	735	-200.520166	0.478011	1.673040	0.300000	1
732	734	735	736	-136.086502	0.478011	1.673040	0.300000	1
732	734	735	737	-354.233263	0.478011	1.673040	0.300000	2
734	735	737	738	-337.787598	0.478011	1.673040	0.300000	2
736	735	737	738	-196.632125	0.478011	1.673040	0.300000	1
735	737	738	739	-138.917946	0.478011	1.673040	0.300000	1
735	737	738	740	-13.573403	0.478011	1.673040	0.300000	2
737	738	740	741	-330.224460	0.478011	1.673040	0.300000	2
739	738	740	741	-207.110387	0.478011	1.673040	0.300000	1
738	740	741	742	-133.022881	0.478011	1.673040	0.300000	1
738	740	741	743	-348.415337	0.478011	1.673040	0.300000	2
740	741	743	744	-339.753411	0.478011	1.673040	0.300000	2
742	741	743	744	-197.072910	0.478011	1.673040	0.300000	1
741	743	744	745	-134.487542	0.478011	1.673040	0.300000	1
741	743	744	746	-6.968435	0.478011	1.673040	0.300000	2
743	744	746	747	-334.013036	0.478011	1.673040	0.300000	2
745	744	746	747	-211.609673	0.478011	1.673040	0.300000	1
744	746	747	748	-134.802498	0.478011	1.673040	0.300000	1
744	746	747	749	-8.271635	0.478011	1.673040	0.300000	2
746	747	749	750	-331.272762	0.478011	1.673040	0.300000	2
748	747	749	750	-207.120397	0.478011	1.673040	0.300000	1
747	749	750	751	-133.013777	0.478011	1.673040	0.300000	1
747	749	750	752	-355.424015	0.478011	1.673040	0.300000	2
749	750	752	753	-339.667263	0.478011	1.673040	0.300000	2
751	750	752	753	-201.475936	0.478011	1.673040	0.300000	1
750	752	753	754	-128.434425	0.478011	1.673040	0.300000	1
750	752	753	755	-5.164678	0.478011	1.673040	0.300000	2
752	753	755	756	-334.339790	0.478011	1.673040	0.300000	2
754	753	755	756	-218.816073	0.478011	1.673040	0.300000	1
753	755	756	757	-125.562687	0.478011	1.673040	0.300000	1
753	755	756	758	-1.444833	0.478011	1.673040	0.300000	2
755	756	758	759	-335.399713	0.478011	1.673040	0.300000	2
757	756	758	759	-218.817042	0.478011	1.673040	0.300000	1
756	758	759	760	-125.563696	0.478011	1.673040	0.300000	1
756	758	759	761	-2.940712	0.478011	1.673040	0.300000	2
758	759	761	762	-331.652220	0.478011	1.673040	0.300000	2
760	759	761	762	-219.029791	0.478011	1.673040	0.300000	1
759	761	762	763	-127.163326	0.478011	1.673040	0.300000	1
759	761	762	764	-359.137681	0.478011	1.673040	0.300000	2
761	762	764	765	-335.752307	0.478011	1.673040	0.300000	2
763	762	764	765	-211.358531	0.478011	1.673040	0.300000	1
762	764	765	766	-130.231649	0.478011	1.673040	0.300000	1
762	764	765	767	-1.690869	0.478011	1.673040	0.300000	2
764	765	767	768	-335.361107	0.478011	1.673040	0.300000	2
766	765	767	768	-211.596880	0.478011	1.673040	0.300000	1
765	767	768	769	-134.811376	0.478011	1.673040	0.300000	1
765	767	768	770	-359.695733	0.478011	1.673040	0.300000	2
767	768	770	771	-335.965338	0.478011	1.673040	0.300000	2
769	768	770	771	-203.325990	0.478011	1.673040	0.300000	1
768	770	771	772	-134.604411	0.478011	1.673040	0.300000	1
768	770	771	773	-0.295071	0.478011	1.673040	0.300000	2
770	771	773	774	-335.562904	0.478011	1.673040	0.300000	2
772	771	773	774	-203.333101	0.478011	1.673040	0.300000	1
771	773	774	775	-134.608059	0.478011	1.673040	0.300000	1
771	773	774	776	-6.164983	0.478011	1.673040	0.300000	2
773	774	776	777	-336.192493	0.478011	1.673040	0.300000	2
775	774	776	777	-209.246577	0.478011	1.673040	0.300000	1
774	776	777	778	-122.791603	0.478011	1.673040	0.300000	1
774	776	777	779	-359.496985	0.478011	1.673040	0.300000	2
776	777	779	780	-332.481606	0.478011	1.673040	0.300000	2
778	777	779	780	-216.961289	0.478011	1.673040	0.300000	1
777	779	780	781	-132.918107	0.478011	1.673040	0.300000	1
777	779	780	782	-3.953684	0.478011	1.673040	0.300000	2
779	780	782	783	-333.864435	0.478011	1.673040	0.300000	2
781	780	782	783	-207.857148	0.478011	1.673040	0.300000	1
780	782	783	784	-125.207940	0.478011	1.673040	0.300000	1
780	782	783	785	-356.297239	0.478011	1.673040	0.300000	2
782	783	785	786	-336.384486	0.478011	1.673040	0.300000	2
784	783	785	786	-211.605193	0.478011	1.673040	0.300000	1
783	785	786	787	-134.808940	0.478011	1.673040	0.300000	1
783	785	786	788	-6.264855	0.478011	1.673040	0.300000	2
785	786	788	789	-332.990428	0.478011	1.673040	0.300000	2
787	786	788	789	-207.860015	0.478011	1.673040	0.300000	1
786	788	789	790	-125.213757	0.478011	1.673040	0.300000	1
786	788	789	791	-358.635936	0.478011	1.673040	0.300000	2
788	789	791	792	-337.655143	0.478011	1.673040	0.300000	2
790	789	791	792	-213.820600	0.478011	1.673040	0.300000	1
789	791	792	793	-126.628207	0.478011	1.673040	0.300000	1
789	791	792	794	-2.718200	0.478011	1.673040	0.300000	2
791	792	794	795	-334.991695	0.478011	1.673040	0.300000	2
793	792	794	795	-218.818879	0.478011	1.673040	0.300000	1
792	794	795	796	-125.559582	0.478011	1.673040	0.300000	1
792	794	795	797	-1.449379	0.478011	1.673040	0.300000	2
794	795	797	798	-335.387545	0.478011	1.673040	0.300000	2
796	795	797	798	-218.813996	0.478011	1.673040	0.300000	1
795	797	798	799	-125.566372	0.478011	1.673040	0.300000	1
795	797	798	800	-1.451709	0.478011	1.673040	0.300000	2
797	798	800	801	-335.396599	0.478011	1.673040	0.300000	2
799	798	800	801	-218.820450	0.478011	1.673040	0.300000	1
798	800	801	802	-125.563738	0.478011	1.673040	0.300000	1
798	800	801	803	-5.531367	0.478011	1.673040	0.300000	2
800	801	803	804	-330.303927	0.478011	1.673040	0.300000	2
802	801	803	804	-219.285657	0.478011	1.673040	0.300000	1
801	803	804	805	-133.940535	0.478011	1.673040	0.300000	1
801	803	804	806	-0.319843	0.478011	1.673040	0.300000	2
803	804	806	807	-334.801645	0.478011	1.673040	0.300000	2
805	804	806	807	-200.533800	0.478011	1.673040	0.300000	1
804	806	807	808	-136.074241	0.478011	1.673040	0.300000	1
804	806	807	809	-359.684330	0.478011	1.673040	0.300000	2
806	807	809	810	-338.431495	0.478011	1.673040	0.300000	2
808	807	809	810	-201.467291	0.478011	1.673040	0.300000	1
807	809	810	811	-128.439494	0.478011	1.673040	0.300000	1
807	809	810	812	-5.831736	0.478011	1.673040	0.300000	2
809	810	812	813	-331.220605	0.478011	1.673040	0.300000	2
811	810	812	813	-216.952480	0.478011	1.673040	0.300000	1
810	812	813	814	-132.924635	0.478011	1.673040	0.300000	1
810	812	813	815	-5.926662	0.478011	1.673040	0.300000	2
812	813	815	816	-332.189063	0.478011	1.673040	0.300000	2
814	813	815	816	-207.118471	0.478011	1.673040	0.300000	1
813	815	816	817	-133.013018	0.478011	1.673040	0.300000	1
813	815	816	818	-355.431894	0.478011	1.673040	0.300000	2
815	816	818	819	-339.662019	0.478011	1.673040	0.300000	2
817	816	818	819	-201.475250	0.478011	1.673040	0.300000	1
816	818	819	820	-128.433251	0.478011	1.673040	0.300000	1
816	818	819	821	-5.829924	0.478011	1.673040	0.300000	2
818	819	821	822	-331.219789	0.478011	1.673040	0.300000	2
820	819	821	822	-216.965108	0.478011	1.673040	0.300000	1
819	821	822	823	-132.918832	0.478011	1.673040	0.300000	1
819	821	822	824	-3.336682	0.478011	1.673040	0.300000	2
821	822	824	825	-337.220703	0.478011	1.673040	0.300000	2
823	822	824	825	-209.246563	0.478011	1.673040	0.300000	1
822	824	825	826	-122.791319	0.478011	1.673040	0.300000	1
822	824	825	827	-0.264451	0.478011	1.673040	0.300000	2
824	825	827	828	-331.944449	0.478011	1.673040	0.300000	2
826	825	827	828	-219.039035	0.478011	1.673040	0.300000	1
825	827	828	829	-127.155965	0.478011	1.673040	0.300000	1
825	827	828	830	-0.036321	0.478011	1.673040	0.300000	2
827	828	830	831	-337.791510	0.478011	1.673040	0.300000	2
829	828	830	831	-213.816320	0.478011	1.673040	0.300000	1
828	830	831	832	-126.632836	0.478011	1.673040	0.300000	1
828	830	831	833	-6.743013	0.478011	1.673040	0.300000	2
830	831	833	834	-329.905264	0.478011	1.673040	0.300000	2
832	831	833	834	-219.281310	0.478011	1.673040	0.300000	1
831	833	834	835	-133.948682	0.478011	1.673040	0.300000	1
831	833	834	836	-348.371671	0.478011	1.673040	0.300000	2
833	834	836	837	-340.476659	0.478011	1.673040	0.300000	2
835	834	836	837	-197.077749	0.478011	1.673040	0.300000	1
834	836	837	838	-134.486204	0.478011	1.673040	0.300000	1
834	836	837	839	-6.964096	0.478011	1.673040	0.300000	2
836	837	839	840	-334.014239	0.478011	1.673040	0.300000	2
838	837	839	840	-211.612489	0.478011	1.673040	0.300000	1
837	839	840	841	-134.803359	0.478011	1.673040	0.300000	1
837	839	840	842	-8.268486	0.478011	1.673040	0.300000	2
839	840	842	843	-331.268340	0.478011	1.673040	0.300000	2
841	840	842	843	-207.115853	0.478011	1.673040	0.300000	1
840	842	843	844	-133.014130	0.478011	1.673040	0.300000	1
840	842	843	845	-0.172435	0.478011	1.673040	0.300000	2
842	843	845	846	-334.495214	0.478011	1.673040	0.300000	2
844	843	845	846	-200.531219	0.478011	1.673040	0.300000	1
843	845	846	847	-136.077879	0.478011	1.673040	0.300000	1
843	845	846	848	-359.673114	0.478011	1.673040	0.300000	2
845	846	848	849	-338.439034	0.478011	1.673040	0.300000	2
847	846	848	849	-201.466155	0.478011	1.673040	0.300000	1
846	848	849	850	-128.444349	0.478011	1.673040	0.300000	1
846	848	849	851	-9.028794	0.478011	1.673040	0.300000	2
848	849	851	852	-329.476086	0.478011	1.673040	0.300000	2
850	849	851	852	-219.283902	0.478011	1.673040	0.300000	1
849	851	852	853	-133.952706	0.478011	1.673040	0.300000	1
849	851	852	854	-0.316548	0.478011	1.673040	0.300000	2
851	852	854	855	-334.803760	0.478011	1.673040	0.300000	2
853	852	854	855	-200.524517	0.478011	1.673040	0.300000	1
852	854	855	856	-136.084045	0.478011	1.673040	0.300000	1
852	854	855	857	-354.231920	0.478011	1.673040	0.300000	2
854	855	857	858	-337.785257	0.478011	1.673040	0.300000	2
856	855	857	858	-196.634598	0.478011	1.673040	0.300000	1
855	857	858	859	-138.918763	0.478011	1.673040	0.300000	1
855	857	858	860	-11.157552	0.478011	1.673040	0.300000	2
857	858	860	861	-335.117544	0.478011	1.673040	0.300000	2
859	858	860	861	-209.235381	0.478011	1.673040	0.300000	1
858	860	861	862	-122.798158	0.478011	1.673040	0.300000	1
858	860	861	863	-359.492255	0.478011	1.673040	0.300000	2
860	861	863	864	-332.488941	0.478011	1.673040	0.300000	2
862	861	863	864	-216.955696	0.478011	1.673040	0.300000	1
861	863	864	865	-132.926486	0.478011	1.673040	0.300000	1
861	863	864	866	-3.336569	0.478011	1.673040	0.300000	2
863	864	866	867	-337.228489	0.478011	1.673040	0.300000	2
865	864	866	867	-209.245374	0.478011	1.673040	0.300000	1
864	866	867	868	-122.792997	0.478011	1.673040	0.300000	1
864	866	867	869	-358.765891	0.478011	1.673040	0.300000	2
866	867	869	870	-335.642992	0.478011	1.673040	0.300000	2
868	867	869	870	-218.818874	0.478011	1.673040	0.300000	1
867	869	870	871	-125.560123	0.478011	1.673040	0.300000	1
867	869	870	872	-5.528859	0.478011	1.673040	0.300000	2
869	870	872	873	-330.306134	0.478011	1.673040	0.300000	2
871	870	872	873	-219.293559	0.478011	1.673040	0.300000	1
870	872	873	874	-133.941898	0.478011	1.673040	0.300000	1
870	872	873	875	-349.894849	0.478011	1.673040	0.300000	2
872	873	875	876	-339.768430	0.478011	1.673040	0.300000	2
874	873	875	876	-196.651064	0.478011	1.673040	0.300000	1
873	875	876	877	-138.899404	0.478011	1.673040	0.300000	1
873	875	876	878	-11.147271	0.478011	1.673040	0.300000	2
875	876	878	879	-335.119815	0.478011	1.673040	0.300000	2
877	876	878	879	-209.251655	0.478011	1.673040	0.300000	1
876	878	879	880	-122.790273	0.478011	1.673040	0.300000	1
