1	2	4.863572	0.143403	0.000000	14.340344
1	3	3.287357	0.143403	0.000000	14.340344
3	4	3.729047	0.143403	0.000000	14.340344
4	5	4.378967	0.143403	0.000000	14.340344
4	6	3.707088	0.143403	0.000000	14.340344
6	7	3.710231	0.143403	0.000000	14.340344
7	8	4.299890	0.143403	0.000000	14.340344
7	9	4.385728	0.143403	0.000000	14.340344
9	10	3.753484	0.143403	0.000000	14.340344
10	11	4.863403	0.143403	0.000000	14.340344
10	12	3.686095	0.143403	0.000000	14.340344
12	13	3.744736	0.143403	0.000000	14.340344
13	14	4.863624	0.143403	0.000000	14.340344
13	15	3.287065	0.143403	0.000000	14.340344
15	16	3.728921	0.143403	0.000000	14.340344
16	17	4.378767	0.143403	0.000000	14.340344
16	18	4.191536	0.143403	0.000000	14.340344
18	19	3.751560	0.143403	0.000000	14.340344
19	20	4.863640	0.143403	0.000000	14.340344
19	21	3.287498	0.143403	0.000000	14.340344
21	22	3.728896	0.143403	0.000000	14.340344
22	23	4.378747	0.143403	0.000000	14.340344
22	24	3.707223	0.143403	0.000000	14.340344
24	25	3.710041	0.143403	0.000000	14.340344
25	26	4.299668	0.143403	0.000000	14.340344
25	27	3.538406	0.143403	0.000000	14.340344
27	28	3.785630	0.143403	0.000000	14.340344
28	29	4.299688	0.143403	0.000000	14.340344
28	30	4.385539	0.143403	0.000000	14.340344
30	31	3.753325	0.143403	0.000000	14.340344
31	32	4.863591	0.143403	0.000000	14.340344
31	33	3.018536	0.143403	0.000000	14.340344
33	34	3.704162	0.143403	0.000000	14.340344
34	35	4.299784	0.143403	0.000000	14.340344
34	36	3.538310	0.143403	0.000000	14.340344
36	37	3.785408	0.143403	0.000000	14.340344
37	38	4.299606	0.143403	0.000000	14.340344
37	39	3.998909	0.143403	0.000000	14.340344
39	40	3.784123	0.143403	0.000000	14.340344
40	41	4.378759	0.143403	0.000000	14.340344
40	42	4.391702	0.143403	0.000000	14.340344
42	43	3.716178	0.143403	0.000000	14.340344
43	44	4.973441	0.143403	0.000000	14.340344
43	45	3.255916	0.143403	0.000000	14.340344
45	46	3.700031	0.143403	0.000000	14.340344
46	47	4.299578	0.143403	0.000000	14.340344
46	48	4.385606	0.143403	0.000000	14.340344
48	49	3.753393	0.143403	0.000000	14.340344
49	50	4.863498	0.143403	0.000000	14.340344
49	51	3.835995	0.143403	0.000000	14.340344
51	52	3.724747	0.143403	0.000000	14.340344
52	53	4.973166	0.143403	0.000000	14.340344
52	54	3.735691	0.143403	0.000000	14.340344
54	55	3.739499	0.143403	0.000000	14.340344
55	56	4.863949	0.143403	0.000000	14.340344
55	57	3.287567	0.143403	0.000000	14.340344
57	58	3.728836	0.143403	0.000000	14.340344
58	59	4.378599	0.143403	0.000000	14.340344
58	60	4.191460	0.143403	0.000000	14.340344
60	61	3.751734	0.143403	0.000000	14.340344
61	62	4.863689	0.143403	0.000000	14.340344
61	63	3.018250	0.143403	0.000000	14.340344
63	64	3.704267	0.143403	0.000000	14.340344
64	65	4.299827	0.143403	0.000000	14.340344
64	66	3.998672	0.143403	0.000000	14.340344
66	67	3.784587	0.143403	0.000000	14.340344
67	68	4.378537	0.143403	0.000000	14.340344
67	69	4.191246	0.143403	0.000000	14.340344
69	70	3.751262	0.143403	0.000000	14.340344
70	71	4.863644	0.143403	0.000000	14.340344
70	72	3.018437	0.143403	0.000000	14.340344
72	73	3.703700	0.143403	0.000000	14.340344
73	74	4.299952	0.143403	0.000000	14.340344
73	75	3.538156	0.143403	0.000000	14.340344
75	76	3.785820	0.143403	0.000000	14.340344
76	77	4.299652	0.143403	0.000000	14.340344
76	78	4.385300	0.143403	0.000000	14.340344
78	79	3.753314	0.143403	0.000000	14.340344
79	80	4.863649	0.143403	0.000000	14.340344
79	81	3.685774	0.143403	0.000000	14.340344
81	82	3.744477	0.143403	0.000000	14.340344
82	83	4.863875	0.143403	0.000000	14.340344
82	84	3.685750	0.143403	0.000000	14.340344
84	85	3.744566	0.143403	0.000000	14.340344
85	86	4.863623	0.143403	0.000000	14.340344
85	87	3.685647	0.143403	0.000000	14.340344
87	88	3.744627	0.143403	0.000000	14.340344
88	89	4.863522	0.143403	0.000000	14.340344
88	90	3.836079	0.143403	0.000000	14.340344
90	91	3.724819	0.143403	0.000000	14.340344
91	92	4.973479	0.143403	0.000000	14.340344
91	93	3.285065	0.143403	0.000000	14.340344
93	94	3.759910	0.143403	0.000000	14.340344
94	95	4.378683	0.143403	0.000000	14.340344
94	96	4.391200	0.143403	0.000000	14.340344
96	97	3.716479	0.143403	0.000000	14.340344
97	98	4.973421	0.143403	0.000000	14.340344
97	99	3.284994	0.143403	0.000000	14.340344
99	100	3.759825	0.143403	0.000000	14.340344
100	101	4.378821	0.143403	0.000000	14.340344
100	102	4.191353	0.143403	0.000000	14.340344
102	103	3.751677	0.143403	0.000000	14.340344
103	104	4.863685	0.143403	0.000000	14.340344
103	105	3.287373	0.143403	0.000000	14.340344
105	106	3.728692	0.143403	0.000000	14.340344
106	107	4.378611	0.143403	0.000000	14.340344
106	108	3.870895	0.143403	0.000000	14.340344
108	109	3.758797	0.143403	0.000000	14.340344
109	110	4.379114	0.143403	0.000000	14.340344
109	111	3.870530	0.143403	0.000000	14.340344
111	112	3.759024	0.143403	0.000000	14.340344
112	113	4.378761	0.143403	0.000000	14.340344
112	114	4.391364	0.143403	0.000000	14.340344
114	115	3.716345	0.143403	0.000000	14.340344
115	116	4.973287	0.143403	0.000000	14.340344
115	117	3.633391	0.143403	0.000000	14.340344
117	118	3.766408	0.143403	0.000000	14.340344
118	119	4.973369	0.143403	0.000000	14.340344
118	120	3.735505	0.143403	0.000000	14.340344
120	121	3.739626	0.143403	0.000000	14.340344
121	122	4.863492	0.143403	0.000000	14.340344
121	123	3.685918	0.143403	0.000000	14.340344
123	124	3.744480	0.143403	0.000000	14.340344
124	125	4.863578	0.143403	0.000000	14.340344
124	126	3.685786	0.143403	0.000000	14.340344
126	127	3.744293	0.143403	0.000000	14.340344
127	128	4.863561	0.143403	0.000000	14.340344
127	129	3.018511	0.143403	0.000000	14.340344
129	130	3.704179	0.143403	0.000000	14.340344
130	131	4.299699	0.143403	0.000000	14.340344
130	132	3.998603	0.143403	0.000000	14.340344
132	133	3.784346	0.143403	0.000000	14.340344
133	134	4.378811	0.143403	0.000000	14.340344
133	135	4.391157	0.143403	0.000000	14.340344
135	136	3.716212	0.143403	0.000000	14.340344
136	137	4.973280	0.143403	0.000000	14.340344
136	138	3.256370	0.143403	0.000000	14.340344
138	139	3.699799	0.143403	0.000000	14.340344
139	140	4.299674	0.143403	0.000000	14.340344
139	141	3.998477	0.143403	0.000000	14.340344
141	142	3.784282	0.143403	0.000000	14.340344
142	143	4.378569	0.143403	0.000000	14.340344
142	144	3.706994	0.143403	0.000000	14.340344
144	145	3.710312	0.143403	0.000000	14.340344
145	146	4.299815	0.143403	0.000000	14.340344
145	147	3.537848	0.143403	0.000000	14.340344
147	148	3.785941	0.143403	0.000000	14.340344
148	149	4.299639	0.143403	0.000000	14.340344
148	150	4.385592	0.143403	0.000000	14.340344
150	151	3.753511	0.143403	0.000000	14.340344
151	152	4.863515	0.143403	0.000000	14.340344
151	153	3.287138	0.143403	0.000000	14.340344
153	154	3.729354	0.143403	0.000000	14.340344
154	155	4.378781	0.143403	0.000000	14.340344
154	156	3.706986	0.143403	0.000000	14.340344
156	157	3.710740	0.143403	0.000000	14.340344
157	158	4.299789	0.143403	0.000000	14.340344
157	159	4.385624	0.143403	0.000000	14.340344
159	160	3.753356	0.143403	0.000000	14.340344
160	161	4.863506	0.143403	0.000000	14.340344
160	162	3.685961	0.143403	0.000000	14.340344
162	163	3.744649	0.143403	0.000000	14.340344
163	164	4.863662	0.143403	0.000000	14.340344
163	165	3.685299	0.143403	0.000000	14.340344
165	166	3.744545	0.143403	0.000000	14.340344
166	167	4.863797	0.143403	0.000000	14.340344
166	168	3.685767	0.143403	0.000000	14.340344
168	169	3.744509	0.143403	0.000000	14.340344
169	170	4.863616	0.143403	0.000000	14.340344
169	171	3.836257	0.143403	0.000000	14.340344
171	172	3.724800	0.143403	0.000000	14.340344
172	173	4.973208	0.143403	0.000000	14.340344
172	174	3.633690	0.143403	0.000000	14.340344
174	175	3.766476	0.143403	0.000000	14.340344
175	176	4.973515	0.143403	0.000000	14.340344
175	177	3.256094	0.143403	0.000000	14.340344
177	178	3.699929	0.143403	0.000000	14.340344
178	179	4.299612	0.143403	0.000000	14.340344
178	180	4.385487	0.143403	0.000000	14.340344
180	181	3.753146	0.143403	0.000000	14.340344
181	182	4.863537	0.143403	0.000000	14.340344
181	183	3.287327	0.143403	0.000000	14.340344
183	184	3.728776	0.143403	0.000000	14.340344
184	185	4.378762	0.143403	0.000000	14.340344
184	186	4.391451	0.143403	0.000000	14.340344
186	187	3.716251	0.143403	0.000000	14.340344
187	188	4.973131	0.143403	0.000000	14.340344
187	189	3.284955	0.143403	0.000000	14.340344
189	190	3.759842	0.143403	0.000000	14.340344
190	191	4.378909	0.143403	0.000000	14.340344
190	192	3.870344	0.143403	0.000000	14.340344
192	193	3.759198	0.143403	0.000000	14.340344
193	194	4.378834	0.143403	0.000000	14.340344
193	195	3.707114	0.143403	0.000000	14.340344
195	196	3.710427	0.143403	0.000000	14.340344
196	197	4.299835	0.143403	0.000000	14.340344
196	198	4.385621	0.143403	0.000000	14.340344
198	199	3.753501	0.143403	0.000000	14.340344
199	200	4.863660	0.143403	0.000000	14.340344
199	201	3.836086	0.143403	0.000000	14.340344
201	202	3.724905	0.143403	0.000000	14.340344
202	203	4.973753	0.143403	0.000000	14.340344
202	204	3.256273	0.143403	0.000000	14.340344
204	205	3.699511	0.143403	0.000000	14.340344
205	206	4.299716	0.143403	0.000000	14.340344
205	207	3.998728	0.143403	0.000000	14.340344
207	208	3.784531	0.143403	0.000000	14.340344
208	209	4.378543	0.143403	0.000000	14.340344
208	210	4.391572	0.143403	0.000000	14.340344
210	211	3.715998	0.143403	0.000000	14.340344
211	212	4.973295	0.143403	0.000000	14.340344
211	213	3.633476	0.143403	0.000000	14.340344
213	214	3.766250	0.143403	0.000000	14.340344
214	215	4.973457	0.143403	0.000000	14.340344
214	216	3.735488	0.143403	0.000000	14.340344
216	217	3.739705	0.143403	0.000000	14.340344
217	218	4.863561	0.143403	0.000000	14.340344
217	219	3.686147	0.143403	0.000000	14.340344
219	220	3.744476	0.143403	0.000000	14.340344
220	221	4.863632	0.143403	0.000000	14.340344
220	222	3.287452	0.143403	0.000000	14.340344
222	223	3.729182	0.143403	0.000000	14.340344
223	224	4.378924	0.143403	0.000000	14.340344
223	225	3.706880	0.143403	0.000000	14.340344
225	226	3.709886	0.143403	0.000000	14.340344
226	227	4.299644	0.143403	0.000000	14.340344
226	228	3.538365	0.143403	0.000000	14.340344
228	229	3.785763	0.143403	0.000000	14.340344
229	230	4.299661	0.143403	0.000000	14.340344
229	231	4.385670	0.143403	0.000000	14.340344
231	232	3.753588	0.143403	0.000000	14.340344
232	233	4.863927	0.143403	0.000000	14.340344
232	234	3.836237	0.143403	0.000000	14.340344
234	235	3.724957	0.143403	0.000000	14.340344
235	236	4.973250	0.143403	0.000000	14.340344
235	237	3.256394	0.143403	0.000000	14.340344
237	238	3.699790	0.143403	0.000000	14.340344
238	239	4.299936	0.143403	0.000000	14.340344
238	240	3.998606	0.143403	0.000000	14.340344
240	241	3.784454	0.143403	0.000000	14.340344
241	242	4.378958	0.143403	0.000000	14.340344
241	243	4.391227	0.143403	0.000000	14.340344
243	244	3.716072	0.143403	0.000000	14.340344
244	245	4.973464	0.143403	0.000000	14.340344
244	246	3.735655	0.143403	0.000000	14.340344
246	247	3.739838	0.143403	0.000000	14.340344
247	248	4.863499	0.143403	0.000000	14.340344
247	249	3.685909	0.143403	0.000000	14.340344
249	250	3.744307	0.143403	0.000000	14.340344
250	251	4.863526	0.143403	0.000000	14.340344
250	252	3.018612	0.143403	0.000000	14.340344
252	253	3.704397	0.143403	0.000000	14.340344
253	254	4.299685	0.143403	0.000000	14.340344
253	255	4.385743	0.143403	0.000000	14.340344
255	256	3.753323	0.143403	0.000000	14.340344
256	257	4.863443	0.143403	0.000000	14.340344
256	258	3.287442	0.143403	0.000000	14.340344
258	259	3.728837	0.143403	0.000000	14.340344
259	260	4.378890	0.143403	0.000000	14.340344
259	261	4.391069	0.143403	0.000000	14.340344
261	262	3.716475	0.143403	0.000000	14.340344
262	263	4.973372	0.143403	0.000000	14.340344
262	264	3.255918	0.143403	0.000000	14.340344
264	265	3.699869	0.143403	0.000000	14.340344
265	266	4.299608	0.143403	0.000000	14.340344
265	267	3.538373	0.143403	0.000000	14.340344
267	268	3.785886	0.143403	0.000000	14.340344
268	269	4.299788	0.143403	0.000000	14.340344
268	270	3.998547	0.143403	0.000000	14.340344
270	271	3.784398	0.143403	0.000000	14.340344
271	272	4.378614	0.143403	0.000000	14.340344
271	273	3.870602	0.143403	0.000000	14.340344
273	274	3.758851	0.143403	0.000000	14.340344
274	275	4.378466	0.143403	0.000000	14.340344
274	276	3.870581	0.143403	0.000000	14.340344
276	277	3.759175	0.143403	0.000000	14.340344
277	278	4.378860	0.143403	0.000000	14.340344
277	279	3.870375	0.143403	0.000000	14.340344
279	280	3.758561	0.143403	0.000000	14.340344
280	281	4.378696	0.143403	0.000000	14.340344
280	282	4.391501	0.143403	0.000000	14.340344
282	283	3.715919	0.143403	0.000000	14.340344
283	284	4.973445	0.143403	0.000000	14.340344
283	285	3.735861	0.143403	0.000000	14.340344
285	286	3.739589	0.143403	0.000000	14.340344
286	287	4.863747	0.143403	0.000000	14.340344
286	288	3.287534	0.143403	0.000000	14.340344
288	289	3.728914	0.143403	0.000000	14.340344
289	290	4.379111	0.143403	0.000000	14.340344
289	291	4.391368	0.143403	0.000000	14.340344
291	292	3.716104	0.143403	0.000000	14.340344
292	293	4.973478	0.143403	0.000000	14.340344
292	294	3.633280	0.143403	0.000000	14.340344
294	295	3.766028	0.143403	0.000000	14.340344
295	296	4.973497	0.143403	0.000000	14.340344
295	297	3.735694	0.143403	0.000000	14.340344
297	298	3.739997	0.143403	0.000000	14.340344
298	299	4.863647	0.143403	0.000000	14.340344
298	300	3.836039	0.143403	0.000000	14.340344
300	301	3.724971	0.143403	0.000000	14.340344
301	302	4.973404	0.143403	0.000000	14.340344
301	303	3.256160	0.143403	0.000000	14.340344
303	304	3.699705	0.143403	0.000000	14.340344
304	305	4.299833	0.143403	0.000000	14.340344
304	306	4.385727	0.143403	0.000000	14.340344
306	307	3.753395	0.143403	0.000000	14.340344
307	308	4.863991	0.143403	0.000000	14.340344
307	309	3.835936	0.143403	0.000000	14.340344
309	310	3.724776	0.143403	0.000000	14.340344
310	311	4.973693	0.143403	0.000000	14.340344
310	312	3.284902	0.143403	0.000000	14.340344
312	313	3.759995	0.143403	0.000000	14.340344
313	314	4.378873	0.143403	0.000000	14.340344
313	315	3.870439	0.143403	0.000000	14.340344
315	316	3.758962	0.143403	0.000000	14.340344
316	317	4.378808	0.143403	0.000000	14.340344
316	318	3.870529	0.143403	0.000000	14.340344
318	319	3.759184	0.143403	0.000000	14.340344
319	320	4.378703	0.143403	0.000000	14.340344
319	321	3.706934	0.143403	0.000000	14.340344
321	322	3.710257	0.143403	0.000000	14.340344
322	323	4.299795	0.143403	0.000000	14.340344
322	324	3.538209	0.143403	0.000000	14.340344
324	325	3.785795	0.143403	0.000000	14.340344
325	326	4.299766	0.143403	0.000000	14.340344
325	327	4.385345	0.143403	0.000000	14.340344
327	328	3.753615	0.143403	0.000000	14.340344
328	329	4.863852	0.143403	0.000000	14.340344
328	330	3.685770	0.143403	0.000000	14.340344
330	331	3.744675	0.143403	0.000000	14.340344
331	332	4.863684	0.143403	0.000000	14.340344
331	333	3.685643	0.143403	0.000000	14.340344
333	334	3.744392	0.143403	0.000000	14.340344
334	335	4.863890	0.143403	0.000000	14.340344
334	336	3.287300	0.143403	0.000000	14.340344
336	337	3.728923	0.143403	0.000000	14.340344
337	338	4.379125	0.143403	0.000000	14.340344
337	339	4.191404	0.143403	0.000000	14.340344
339	340	3.751564	0.143403	0.000000	14.340344
340	341	4.863514	0.143403	0.000000	14.340344
340	342	3.018673	0.143403	0.000000	14.340344
342	343	3.703950	0.143403	0.000000	14.340344
343	344	4.299862	0.143403	0.000000	14.340344
343	345	4.385264	0.143403	0.000000	14.340344
345	346	3.753393	0.143403	0.000000	14.340344
346	347	4.863791	0.143403	0.000000	14.340344
346	348	3.018521	0.143403	0.000000	14.340344
348	349	3.704018	0.143403	0.000000	14.340344
349	350	4.299828	0.143403	0.000000	14.340344
349	351	3.998988	0.143403	0.000000	14.340344
351	352	3.784409	0.143403	0.000000	14.340344
352	353	4.378866	0.143403	0.000000	14.340344
352	354	3.870554	0.143403	0.000000	14.340344
354	355	3.759141	0.143403	0.000000	14.340344
355	356	4.379022	0.143403	0.000000	14.340344
355	357	3.870071	0.143403	0.000000	14.340344
357	358	3.759342	0.143403	0.000000	14.340344
358	359	4.378542	0.143403	0.000000	14.340344
358	360	3.870571	0.143403	0.000000	14.340344
360	361	3.759233	0.143403	0.000000	14.340344
361	362	4.378562	0.143403	0.000000	14.340344
361	363	4.391437	0.143403	0.000000	14.340344
363	364	3.716365	0.143403	0.000000	14.340344
364	365	4.973381	0.143403	0.000000	14.340344
364	366	3.633685	0.143403	0.000000	14.340344
366	367	3.766579	0.143403	0.000000	14.340344
367	368	4.973623	0.143403	0.000000	14.340344
367	369	3.285189	0.143403	0.000000	14.340344
369	370	3.759801	0.143403	0.000000	14.340344
370	371	4.378874	0.143403	0.000000	14.340344
370	372	4.191166	0.143403	0.000000	14.340344
372	373	3.751559	0.143403	0.000000	14.340344
373	374	4.863900	0.143403	0.000000	14.340344
373	375	3.835952	0.143403	0.000000	14.340344
375	376	3.724629	0.143403	0.000000	14.340344
376	377	4.973299	0.143403	0.000000	14.340344
376	378	3.285359	0.143403	0.000000	14.340344
378	379	3.759851	0.143403	0.000000	14.340344
379	380	4.378834	0.143403	0.000000	14.340344
379	381	4.191226	0.143403	0.000000	14.340344
381	382	3.751471	0.143403	0.000000	14.340344
382	383	4.863552	0.143403	0.000000	14.340344
382	384	3.287317	0.143403	0.000000	14.340344
384	385	3.728960	0.143403	0.000000	14.340344
385	386	4.378894	0.143403	0.000000	14.340344
385	387	3.707163	0.143403	0.000000	14.340344
387	388	3.710539	0.143403	0.000000	14.340344
388	389	4.299620	0.143403	0.000000	14.340344
388	390	3.998628	0.143403	0.000000	14.340344
390	391	3.784164	0.143403	0.000000	14.340344
391	392	4.378801	0.143403	0.000000	14.340344
391	393	4.391470	0.143403	0.000000	14.340344
393	394	3.716314	0.143403	0.000000	14.340344
394	395	4.973352	0.143403	0.000000	14.340344
394	396	3.256415	0.143403	0.000000	14.340344
396	397	3.699473	0.143403	0.000000	14.340344
397	398	4.300002	0.143403	0.000000	14.340344
397	399	4.385746	0.143403	0.000000	14.340344
399	400	3.753307	0.143403	0.000000	14.340344
400	401	4.863776	0.143403	0.000000	14.340344
400	402	3.835691	0.143403	0.000000	14.340344
402	403	3.725063	0.143403	0.000000	14.340344
403	404	4.973551	0.143403	0.000000	14.340344
403	405	3.633418	0.143403	0.000000	14.340344
405	406	3.766010	0.143403	0.000000	14.340344
406	407	4.973138	0.143403	0.000000	14.340344
406	408	3.285184	0.143403	0.000000	14.340344
408	409	3.759820	0.143403	0.000000	14.340344
409	410	4.378689	0.143403	0.000000	14.340344
409	411	4.391400	0.143403	0.000000	14.340344
411	412	3.716406	0.143403	0.000000	14.340344
412	413	4.973223	0.143403	0.000000	14.340344
412	414	3.633364	0.143403	0.000000	14.340344
414	415	3.766242	0.143403	0.000000	14.340344
415	416	4.973445	0.143403	0.000000	14.340344
415	417	3.735648	0.143403	0.000000	14.340344
417	418	3.739772	0.143403	0.000000	14.340344
418	419	4.863656	0.143403	0.000000	14.340344
418	420	3.287513	0.143403	0.000000	14.340344
420	421	3.728558	0.143403	0.000000	14.340344
421	422	4.378737	0.143403	0.000000	14.340344
421	423	4.191379	0.143403	0.000000	14.340344
423	424	3.751746	0.143403	0.000000	14.340344
424	425	4.863880	0.143403	0.000000	14.340344
424	426	3.287451	0.143403	0.000000	14.340344
426	427	3.728912	0.143403	0.000000	14.340344
427	428	4.378697	0.143403	0.000000	14.340344
427	429	3.870522	0.143403	0.000000	14.340344
429	430	3.759209	0.143403	0.000000	14.340344
430	431	4.379071	0.143403	0.000000	14.340344
430	432	4.391457	0.143403	0.000000	14.340344
432	433	3.716446	0.143403	0.000000	14.340344
433	434	4.973379	0.143403	0.000000	14.340344
433	435	3.735397	0.143403	0.000000	14.340344
435	436	3.739816	0.143403	0.000000	14.340344
436	437	4.863776	0.143403	0.000000	14.340344
436	438	3.287202	0.143403	0.000000	14.340344
438	439	3.729287	0.143403	0.000000	14.340344
439	440	4.378649	0.143403	0.000000	14.340344
441	442	4.863392	0.143403	0.000000	14.340344
441	443	3.287352	0.143403	0.000000	14.340344
443	444	3.729041	0.143403	0.000000	14.340344
444	445	4.378770	0.143403	0.000000	14.340344
444	446	3.706958	0.143403	0.000000	14.340344
446	447	3.710306	0.143403	0.000000	14.340344
447	448	4.299927	0.143403	0.000000	14.340344
447	449	4.385634	0.143403	0.000000	14.340344
449	450	3.753281	0.143403	0.000000	14.340344
450	451	4.863877	0.143403	0.000000	14.340344
450	452	3.689651	0.143403	0.000000	14.340344
452	453	3.744701	0.143403	0.000000	14.340344
453	454	4.863435	0.143403	0.000000	14.340344
453	455	3.287393	0.143403	0.000000	14.340344
455	456	3.728786	0.143403	0.000000	14.340344
456	457	4.378826	0.143403	0.000000	14.340344
456	458	4.191228	0.143403	0.000000	14.340344
458	459	3.751614	0.143403	0.000000	14.340344
459	460	4.863628	0.143403	0.000000	14.340344
459	461	3.287252	0.143403	0.000000	14.340344
461	462	3.729290	0.143403	0.000000	14.340344
462	463	4.378580	0.143403	0.000000	14.340344
462	464	3.707054	0.143403	0.000000	14.340344
464	465	3.710236	0.143403	0.000000	14.340344
465	466	4.299840	0.143403	0.000000	14.340344
465	467	3.538184	0.143403	0.000000	14.340344
467	468	3.785709	0.143403	0.000000	14.340344
468	469	4.299748	0.143403	0.000000	14.340344
468	470	4.385564	0.143403	0.000000	14.340344
470	471	3.753287	0.143403	0.000000	14.340344
471	472	4.863652	0.143403	0.000000	14.340344
471	473	3.018583	0.143403	0.000000	14.340344
473	474	3.704317	0.143403	0.000000	14.340344
474	475	4.299411	0.143403	0.000000	14.340344
474	476	3.538081	0.143403	0.000000	14.340344
476	477	3.785902	0.143403	0.000000	14.340344
477	478	4.299564	0.143403	0.000000	14.340344
477	479	3.998812	0.143403	0.000000	14.340344
479	480	3.784307	0.143403	0.000000	14.340344
480	481	4.378908	0.143403	0.000000	14.340344
480	482	4.391170	0.143403	0.000000	14.340344
482	483	3.716108	0.143403	0.000000	14.340344
483	484	4.973303	0.143403	0.000000	14.340344
483	485	3.256324	0.143403	0.000000	14.340344
485	486	3.699685	0.143403	0.000000	14.340344
486	487	4.299597	0.143403	0.000000	14.340344
486	488	4.385675	0.143403	0.000000	14.340344
488	489	3.753419	0.143403	0.000000	14.340344
489	490	4.863560	0.143403	0.000000	14.340344
489	491	3.835835	0.143403	0.000000	14.340344
491	492	3.724597	0.143403	0.000000	14.340344
492	493	4.973450	0.143403	0.000000	14.340344
492	494	3.735748	0.143403	0.000000	14.340344
494	495	3.739817	0.143403	0.000000	14.340344
495	496	4.863677	0.143403	0.000000	14.340344
495	497	3.287498	0.143403	0.000000	14.340344
497	498	3.728783	0.143403	0.000000	14.340344
498	499	4.378896	0.143403	0.000000	14.340344
498	500	4.191285	0.143403	0.000000	14.340344
500	501	3.751660	0.143403	0.000000	14.340344
501	502	4.863820	0.143403	0.000000	14.340344
501	503	3.018467	0.143403	0.000000	14.340344
503	504	3.704032	0.143403	0.000000	14.340344
504	505	4.299812	0.143403	0.000000	14.340344
504	506	3.998386	0.143403	0.000000	14.340344
506	507	3.784468	0.143403	0.000000	14.340344
507	508	4.378676	0.143403	0.000000	14.340344
507	509	4.191486	0.143403	0.000000	14.340344
509	510	3.751741	0.143403	0.000000	14.340344
510	511	4.863603	0.143403	0.000000	14.340344
510	512	3.018631	0.143403	0.000000	14.340344
512	513	3.703863	0.143403	0.000000	14.340344
513	514	4.299711	0.143403	0.000000	14.340344
513	515	3.538179	0.143403	0.000000	14.340344
515	516	3.785805	0.143403	0.000000	14.340344
516	517	4.299836	0.143403	0.000000	14.340344
516	518	4.385671	0.143403	0.000000	14.340344
518	519	3.753383	0.143403	0.000000	14.340344
519	520	4.863729	0.143403	0.000000	14.340344
519	521	3.689677	0.143403	0.000000	14.340344
521	522	3.744881	0.143403	0.000000	14.340344
522	523	4.863740	0.143403	0.000000	14.340344
522	524	3.689777	0.143403	0.000000	14.340344
524	525	3.744662	0.143403	0.000000	14.340344
525	526	4.863900	0.143403	0.000000	14.340344
525	527	3.689792	0.143403	0.000000	14.340344
527	528	3.744842	0.143403	0.000000	14.340344
528	529	4.863610	0.143403	0.000000	14.340344
528	530	3.836075	0.143403	0.000000	14.340344
530	531	3.724767	0.143403	0.000000	14.340344
531	532	4.973457	0.143403	0.000000	14.340344
531	533	3.285229	0.143403	0.000000	14.340344
533	534	3.760100	0.143403	0.000000	14.340344
534	535	4.378779	0.143403	0.000000	14.340344
534	536	4.391199	0.143403	0.000000	14.340344
536	537	3.716448	0.143403	0.000000	14.340344
537	538	4.973152	0.143403	0.000000	14.340344
537	539	3.285237	0.143403	0.000000	14.340344
539	540	3.760050	0.143403	0.000000	14.340344
540	541	4.378806	0.143403	0.000000	14.340344
540	542	4.191382	0.143403	0.000000	14.340344
542	543	3.751847	0.143403	0.000000	14.340344
543	544	4.863693	0.143403	0.000000	14.340344
543	545	3.287227	0.143403	0.000000	14.340344
545	546	3.728981	0.143403	0.000000	14.340344
546	547	4.378881	0.143403	0.000000	14.340344
546	548	3.866073	0.143403	0.000000	14.340344
548	549	3.758276	0.143403	0.000000	14.340344
549	550	4.378831	0.143403	0.000000	14.340344
549	551	3.866086	0.143403	0.000000	14.340344
551	552	3.758341	0.143403	0.000000	14.340344
552	553	4.378830	0.143403	0.000000	14.340344
552	554	4.391260	0.143403	0.000000	14.340344
554	555	3.716344	0.143403	0.000000	14.340344
555	556	4.973725	0.143403	0.000000	14.340344
555	557	3.633549	0.143403	0.000000	14.340344
557	558	3.766368	0.143403	0.000000	14.340344
558	559	4.973272	0.143403	0.000000	14.340344
558	560	3.735567	0.143403	0.000000	14.340344
560	561	3.739644	0.143403	0.000000	14.340344
561	562	4.863540	0.143403	0.000000	14.340344
561	563	3.689689	0.143403	0.000000	14.340344
563	564	3.744960	0.143403	0.000000	14.340344
564	565	4.863789	0.143403	0.000000	14.340344
564	566	3.689510	0.143403	0.000000	14.340344
566	567	3.745075	0.143403	0.000000	14.340344
567	568	4.863928	0.143403	0.000000	14.340344
567	569	3.018511	0.143403	0.000000	14.340344
569	570	3.703860	0.143403	0.000000	14.340344
570	571	4.299333	0.143403	0.000000	14.340344
570	572	3.998821	0.143403	0.000000	14.340344
572	573	3.784220	0.143403	0.000000	14.340344
573	574	4.378604	0.143403	0.000000	14.340344
573	575	4.391622	0.143403	0.000000	14.340344
575	576	3.716550	0.143403	0.000000	14.340344
576	577	4.973553	0.143403	0.000000	14.340344
576	578	3.256135	0.143403	0.000000	14.340344
578	579	3.699777	0.143403	0.000000	14.340344
579	580	4.299842	0.143403	0.000000	14.340344
579	581	3.998481	0.143403	0.000000	14.340344
581	582	3.784300	0.143403	0.000000	14.340344
582	583	4.378691	0.143403	0.000000	14.340344
582	584	3.707019	0.143403	0.000000	14.340344
584	585	3.710410	0.143403	0.000000	14.340344
585	586	4.299746	0.143403	0.000000	14.340344
585	587	3.538359	0.143403	0.000000	14.340344
587	588	3.785365	0.143403	0.000000	14.340344
588	589	4.299779	0.143403	0.000000	14.340344
588	590	4.385635	0.143403	0.000000	14.340344
590	591	3.753235	0.143403	0.000000	14.340344
591	592	4.863898	0.143403	0.000000	14.340344
591	593	3.287263	0.143403	0.000000	14.340344
593	594	3.728513	0.143403	0.000000	14.340344
594	595	4.378894	0.143403	0.000000	14.340344
594	596	3.706981	0.143403	0.000000	14.340344
596	597	3.710120	0.143403	0.000000	14.340344
597	598	4.299729	0.143403	0.000000	14.340344
597	599	4.385493	0.143403	0.000000	14.340344
599	600	3.753470	0.143403	0.000000	14.340344
600	601	4.863917	0.143403	0.000000	14.340344
600	602	3.689553	0.143403	0.000000	14.340344
602	603	3.745091	0.143403	0.000000	14.340344
603	604	4.863530	0.143403	0.000000	14.340344
603	605	3.689561	0.143403	0.000000	14.340344
605	606	3.745276	0.143403	0.000000	14.340344
606	607	4.863535	0.143403	0.000000	14.340344
606	608	3.689880	0.143403	0.000000	14.340344
608	609	3.744801	0.143403	0.000000	14.340344
609	610	4.863993	0.143403	0.000000	14.340344
609	611	3.835749	0.143403	0.000000	14.340344
611	612	3.724607	0.143403	0.000000	14.340344
612	613	4.973521	0.143403	0.000000	14.340344
612	614	3.633556	0.143403	0.000000	14.340344
614	615	3.766351	0.143403	0.000000	14.340344
615	616	4.973509	0.143403	0.000000	14.340344
615	617	3.256295	0.143403	0.000000	14.340344
617	618	3.699506	0.143403	0.000000	14.340344
618	619	4.299901	0.143403	0.000000	14.340344
618	620	4.385679	0.143403	0.000000	14.340344
620	621	3.753363	0.143403	0.000000	14.340344
621	622	4.863791	0.143403	0.000000	14.340344
621	623	3.287060	0.143403	0.000000	14.340344
623	624	3.729117	0.143403	0.000000	14.340344
624	625	4.378854	0.143403	0.000000	14.340344
624	626	4.391423	0.143403	0.000000	14.340344
626	627	3.716076	0.143403	0.000000	14.340344
627	628	4.973505	0.143403	0.000000	14.340344
627	629	3.285356	0.143403	0.000000	14.340344
629	630	3.760088	0.143403	0.000000	14.340344
630	631	4.378844	0.143403	0.000000	14.340344
630	632	3.866103	0.143403	0.000000	14.340344
632	633	3.758577	0.143403	0.000000	14.340344
633	634	4.378495	0.143403	0.000000	14.340344
633	635	3.706951	0.143403	0.000000	14.340344
635	636	3.710412	0.143403	0.000000	14.340344
636	637	4.299622	0.143403	0.000000	14.340344
636	638	4.385436	0.143403	0.000000	14.340344
638	639	3.753545	0.143403	0.000000	14.340344
639	640	4.863776	0.143403	0.000000	14.340344
639	641	3.835942	0.143403	0.000000	14.340344
641	642	3.724667	0.143403	0.000000	14.340344
642	643	4.973522	0.143403	0.000000	14.340344
642	644	3.256331	0.143403	0.000000	14.340344
644	645	3.699716	0.143403	0.000000	14.340344
645	646	4.300021	0.143403	0.000000	14.340344
645	647	3.998422	0.143403	0.000000	14.340344
647	648	3.784224	0.143403	0.000000	14.340344
648	649	4.378633	0.143403	0.000000	14.340344
648	650	4.391404	0.143403	0.000000	14.340344
650	651	3.716168	0.143403	0.000000	14.340344
651	652	4.973484	0.143403	0.000000	14.340344
651	653	3.633249	0.143403	0.000000	14.340344
653	654	3.766525	0.143403	0.000000	14.340344
654	655	4.973227	0.143403	0.000000	14.340344
654	656	3.735401	0.143403	0.000000	14.340344
656	657	3.739569	0.143403	0.000000	14.340344
657	658	4.863781	0.143403	0.000000	14.340344
657	659	3.287382	0.143403	0.000000	14.340344
659	660	3.728959	0.143403	0.000000	14.340344
660	661	4.378506	0.143403	0.000000	14.340344
660	662	3.865776	0.143403	0.000000	14.340344
662	663	3.758574	0.143403	0.000000	14.340344
663	664	4.378608	0.143403	0.000000	14.340344
663	665	3.706925	0.143403	0.000000	14.340344
665	666	3.710311	0.143403	0.000000	14.340344
666	667	4.300010	0.143403	0.000000	14.340344
666	668	3.538085	0.143403	0.000000	14.340344
668	669	3.785896	0.143403	0.000000	14.340344
669	670	4.299780	0.143403	0.000000	14.340344
669	671	4.385508	0.143403	0.000000	14.340344
671	672	3.753229	0.143403	0.000000	14.340344
672	673	4.863753	0.143403	0.000000	14.340344
672	674	3.836172	0.143403	0.000000	14.340344
674	675	3.724553	0.143403	0.000000	14.340344
675	676	4.973460	0.143403	0.000000	14.340344
675	677	3.256494	0.143403	0.000000	14.340344
677	678	3.700069	0.143403	0.000000	14.340344
678	679	4.299728	0.143403	0.000000	14.340344
678	680	3.998362	0.143403	0.000000	14.340344
680	681	3.784690	0.143403	0.000000	14.340344
681	682	4.378542	0.143403	0.000000	14.340344
681	683	4.391521	0.143403	0.000000	14.340344
683	684	3.716009	0.143403	0.000000	14.340344
684	685	4.973598	0.143403	0.000000	14.340344
684	686	3.735678	0.143403	0.000000	14.340344
686	687	3.739659	0.143403	0.000000	14.340344
687	688	4.863789	0.143403	0.000000	14.340344
687	689	3.690218	0.143403	0.000000	14.340344
689	690	3.744719	0.143403	0.000000	14.340344
690	691	4.863627	0.143403	0.000000	14.340344
690	692	3.018169	0.143403	0.000000	14.340344
692	693	3.704190	0.143403	0.000000	14.340344
693	694	4.299924	0.143403	0.000000	14.340344
693	695	4.385426	0.143403	0.000000	14.340344
695	696	3.753288	0.143403	0.000000	14.340344
696	697	4.863766	0.143403	0.000000	14.340344
696	698	3.287098	0.143403	0.000000	14.340344
698	699	3.729063	0.143403	0.000000	14.340344
699	700	4.378956	0.143403	0.000000	14.340344
699	701	4.391574	0.143403	0.000000	14.340344
701	702	3.716137	0.143403	0.000000	14.340344
702	703	4.973058	0.143403	0.000000	14.340344
702	704	3.256572	0.143403	0.000000	14.340344
704	705	3.699870	0.143403	0.000000	14.340344
705	706	4.299970	0.143403	0.000000	14.340344
705	707	3.538228	0.143403	0.000000	14.340344
707	708	3.785439	0.143403	0.000000	14.340344
708	709	4.299745	0.143403	0.000000	14.340344
708	710	3.998636	0.143403	0.000000	14.340344
710	711	3.784732	0.143403	0.000000	14.340344
711	712	4.378993	0.143403	0.000000	14.340344
711	713	3.865944	0.143403	0.000000	14.340344
713	714	3.758182	0.143403	0.000000	14.340344
714	715	4.379075	0.143403	0.000000	14.340344
714	716	3.865881	0.143403	0.000000	14.340344
716	717	3.758633	0.143403	0.000000	14.340344
717	718	4.378640	0.143403	0.000000	14.340344
717	719	3.865970	0.143403	0.000000	14.340344
719	720	3.758572	0.143403	0.000000	14.340344
720	721	4.378957	0.143403	0.000000	14.340344
720	722	4.391654	0.143403	0.000000	14.340344
722	723	3.716240	0.143403	0.000000	14.340344
723	724	4.973584	0.143403	0.000000	14.340344
723	725	3.735546	0.143403	0.000000	14.340344
725	726	3.739532	0.143403	0.000000	14.340344
726	727	4.863731	0.143403	0.000000	14.340344
726	728	3.287386	0.143403	0.000000	14.340344
728	729	3.729121	0.143403	0.000000	14.340344
729	730	4.378975	0.143403	0.000000	14.340344
729	731	4.391372	0.143403	0.000000	14.340344
731	732	3.716191	0.143403	0.000000	14.340344
732	733	4.973325	0.143403	0.000000	14.340344
732	734	3.633588	0.143403	0.000000	14.340344
734	735	3.766006	0.143403	0.000000	14.340344
735	736	4.973341	0.143403	0.000000	14.340344
735	737	3.735926	0.143403	0.000000	14.340344
737	738	3.739572	0.143403	0.000000	14.340344
738	739	4.863755	0.143403	0.000000	14.340344
738	740	3.835942	0.143403	0.000000	14.340344
740	741	3.724823	0.143403	0.000000	14.340344
741	742	4.973529	0.143403	0.000000	14.340344
741	743	3.256060	0.143403	0.000000	14.340344
743	744	3.699523	0.143403	0.000000	14.340344
744	745	4.299735	0.143403	0.000000	14.340344
744	746	4.385861	0.143403	0.000000	14.340344
746	747	3.753131	0.143403	0.000000	14.340344
747	748	4.863598	0.143403	0.000000	14.340344
747	749	3.835836	0.143403	0.000000	14.340344
749	750	3.724715	0.143403	0.000000	14.340344
750	751	4.973571	0.143403	0.000000	14.340344
750	752	3.285001	0.143403	0.000000	14.340344
752	753	3.760103	0.143403	0.000000	14.340344
753	754	4.378859	0.143403	0.000000	14.340344
753	755	3.865892	0.143403	0.000000	14.340344
755	756	3.758051	0.143403	0.000000	14.340344
756	757	4.378817	0.143403	0.000000	14.340344
756	758	3.866072	0.143403	0.000000	14.340344
758	759	3.758290	0.143403	0.000000	14.340344
759	760	4.378940	0.143403	0.000000	14.340344
759	761	3.707125	0.143403	0.000000	14.340344
761	762	3.710109	0.143403	0.000000	14.340344
762	763	4.299643	0.143403	0.000000	14.340344
762	764	3.538280	0.143403	0.000000	14.340344
764	765	3.785480	0.143403	0.000000	14.340344
765	766	4.299720	0.143403	0.000000	14.340344
765	767	4.385703	0.143403	0.000000	14.340344
767	768	3.753676	0.143403	0.000000	14.340344
768	769	4.863261	0.143403	0.000000	14.340344
768	770	3.689828	0.143403	0.000000	14.340344
770	771	3.745138	0.143403	0.000000	14.340344
771	772	4.863532	0.143403	0.000000	14.340344
771	773	3.689647	0.143403	0.000000	14.340344
773	774	3.745169	0.143403	0.000000	14.340344
774	775	4.863888	0.143403	0.000000	14.340344
774	776	3.287163	0.143403	0.000000	14.340344
776	777	3.728965	0.143403	0.000000	14.340344
777	778	4.378950	0.143403	0.000000	14.340344
777	779	4.191446	0.143403	0.000000	14.340344
779	780	3.751207	0.143403	0.000000	14.340344
780	781	4.863723	0.143403	0.000000	14.340344
780	782	3.018478	0.143403	0.000000	14.340344
782	783	3.704122	0.143403	0.000000	14.340344
783	784	4.299509	0.143403	0.000000	14.340344
783	785	4.385834	0.143403	0.000000	14.340344
785	786	3.753633	0.143403	0.000000	14.340344
786	787	4.863624	0.143403	0.000000	14.340344
786	788	3.018266	0.143403	0.000000	14.340344
788	789	3.704042	0.143403	0.000000	14.340344
789	790	4.300036	0.143403	0.000000	14.340344
789	791	3.998729	0.143403	0.000000	14.340344
791	792	3.784214	0.143403	0.000000	14.340344
792	793	4.378824	0.143403	0.000000	14.340344
792	794	3.866095	0.143403	0.000000	14.340344
794	795	3.758499	0.143403	0.000000	14.340344
795	796	4.378871	0.143403	0.000000	14.340344
795	797	3.866178	0.143403	0.000000	14.340344
797	798	3.758736	0.143403	0.000000	14.340344
798	799	4.378755	0.143403	0.000000	14.340344
798	800	3.865805	0.143403	0.000000	14.340344
800	801	3.758575	0.143403	0.000000	14.340344
801	802	4.378846	0.143403	0.000000	14.340344
801	803	4.391384	0.143403	0.000000	14.340344
803	804	3.716306	0.143403	0.000000	14.340344
804	805	4.973543	0.143403	0.000000	14.340344
804	806	3.633481	0.143403	0.000000	14.340344
806	807	3.766250	0.143403	0.000000	14.340344
807	808	4.973569	0.143403	0.000000	14.340344
807	809	3.285142	0.143403	0.000000	14.340344
809	810	3.759649	0.143403	0.000000	14.340344
810	811	4.378756	0.143403	0.000000	14.340344
810	812	4.191605	0.143403	0.000000	14.340344
812	813	3.751615	0.143403	0.000000	14.340344
813	814	4.863615	0.143403	0.000000	14.340344
813	815	3.836088	0.143403	0.000000	14.340344
815	816	3.724932	0.143403	0.000000	14.340344
816	817	4.973506	0.143403	0.000000	14.340344
816	818	3.285050	0.143403	0.000000	14.340344
818	819	3.759732	0.143403	0.000000	14.340344
819	820	4.378739	0.143403	0.000000	14.340344
819	821	4.191596	0.143403	0.000000	14.340344
821	822	3.751598	0.143403	0.000000	14.340344
822	823	4.863893	0.143403	0.000000	14.340344
822	824	3.287143	0.143403	0.000000	14.340344
824	825	3.729167	0.143403	0.000000	14.340344
825	826	4.378607	0.143403	0.000000	14.340344
825	827	3.707231	0.143403	0.000000	14.340344
827	828	3.710196	0.143403	0.000000	14.340344
828	829	4.299963	0.143403	0.000000	14.340344
828	830	3.998744	0.143403	0.000000	14.340344
830	831	3.784416	0.143403	0.000000	14.340344
831	832	4.378822	0.143403	0.000000	14.340344
831	833	4.391378	0.143403	0.000000	14.340344
833	834	3.716293	0.143403	0.000000	14.340344
834	835	4.973416	0.143403	0.000000	14.340344
834	836	3.256429	0.143403	0.000000	14.340344
836	837	3.699836	0.143403	0.000000	14.340344
837	838	4.299673	0.143403	0.000000	14.340344
837	839	4.385583	0.143403	0.000000	14.340344
839	840	3.753287	0.143403	0.000000	14.340344
840	841	4.863689	0.143403	0.000000	14.340344
840	842	3.836288	0.143403	0.000000	14.340344
842	843	3.724747	0.143403	0.000000	14.340344
843	844	4.973493	0.143403	0.000000	14.340344
843	845	3.633514	0.143403	0.000000	14.340344
845	846	3.766580	0.143403	0.000000	14.340344
846	847	4.973246	0.143403	0.000000	14.340344
846	848	3.284913	0.143403	0.000000	14.340344
848	849	3.760087	0.143403	0.000000	14.340344
849	850	4.378670	0.143403	0.000000	14.340344
849	851	4.391249	0.143403	0.000000	14.340344
851	852	3.716502	0.143403	0.000000	14.340344
852	853	4.973414	0.143403	0.000000	14.340344
852	854	3.633027	0.143403	0.000000	14.340344
854	855	3.766425	0.143403	0.000000	14.340344
855	856	4.973617	0.143403	0.000000	14.340344
855	857	3.735623	0.143403	0.000000	14.340344
857	858	3.739684	0.143403	0.000000	14.340344
858	859	4.863799	0.143403	0.000000	14.340344
858	860	3.287210	0.143403	0.000000	14.340344
860	861	3.728863	0.143403	0.000000	14.340344
861	862	4.378817	0.143403	0.000000	14.340344
861	863	4.191464	0.143403	0.000000	14.340344
863	864	3.751380	0.143403	0.000000	14.340344
864	865	4.863836	0.143403	0.000000	14.340344
864	866	3.287165	0.143403	0.000000	14.340344
866	867	3.729036	0.143403	0.000000	14.340344
867	868	4.378891	0.143403	0.000000	14.340344
867	869	3.866094	0.143403	0.000000	14.340344
869	870	3.758472	0.143403	0.000000	14.340344
870	871	4.378694	0.143403	0.000000	14.340344
870	872	4.391452	0.143403	0.000000	14.340344
872	873	3.716435	0.143403	0.000000	14.340344
873	874	4.973424	0.143403	0.000000	14.340344
873	875	3.735423	0.143403	0.000000	14.340344
875	876	3.739663	0.143403	0.000000	14.340344
876	877	4.863735	0.143403	0.000000	14.340344
876	878	3.287485	0.143403	0.000000	14.340344
878	879	3.729037	0.143403	0.000000	14.340344
879	880	4.378795	0.143403	0.000000	14.340344
